27.19245,18.840836,17.585158,17.617606,17.565314,17.630523,17.638439,17.733752,17.683283,17.949117,17.544585,17.967346,17.274637,17.820262,17.524638,18.209793,17.880262,17.440888,17.515835,17.120106,17.165887,17.2162,17.184585,17.12646,17.232762,17.196773,17.178804,17.290366,17.208648,17.296304
15.025053,12.463438,12.375991,12.44922,12.426616,12.336199,12.420679,12.484272,12.488074,12.550418,12.386772,12.512397,12.356929,12.335835,12.200002,12.322397,12.358439,12.298178,12.244584,12.329532,12.280991,12.299949,12.088178,12.381459,12.302605,12.22547,12.169115,12.370314,12.34297,12.240939
23.665419,20.600158,20.242138,20.408023,20.188752,20.494377,20.244013,20.379117,20.336148,20.445887,20.308544,20.332241,20.37047,20.456929,20.417398,20.164741,20.250731,20.469794,20.257763,20.21172,20.294741,20.421044,20.378596,20.464585,20.327294,20.472137,20.22396,20.549481,20.214482,20.466148
20.8887,18.01896,17.756252,17.743804,18.002502,17.996668,18.220835,17.991408,18.050418,18.778492,18.512346,17.56646,17.714064,17.710158,17.670627,17.596095,17.432918,17.6737,17.919689,18.022658,17.842866,17.85495,17.8137,18.030731,17.768179,17.818127,17.95297,17.739741,17.791356,17.710054
16.374585,14.596564,14.432658,14.463022,14.357189,14.358751,14.387918,14.346929,14.476772,14.575418,14.439064,14.453491,14.599116,15.347345,14.95922,15.210835,15.089012,15.000314,14.918699,15.159637,15.009324,14.929377,13.79698,14.336147,14.459793,14.443908,14.56271,14.558752,14.40297,14.407866
14.246512,11.95146,11.902761,11.687084,11.77021,11.786095,11.856147,11.731824,11.857761,11.841147,11.859116,11.508491,11.724116,11.993804,12.002866,12.034481,12.083126,12.166043,11.813856,11.493907,11.539324,11.851929,12.090991,12.229897,11.991356,11.845522,11.813439,11.933074,11.795783,11.815522
21.132606,18.581564,18.371356,18.516773,18.373074,18.478231,18.484793,18.997449,18.826096,18.799949,19.013388,18.322502,18.521929,18.573388,18.797658,18.7287,18.458752,18.859898,18.903856,18.859324,18.741929,18.875419,18.876356,18.836044,19.128804,19.183752,19.037866,18.675418,18.556044,18.813335
22.00719,18.407606,18.27646,18.12297,18.154168,18.031981,18.412449,18.124533,18.210887,18.325574,18.377866,18.261095,18.508075,18.730158,18.461148,18.68672,18.445991,18.622606,18.318231,18.381877,18.162398,18.236668,18.537189,18.29047,18.387033,18.379793,18.311773,18.232033,18.157658,18.189637
16.041096,13.231199,13.102293,13.010002,13.074741,13.035313,13.037657,13.01948,12.63922,12.993752,13.154168,13.169324,13.018543,13.146928,13.182085,13.596459,13.666407,13.561148,13.255574,13.189063,13.284168,13.317501,13.407137,13.461147,13.463231,13.412709,13.271095,13.401043,13.42021,13.533908
16.229377,13.593282,13.527241,13.440157,13.474012,13.423178,13.503647,13.339429,12.880001,13.540209,13.75495,13.583283,13.564116,13.6262,13.578074,13.666043,13.697761,13.981095,13.727241,13.61698,13.7012,13.643126,13.552709,13.960886,14.143022,14.030053,13.907918,14.029428,14.152606,13.93521
24.133648,21.331305,21.344586,21.082606,21.030575,21.068961,21.017398,21.296929,21.090471,21.098961,21.146044,21.097971,21.325002,21.203909,21.443179,21.740836,22.073179,21.932346,22.08271,21.785419,21.666773,21.809637,21.908232,21.825419,21.526668,21.49396,21.386148,21.606877,21.02469,21.294742
27.297555,18.948023,18.563492,18.568804,18.257762,18.228908,18.66594,18.801148,18.602554,18.749377,18.776408,19.381304,18.960731,19.014638,19.271096,19.42771,19.329116,19.311044,19.505263,19.499116,19.521252,19.424533,19.672919,19.582814,19.072346,18.496668,19.080992,19.003908,18.433231,18.322919
19.402763,18.149012,18.26344,18.270939,18.176148,18.270575,18.145002,18.289377,18.234012,18.635315,18.524898,18.404949,18.823804,18.539534,18.595783,18.622033,18.32021,18.483075,18.401408,18.518909,18.41495,18.506616,18.461251,18.327658,18.341929,18.259325,18.333022,18.455262,18.470887,18.570731
19.995314,18.926513,18.828804,18.833283,18.871147,18.624585,18.833179,18.993491,18.857501,19.112866,19.076148,19.024325,19.15172,19.158283,19.291147,19.553595,19.102189,19.222606,19.581461,19.18896,19.52396,19.633492,19.511564,19.734793,19.886981,19.963075,19.935158,20.044638,19.8937,19.989846
23.163492,16.775678,16.519481,16.491877,16.629585,16.658856,15.905575,16.632814,16.675835,16.664846,17.122085,16.854117,16.694585,16.938075,17.322501,16.723648,16.761773,17.000366,16.945002,16.443908,16.773387,16.896095,16.742345,16.904221,16.994429,17.079064,17.340783,17.246252,17.246668,17.175626
23.740471,20.789482,20.595315,20.577086,20.518908,20.324377,20.286877,20.769898,20.820627,21.013909,20.974377,21.041357,20.868752,20.824377,20.920627,21.559429,21.705731,21.549742,21.714742,21.622867,21.812138,21.563335,21.733335,20.361356,20.959585,20.194741,20.554273,20.675002,20.729064,20.8437
27.155732,22.620888,22.680732,22.462815,22.651461,23.216825,23.669169,23.366982,22.544794,23.167137,22.261773,23.064012,22.917346,23.086252,22.951981,23.670211,23.949794,24.147503,23.717659,23.415836,23.700523,24.041617,22.09594,22.503753,23.627295,23.247033,22.345627,22.760211,22.669377,22.910887
20.296565,17.304429,17.122085,16.990522,17.193335,17.198491,17.085367,17.171512,17.272398,17.249481,17.438908,17.210939,17.18495,17.255419,17.21521,17.445887,17.119012,17.392085,17.257918,17.053126,17.512137,17.159065,17.085366,17.459272,17.292189,17.535314,17.545939,16.838491,17.15469,17.256564
23.401565,19.077606,19.013491,18.963961,18.989793,18.606772,19.267085,19.255575,19.072711,19.247814,19.430366,19.367397,19.892762,19.523804,19.114377,19.532814,19.763804,19.658075,19.652971,19.578647,19.334116,19.770887,19.717242,19.866877,19.914169,19.810315,19.834689,19.829117,19.491513,19.485992
20.690002,18.17719,18.131721,18.031252,17.979117,17.855419,17.54495,18.111304,18.330002,18.08219,18.285418,18.094689,18.192762,18.235887,18.235418,18.167502,18.144168,18.116356,18.083752,18.265522,18.364741,18.43396,18.224897,18.125419,17.871044,17.549794,18.298387,18.11594,18.202606,18.165939
20.438752,16.033856,15.943335,16.057345,15.841564,15.944168,15.653595,15.265314,15.747658,16.077189,16.236512,16.007709,16.158856,15.693283,16.082762,15.803804,15.780262,15.978908,16.255158,16.008804,15.988803,15.932293,16.082657,16.052866,16.050679,16.09021,16.125262,16.001356,16.113126,15.989845
24.44646,22.096305,22.070576,22.343909,22.004117,22.227085,21.886148,21.667971,22.404638,22.254169,22.468752,22.239846,22.218336,22.239846,22.067606,22.33844,22.387554,22.329012,22.289637,22.232971,22.130263,22.259482,22.296616,22.325732,22.448127,22.265419,22.125366,21.986981,22.057502,22.390524
24.75469,19.9662,19.913127,19.894012,19.945471,19.564638,20.560627,20.601877,20.691356,20.533388,19.539429,20.298336,20.255523,20.132189,20.073544,20.003648,19.986252,20.055835,20.103439,20.244742,19.990627,19.956044,20.327085,20.101929,20.135835,20.006877,19.997137,20.052606,19.997033,20.139689
20.205054,17.935419,17.782346,17.830627,17.900626,17.838647,17.701564,18.000419,17.883022,17.962397,18.16021,18.286564,17.933596,18.086044,17.893543,18.034377,18.29422,18.441929,18.415418,18.416356,18.270783,18.015679,17.885679,18.184116,17.955418,18.011877,18.009377,18.144117,18.031929,18.081043
18.490262,14.617657,14.477189,14.492501,14.38547,14.419428,14.277814,14.529846,15.102919,14.574064,15.191772,14.718075,15.03021,15.039376,15.122762,15.027658,14.488907,14.806408,14.481668,13.713699,14.552657,14.55146,14.64396,14.645001,14.50698,14.537084,14.548126,14.570262,14.498178,14.504428
21.227606,19.028179,18.850783,18.901824,18.963075,18.847294,19.281147,18.684221,19.050211,19.055419,19.105888,19.196304,19.130992,19.192398,19.323543,19.159169,19.304845,19.250783,19.365366,19.41245,20.0262,19.828908,19.522762,19.725106,19.304273,19.720315,18.627398,19.179064,19.280731,19.652815
22.824012,19.575367,19.541616,19.670575,19.574429,19.439429,18.916304,19.297658,19.585783,19.708387,19.607398,19.66271,19.749585,19.748335,20.066929,20.149429,19.984325,19.343387,19.655471,19.555992,19.694221,19.6787,20.074846,20.339741,19.965158,20.234429,19.792345,19.747763,19.820835,19.872711
21.888961,18.659533,18.55896,18.60745,18.544638,18.136876,18.642138,18.346564,18.780367,18.651095,19.033387,18.872085,19.688544,19.745679,19.31245,19.166356,18.979534,18.878856,19.120314,19.431825,18.475367,19.065783,19.156877,19.168335,19.326929,18.982033,19.012658,18.930575,19.137971,19.1712
16.676773,13.124689,12.850157,12.798335,12.879637,12.825418,12.918491,12.58797,13.163543,13.057866,12.962814,13.085157,12.979168,13.039532,13.111876,13.197293,12.869376,12.825001,12.92922,13.170314,13.01297,12.921772,12.987709,12.884324,12.858334,12.776772,12.860313,13.117345,12.931512,12.93573
23.237242,20.699898,20.561877,20.705784,20.500471,20.085888,20.791773,20.989377,20.726356,20.857085,20.900418,21.08495,20.980419,21.067138,21.001304,21.004377,21.008804,21.19047,20.757815,20.856877,20.888127,20.692554,20.707658,20.982971,20.946929,21.029065,20.779586,21.201773,21.403179,21.100106
18.835523,14.979012,14.884637,14.906668,14.894898,14.832918,14.808543,14.955835,15.02021,15.271512,15.30547,14.593491,14.466251,15.080626,15.12547,15.060679,15.033075,14.948283,15.238648,15.51745,15.028699,15.023282,15.000418,15.281356,15.162189,14.402709,15.136147,15.133543,15.101928,15.19547
16.30521,14.630939,14.273491,14.443335,14.467137,14.455054,14.345418,13.97396,14.003803,14.555262,14.586772,14.602501,14.691356,14.56995,14.461251,14.651928,14.572866,14.859168,14.218178,14.244064,14.511721,14.501199,14.411251,14.583126,14.519949,14.648803,14.413595,14.559637,14.739846,14.647345
22.307242,18.446564,18.068804,18.147085,18.179377,18.021772,18.39995,18.296669,18.275627,18.339117,18.274325,18.204012,18.12521,18.302137,18.267137,18.241668,18.219169,18.210836,17.478387,18.340002,18.121461,18.54047,18.292815,18.500887,18.224845,18.038387,18.384898,18.366721,18.405992,18.428543
85.635165,78.907612,80.585216,80.461205,79.506883,80.488602,79.539643,80.366831,79.109383,79.241675,79.420112,78.965998,79.131727,78.441102,78.723706,79.155164,78.373133,79.34256,79.788185,80.717769,81.211466,81.160581,78.721049,79.29282,78.910789,79.58433,79.219226,78.538914,79.885164,79.54506
92.560426,87.548863,91.235373,91.486624,87.3248,86.586519,86.159905,87.172509,87.604383,89.698186,90.511207,87.795061,87.100894,86.734644,87.103863,88.396259,89.010634,89.571572,88.739645,88.217821,88.656519,86.369488,86.815008,88.117248,90.426415,89.530894,87.150947,88.81678,85.910947,88.323811
67.565163,62.293444,64.527819,64.398236,64.368236,65.054538,66.784798,66.907506,66.836205,65.674851,64.996725,64.730527,63.878965,64.216985,64.945215,64.34308,64.313027,63.949225,64.47709,65.423809,65.909278,64.229069,64.243861,64.162767,65.046413,62.978861,64.162402,63.846413,63.897507,63.600059
94.13579,86.164071,86.799384,86.535373,86.931207,86.774019,86.599852,86.574956,86.814748,88.28954,87.214071,86.86204,85.321571,87.148863,88.267718,86.615842,87.827456,86.949852,86.440581,86.709384,86.000009,87.041467,88.142196,87.546676,89.799592,88.073186,90.799436,89.311363,87.472248,87.054644
56.189901,50.916203,50.572713,52.568911,53.843026,53.811776,50.511515,50.229276,50.926515,50.985526,51.212557,51.092922,50.636984,51.965578,52.113911,51.77563,51.256411,51.425058,51.517401,51.749223,51.862141,53.03162,50.185318,50.763338,51.585734,51.139068,51.246464,51.147141,51.262661,51.266881
86.277092,81.750789,82.757039,84.432195,83.623133,81.747821,83.970946,85.515633,84.876519,84.595113,85.554279,85.304071,85.245425,85.749383,85.873654,85.125269,85.705164,85.492508,85.039852,84.838342,85.159748,85.204175,83.77006,81.263237,82.208237,81.654175,81.639071,81.630477,81.987769,83.306414
80.315008,74.988706,75.85657,77.88131,78.122351,78.34532,78.43506,79.14006,77.8498,78.924279,79.181518,79.020685,78.901935,78.827873,76.004174,75.654695,75.425893,74.384799,75.341413,75.850945,75.365008,75.642612,75.855841,75.280789,75.36183,76.444695,76.121623,77.959539,76.409903,77.042091
67.485059,62.583183,64.811725,64.59136,64.274434,64.323704,63.161308,64.513809,65.951308,64.675736,63.57735,64.400215,65.13584,63.498028,64.121309,64.565787,64.024746,64.335736,64.308861,65.483705,65.817298,65.876257,64.769382,64.929798,66.196465,64.768028,62.509589,63.802038,64.256829,65.813028
96.214593,87.530947,88.250999,88.712665,89.885269,89.029696,90.064593,89.460738,90.528134,88.151259,86.920894,88.480633,89.008811,87.132092,87.977144,89.040582,89.269541,88.677301,89.424332,90.113863,89.51704,89.024227,88.155998,88.28204,88.232404,90.865686,87.975895,87.713551,89.433654,90.600894
86.895738,80.166466,80.781571,80.263289,79.999747,80.289592,80.135945,80.092508,81.093133,81.455321,80.40782,80.07381,81.082144,80.334644,80.525008,80.672872,80.206831,81.728133,80.695946,80.762352,81.055581,80.620945,83.658446,82.511102,82.977092,81.102664,80.05579,81.031153,82.165738,80.786727
94.67777,87.751571,89.269697,87.98355,87.467613,88.117613,88.897248,89.477561,90.72428,88.425529,90.224592,88.702092,87.854123,89.02006,88.259644,87.322977,87.964123,88.357144,89.766832,88.619748,88.3048,87.608863,87.736102,89.865998,88.986831,89.64954,88.722717,88.704697,89.137144,88.554279
73.481361,70.829486,72.997976,72.227768,71.386309,72.413913,72.615007,71.824955,70.706882,70.618028,71.509903,70.654173,71.85433,70.6211,71.435007,72.527403,73.13881,74.456414,74.95131,74.901518,74.645268,73.779486,72.205632,70.788497,71.136413,70.839434,72.659279,71.222559,71.280892,71.840684
44.401775,41.944328,41.317348,42.530264,42.317921,42.839276,42.746306,42.913754,43.052556,41.140369,42.611775,42.465889,42.114848,42.989848,42.399483,42.310161,42.513546,41.9449,41.282296,42.338442,42.428025,43.186671,43.516203,42.58964,43.070473,43.568026,43.129432,41.807191,42.564171,42.849067
74.981674,69.804747,71.736778,73.639174,73.553392,73.543497,72.822924,70.250007,70.091205,70.363601,70.294694,70.456726,71.043236,70.195111,70.347298,70.675423,70.624278,70.385528,68.921882,70.542924,71.780528,72.601309,69.603392,70.709798,70.522559,70.775111,69.670059,70.964434,72.059122,71.853236
85.793811,78.588445,80.680893,79.273237,79.99506,79.669747,79.774799,79.905581,80.343445,80.378498,81.481258,81.423811,84.647873,82.707196,82.055217,79.996935,80.101154,79.918758,79.826154,81.960998,83.803342,83.351154,83.081988,82.487613,80.319904,79.911935,79.41032,79.458029,79.406623,79.782924
66.553132,62.212454,64.13808,65.802194,64.600423,65.719278,64.913079,65.086621,65.489017,64.023184,62.033964,62.877403,62.973548,62.716464,62.540267,63.627767,62.94136,63.672975,63.328964,63.863861,63.53511,63.809954,63.558652,63.796986,64.190996,65.775162,66.014538,65.638131,65.030058,65.755632
61.987141,59.793183,60.004121,60.034849,60.137037,60.259173,60.434225,60.431152,61.053756,60.248078,60.94761,60.725891,61.257975,61.210215,62.618652,62.57511,62.933496,62.582559,61.986933,62.978183,62.598079,62.40834,62.471777,62.14511,63.11735,62.923548,62.815267,62.753236,62.776933,60.630214
70.867924,63.853027,65.670475,66.11834,66.513184,66.440476,65.602454,64.647767,64.608705,64.460735,64.309121,64.174278,63.958183,64.002975,64.23235,65.521829,65.360163,64.073287,65.156777,67.017871,67.305528,67.265007,65.052038,64.760423,64.434433,64.446829,64.520215,63.795944,64.816882,65.134381
91.670842,85.501779,86.525269,89.896936,89.02329,86.439019,86.987509,86.893706,86.019175,87.718759,88.011883,88.502926,86.259071,86.098707,86.197977,85.848655,85.757665,86.463863,85.73105,86.447769,86.517352,85.938966,86.840529,86.830686,89.094436,87.392926,90.328498,89.353602,89.14428,89.20902
71.815007,67.208132,68.945632,70.111621,70.18308,69.376048,68.833028,69.091361,68.953184,68.160579,68.795319,68.593913,68.73084,69.216465,69.748445,69.536361,70.948496,70.013184,69.643914,71.533809,68.45584,70.082039,70.831622,69.8961,69.233757,69.587299,69.921726,72.001935,71.707559,71.136987
63.038757,59.395892,60.577611,61.074537,60.718808,60.900006,61.065163,60.852402,61.536152,62.936361,61.770423,61.042037,61.026204,61.320111,60.914902,60.703651,61.259121,59.934902,60.729277,60.868391,61.532975,60.460475,61.379277,61.425423,61.483079,62.236725,59.349641,61.079017,62.115632,60.781725
92.271624,85.534331,87.217978,86.991519,88.195477,85.26355,86.174228,86.36204,86.56428,85.775269,88.579436,88.686206,87.33303,85.067717,85.340478,87.053446,90.134436,87.395477,87.470842,88.230113,86.480113,88.635999,87.019852,84.888863,85.672092,87.124227,88.218551,88.653551,86.321884,85.89756
103.980531,95.017353,95.540791,96.317874,95.818239,95.64454,96.030374,96.343134,97.355427,97.315218,95.947301,95.641311,95.914958,95.120061,95.948707,95.911572,95.880686,97.398551,97.53027,96.965582,97.992614,95.855739,96.916936,95.572145,95.046051,95.073968,94.260999,95.848552,95.242041,95.587978
50.215422,48.295161,48.013858,48.53214,48.384693,50.193339,50.318755,50.503338,50.073651,50.44313,48.442505,49.643912,49.818911,48.932349,48.266619,48.729953,49.10188,49.651776,49.187609,49.329484,48.701932,48.55938,50.264953,50.319171,50.804797,50.302297,50.275838,50.263546,50.283651,47.906724
53.488911,48.122297,47.623286,48.092348,48.416203,48.473234,48.137297,48.238287,48.132817,49.152922,49.90688,49.80662,49.559797,48.836359,47.934484,48.271515,48.53662,48.581984,48.107088,47.813754,47.933234,47.901932,48.312765,48.540369,48.537713,48.165265,48.41339,48.390369,48.112661,47.88865
88.2548,79.242664,79.700476,79.843602,81.046258,79.763863,81.401049,80.83381,80.928654,80.4698,79.892769,81.697508,80.979956,79.493237,81.650998,83.552039,83.910998,83.400894,82.544696,80.079122,79.849018,81.526259,84.851102,79.624747,80.742456,81.949852,80.726415,80.591258,79.109488,80.449175
86.11605,81.864799,81.245217,82.115581,84.281779,84.704592,84.329956,84.266362,84.985268,83.683706,85.075737,85.176466,85.599696,82.849123,81.861258,81.2098,81.301936,82.209904,81.776363,82.763654,83.169644,83.35506,82.428966,80.820477,80.199227,82.000529,82.082769,84.329383,85.910321,84.558706
87.119019,82.114799,83.432613,82.852561,82.081206,82.600008,82.442404,83.013393,82.642508,83.06355,82.699435,82.451206,82.705841,83.078498,83.797456,84.382977,82.746987,83.778706,83.502248,83.551831,83.624591,84.08355,85.332613,84.928498,85.217821,85.190738,84.228602,83.715269,83.563341,82.861935
48.437557,43.378129,43.208755,44.702348,43.924952,43.214119,43.746983,44.401098,44.670108,44.950109,44.185525,44.778078,42.850317,43.404692,43.267452,43.18865,44.065317,44.745734,44.381671,42.604327,43.122869,43.008807,43.305942,43.008182,43.21464,43.508962,43.413858,43.993703,43.422244,43.758911
95.511937,89.946884,91.054853,91.480061,91.51303,90.733498,90.528811,90.949489,91.64928,92.109801,93.814385,93.61079,92.52553,91.250946,92.495739,92.054228,92.830269,93.234697,91.050114,90.524436,90.672353,90.570895,91.774228,90.611676,91.267457,90.798915,89.910686,91.450113,94.034749,94.409436
74.277872,68.863497,70.212611,70.767664,69.348862,72.732039,70.621414,69.341465,70.555945,70.90959,70.915736,70.785892,71.321309,70.426101,70.821726,70.667246,70.34808,71.336517,71.128497,71.158601,69.934538,69.005475,69.658236,70.457195,71.261101,71.319799,69.574122,70.909643,69.233913,69.967351
74.495216,69.644591,70.686257,72.28131,72.876257,70.562195,70.05209,69.748132,70.585528,68.969538,70.376101,71.438653,72.213549,70.170424,69.316465,70.531414,71.322716,72.082715,72.586987,73.076882,72.89157,72.63131,73.433445,73.18407,72.429591,69.82183,71.05058,71.089018,70.459278,69.63084
73.497039,66.168027,69.00433,68.985996,70.800372,70.644121,69.165632,67.674486,67.447455,68.555163,68.618184,69.92183,69.599382,69.002559,67.438756,67.931308,67.815475,69.358913,70.22933,70.362715,67.31485,68.497715,68.311465,66.947715,68.151361,69.329122,70.535007,70.260267,69.66032,67.670475
73.278758,68.756569,69.656465,69.519225,69.47709,70.594173,69.947872,71.212611,71.576153,71.869122,71.366205,70.552716,69.670059,69.810944,69.751413,70.664278,70.250059,71.303133,71.48881,71.78032,69.047507,69.414538,71.005528,70.257976,69.337611,70.447507,69.750216,70.245996,70.702924,69.707299
82.864592,78.073914,78.997924,79.82855,78.290321,78.880841,79.615112,79.121882,78.909227,80.092092,80.91454,78.820268,80.587768,78.457143,78.761674,79.034435,78.582612,78.636206,78.91131,78.98157,78.898653,78.812039,79.918393,78.985164,79.269748,79.294278,81.075946,79.85907,80.297248,78.802925
87.679435,82.390789,83.598342,84.459748,83.623342,83.727352,84.01881,83.80053,84.475998,82.247456,83.14579,83.389435,85.210894,87.218134,86.628863,85.314279,83.483967,83.548707,83.489436,83.650165,83.965842,83.838654,83.92605,84.056675,85.966258,85.938758,85.822717,85.858863,85.369279,85.036623
88.212821,80.750685,81.217508,81.185373,82.639175,81.008289,81.551206,80.54131,82.033966,84.204436,80.859956,82.0623,80.944956,81.656414,82.561832,84.368185,82.034383,81.204852,82.312196,84.124904,84.409123,84.324487,83.345634,81.53881,82.167665,82.908238,84.033134,83.782353,80.7023,81.580894
77.021258,69.378757,70.77683,70.377716,71.82834,70.850632,72.810112,72.102976,72.221882,72.467298,70.816986,69.703393,70.076986,70.736517,70.189539,69.847976,69.80683,69.809694,70.010319,71.172351,71.187038,70.483861,70.24808,70.134591,69.475528,70.034851,69.992038,70.95032,70.840789,71.347924
89.412561,85.84355,86.766571,87.100113,87.287248,87.239644,86.71928,85.955581,86.190894,87.79829,89.44678,90.126259,90.061207,87.241155,86.571988,87.113707,87.490529,86.503446,86.036831,87.614696,87.530373,86.601259,88.219696,86.097457,86.215321,86.131206,85.806884,87.052561,89.026207,87.111207
70.518288,67.012142,68.231934,67.871778,68.378027,67.604434,68.491413,68.98933,68.113653,69.116205,71.050632,69.935684,67.944903,68.368913,67.640944,68.247507,67.449747,68.116725,68.957038,70.440528,69.875684,69.325164,68.265111,67.97308,67.359225,69.841674,70.364173,71.011309,68.953809,68.104329
97.548395,90.170321,89.816676,91.169645,93.831676,89.912248,89.93079,89.992301,90.383342,91.433395,92.109436,89.669748,92.121468,93.260426,93.248811,90.855999,88.830634,90.070998,88.882717,90.02454,92.754644,92.100374,91.865165,92.977614,90.779436,89.887144,89.774123,90.927509,89.935739,89.781102
92.137248,84.736154,85.975165,85.888081,85.347405,84.61704,85.801051,87.692509,87.89829,86.229227,87.531519,86.01881,85.674853,85.966415,86.735842,85.953133,86.174123,85.813914,85.563551,86.375008,85.984384,84.132821,86.089487,85.469696,86.353706,86.429384,85.305217,85.710321,86.845478,88.407248
94.055427,88.888551,89.171936,88.805842,90.126467,90.958343,91.402248,87.718499,86.542301,87.734019,87.808603,87.54454,90.086311,90.684957,90.933863,88.741675,87.582144,87.502249,88.660373,88.538551,88.199071,88.916884,88.370425,86.881206,86.931311,87.854384,86.911623,87.298446,87.264123,87.696467
56.606256,54.074484,53.267922,54.76136,54.520786,54.143704,54.293078,54.347609,54.989693,55.583756,55.183235,55.668443,55.528912,55.454797,55.610891,55.75985,55.446568,55.199537,54.547661,55.020006,55.690943,55.798599,54.876932,54.521776,54.379693,54.158703,54.497558,55.198756,54.695161,56.433651
77.131206,72.153236,73.180528,73.50756,73.396778,73.824851,72.710268,73.76308,73.352507,73.164591,73.594382,73.505216,73.106986,72.759643,72.761986,74.792038,75.819643,75.755633,73.339069,72.948862,72.624434,72.545216,73.493289,74.368705,74.432716,73.335632,74.859903,74.922925,75.078445,75.186518
104.627875,96.830583,98.695791,98.662458,101.299281,100.464125,98.37876,96.858707,98.5485,97.436364,98.01428,97.688759,100.220896,100.806521,101.352458,101.850271,98.088082,96.634645,96.762405,96.528603,97.049749,97.533916,100.919958,100.757771,100.027978,96.949125,99.921781,100.11152,100.029906,100.877926
93.649696,84.464435,85.531832,86.044331,87.09954,90.032145,88.921154,89.76928,85.398237,86.741258,87.760529,86.551363,85.900478,86.114644,86.942196,85.787821,88.151206,88.575738,89.247821,86.077092,85.625529,87.043811,88.380061,86.132821,85.947509,87.786311,88.052769,85.681207,85.78006,85.791936
79.145268,75.53959,76.759487,79.069748,79.108341,78.679643,77.763029,75.668446,76.58532,77.707404,76.2948,76.133549,76.420268,75.949434,75.899851,75.773966,76.40506,76.266987,75.86657,77.107351,78.378915,77.378341,76.776987,76.33308,76.642664,76.551258,75.807716,76.820997,77.813758,76.64683
61.762297,59.089642,59.293495,59.731725,60.556256,60.719902,60.853027,60.726673,60.329589,60.380475,60.662923,60.133027,60.401621,61.231621,63.255527,62.504172,63.056205,62.796152,62.904537,62.884173,63.14636,61.001516,59.869173,59.819485,60.009173,61.091829,59.834329,62.310371,61.624954,60.376256
92.419957,86.500113,87.025686,86.84454,87.45079,88.274592,90.230061,90.495113,90.074227,90.716884,91.502041,90.602666,86.689176,85.868759,87.735373,87.117978,88.827456,87.495113,87.736259,88.570425,90.413186,86.837092,86.826154,88.066258,88.104019,88.563967,87.253082,86.953707,86.311103,88.324332
71.678497,67.377715,67.927611,68.082142,69.244174,70.316465,71.454121,71.221934,68.975059,67.817715,68.265059,68.589173,69.096778,70.644069,71.045007,70.77782,71.394486,69.031934,70.502351,69.726882,67.335476,67.810632,68.235632,68.88459,70.343184,67.362038,67.846673,66.870579,68.763496,67.50584
105.951053,95.546104,96.525687,97.874281,99.030479,100.623864,100.0985,100.544281,100.682406,98.578186,96.335322,96.284593,95.686884,96.635374,96.010947,96.831104,100.239697,95.631311,96.840062,98.692249,99.339958,95.963238,97.341156,96.55876,96.833707,96.064958,97.406677,97.682927,99.021572,95.749749
66.226726,62.84537,63.460683,64.075579,64.448548,64.712506,66.341778,65.489017,64.361152,64.628756,63.397767,64.852767,65.519694,65.353496,65.238079,65.712246,64.575111,64.379434,64.527194,63.747246,63.845319,64.750267,64.682351,64.747871,65.521049,65.506413,65.281569,65.099902,64.872559,64.112819
102.951781,96.230374,97.107874,98.849333,97.157614,98.729697,100.203239,97.246885,97.265635,98.285426,97.68251,96.919749,98.845895,98.127457,96.704646,97.48751,99.842249,100.263656,97.405843,96.92678,97.985635,97.380687,96.530947,97.049593,96.636885,96.651051,99.948604,97.929281,96.613968,97.527093
55.383027,49.329224,49.591047,50.523911,50.165838,50.393078,50.476828,50.919901,49.954224,50.16162,50.123859,50.079016,51.273026,50.877713,49.79438,49.688391,49.904276,50.63464,50.960214,50.933182,49.984745,49.604171,49.712505,49.439536,50.203338,49.653859,50.142348,50.486359,50.207609,51.036724
67.384277,64.683236,65.105371,66.944485,66.720059,67.084225,66.057246,67.160632,67.582923,67.667298,65.39209,66.050215,65.977767,66.315007,67.326881,65.380684,65.404382,64.888288,65.577402,65.3286,65.224226,65.895944,65.140371,65.211256,66.14709,67.853965,65.904329,65.360632,65.775007,66.057299
66.31084,62.3686,64.125944,64.036101,63.22136,64.107194,64.520735,63.489954,64.058079,63.013444,64.31985,62.673131,63.117403,62.762715,62.973184,63.529955,62.726725,62.784902,63.270058,63.184277,63.762142,64.027298,63.500475,65.398548,66.430892,63.8186,63.959382,66.430683,63.615214,63.30459
68.438757,65.599069,65.831257,65.511674,65.545111,65.763079,65.862246,66.051726,65.612663,66.664851,68.393236,68.11157,66.393079,66.591622,64.882975,66.327247,65.417298,65.761881,65.686204,65.515163,66.723444,65.830162,66.860788,67.14933,66.301361,67.685163,68.445684,68.362715,65.831673,65.10735
62.347142,58.521047,60.546152,59.464433,59.85261,60.062402,60.551204,61.576986,61.103808,60.199381,60.96985,60.664121,62.499641,62.077715,62.465475,60.465006,59.533287,60.385735,60.16735,61.717662,63.054642,62.665528,63.140215,62.163548,62.306777,62.597193,61.497871,59.587402,60.471881,62.853756
91.063967,82.988446,84.625477,84.625165,83.893082,84.237717,83.641206,86.435165,87.669227,86.583862,86.692821,87.03256,88.821884,87.438811,86.681207,87.253706,86.53079,87.100842,87.338186,88.060477,87.417405,85.964384,82.827873,83.896571,83.538237,83.87881,83.814175,83.929644,83.326936,85.861259
75.21631,67.882663,69.210059,68.686621,69.114695,68.997403,70.402716,70.788862,69.853705,69.077559,68.991725,69.308079,69.098705,70.055528,67.872351,68.944434,69.391361,69.490841,69.39485,68.974642,69.281569,69.274225,70.383027,71.865892,71.10032,69.527142,68.962559,69.355632,70.981048,69.581778
48.98813,43.730421,42.954118,43.925265,44.016306,43.996723,43.680838,43.968702,44.828547,43.87839,43.708702,43.637817,43.790526,43.646932,43.735212,43.822296,43.890838,43.424848,43.737869,44.033234,43.845682,43.591827,43.791255,44.506046,44.524119,43.697504,43.849015,45.117973,44.832244,44.528755
103.027354,94.651415,94.230687,94.920739,95.164072,95.013864,94.483499,94.350426,94.116936,94.586311,94.595895,95.314437,96.12402,95.765895,94.274124,95.622562,94.57579,95.156728,96.570791,94.967354,95.428603,95.618395,94.051572,94.502249,95.602822,95.767197,95.325635,95.784645,94.760947,94.286937
61.263912,55.420318,55.339693,56.258964,56.092454,55.932193,55.788339,55.88839,56.042662,54.916985,55.932141,55.969693,56.159849,56.32261,55.963339,56.383912,55.002453,56.184068,56.558548,56.087245,56.005005,55.615996,56.503703,56.65162,57.403183,56.234484,55.897297,55.748443,55.79162,55.861256
67.534382,61.748861,62.348444,63.642559,64.620424,62.305475,63.064902,62.58662,63.138027,62.6386,63.261777,61.710996,62.08261,62.132611,62.361205,63.003183,63.419902,63.336569,64.591465,62.993444,62.252246,62.212767,62.313392,62.642767,62.639121,63.276829,63.141205,64.555892,63.679486,62.356829
71.32032,65.501204,65.855997,66.298496,67.465267,66.210997,66.392976,67.015631,66.255059,66.724226,66.667923,66.419225,66.888444,65.525475,65.222923,65.988756,66.231674,66.45933,67.213548,66.737559,66.245528,66.621778,65.127975,66.845528,68.622611,68.361309,69.373965,69.35558,69.039643,68.437611
76.438445,72.050528,73.907977,73.385319,73.041934,73.65157,75.124122,75.667611,74.346674,74.331934,75.190216,77.352769,76.047611,76.174123,75.593185,73.391414,73.061153,74.158705,73.450007,72.352612,73.506414,74.182038,75.255059,76.154226,76.533028,76.599904,76.571414,77.03907,75.981726,75.91084
16.301981,14.057866,13.651772,13.544532,13.568074,13.553023,13.550105,13.57521,13.12349,13.360835,14.070002,13.984376,13.922345,13.730158,13.59245,13.743022,13.603908,13.90573,13.550731,13.991251,13.940938,13.641199,13.695783,13.68495,13.663126,14.07672,13.936303,13.739585,13.839741,13.763699
30.568962,28.367607,28.283804,27.375106,28.288752,28.472763,28.482294,28.496774,28.477711,28.352295,28.27792,28.272815,28.447034,28.37469,28.285628,28.307763,28.279326,28.629065,28.362087,28.246878,28.240732,27.867138,27.737138,28.484013,28.27969,28.740576,28.489691,28.878075,28.895367,28.751045
49.735161,45.044952,45.350733,46.208442,46.847765,46.8274,45.263754,45.946828,46.325578,47.196776,47.180109,46.240526,45.513182,46.9624,45.794848,46.05964,45.520786,45.889744,46.454797,46.352557,45.571046,45.638598,44.870786,45.717608,46.064536,46.011723,47.045682,47.240422,47.00063,47.340369
73.690059,67.179382,67.828132,67.993705,66.617611,68.967142,68.296361,68.138184,67.028392,67.417767,67.959747,67.956726,67.873444,68.013705,68.210423,69.787507,69.454121,67.385996,69.553496,66.52584,67.534174,67.117559,67.224642,66.871204,68.286257,68.118966,68.36558,68.156465,67.995788,71.177663
72.342612,63.796881,65.84386,65.947142,66.990945,66.484382,65.740475,66.092038,67.804225,65.531256,64.487715,65.654017,66.49709,67.435736,65.357975,64.450736,66.638809,66.50735,66.670579,65.177923,65.292871,65.862767,65.365944,64.985371,65.497142,66.60334,65.087194,65.150111,65.341257,65.104278
69.992663,66.740476,66.90834,67.41834,66.270111,66.84032,67.200475,67.280007,66.389381,67.305215,67.582611,66.630371,66.235788,67.338652,68.938132,69.234746,66.182507,66.61584,68.013288,68.181986,69.606778,66.573757,67.072246,66.002663,67.108445,68.21308,69.239486,67.393028,67.979017,66.659746
93.257093,78.848549,78.083132,79.947455,80.719487,79.017039,78.557716,78.54282,79.684279,79.919123,78.936206,78.815425,79.503133,80.910217,79.710946,81.45954,81.146467,81.278654,79.419227,79.031987,78.588758,79.201362,79.406258,78.62933,78.950216,79.797664,79.653602,81.295529,80.386623,79.269747
68.208809,64.970787,64.918809,66.260007,66.763184,66.637715,65.5236,65.501101,65.62183,66.1411,65.442402,66.173861,65.137663,65.111986,65.146413,67.029277,65.751726,64.63485,65.751829,66.128288,67.050944,67.868965,64.655527,65.586517,67.620059,65.674329,65.829642,65.659746,65.699798,64.791986
118.985481,113.961262,112.476314,112.767355,114.463605,112.912771,113.476834,112.368605,114.335845,112.152147,115.126366,116.014959,112.638813,115.860949,113.057928,115.037199,113.900741,117.848866,113.87798,112.402198,113.345844,115.349699,111.858188,115.425636,113.189125,112.761417,116.638761,114.153761,111.956678,113.088344
30.33641,26.444065,26.179847,26.150263,26.118961,25.453544,26.403857,26.168805,26.055992,28.223232,27.674534,26.704273,27.485523,26.440836,26.419638,26.244013,26.13219,26.011044,25.416774,25.953596,25.981878,26.193493,26.283127,26.206565,26.42094,26.253596,26.516044,26.05094,26.033127,26.525679
50.405995,48.287401,48.465734,49.623234,50.203807,50.378755,50.47089,50.574536,50.142818,48.209276,48.657974,48.540786,48.506047,48.678182,48.640266,48.604484,48.253078,49.173806,49.89839,49.588339,48.701463,49.871672,50.278026,50.622922,48.633026,47.559276,48.22714,48.558234,48.65688,47.851099
65.306048,59.4136,60.106829,60.245006,60.977975,60.95459,60.698651,60.35136,61.270423,59.018495,60.494902,60.160162,60.114902,60.219329,60.773183,61.267819,61.22735,61.62261,61.199433,61.450163,61.141308,61.592714,60.989954,61.026673,60.816673,62.097507,60.829068,60.105891,59.333235,60.758704
101.469021,92.372822,93.896155,94.897405,96.77027,94.453967,94.412926,93.437249,94.016624,93.832666,94.05579,92.244488,92.989072,93.597092,92.70928,94.11553,95.956885,92.944332,94.057509,95.658082,96.679489,96.188864,93.687405,96.473238,97.259801,97.434697,97.307771,97.264436,97.079281,97.452405
91.758655,81.681049,82.454904,82.661206,82.878394,83.301154,84.187613,82.531935,82.396102,83.192092,82.110737,82.409436,82.521102,82.152821,82.717925,83.183394,85.80204,86.181415,86.052665,85.629123,85.569956,82.902716,81.657717,82.935268,83.562873,81.853915,82.606779,82.518029,82.477977,81.535112
46.072088,44.435733,44.212817,44.825733,44.182713,45.171255,45.299952,45.390161,45.7299,45.203702,45.914275,44.56115,45.5949,45.382244,45.904484,44.618598,45.902035,46.429588,45.828182,46.721672,47.126306,46.604171,46.519848,46.140786,44.906151,44.66813,44.780109,44.549796,44.186203,45.691046
57.866464,54.344016,55.479276,55.440526,56.762245,55.654745,54.669954,55.717714,56.299328,55.220422,54.690526,54.929225,54.636047,54.595317,55.571047,55.235527,55.644485,54.863495,55.586672,55.616308,55.752662,54.047193,55.144329,55.36162,55.315735,54.535943,55.291204,56.567506,55.412454,56.805787
30.18443,28.146462,27.821669,28.008492,27.229222,28.150107,28.027607,28.155264,28.60417,28.500784,29.409326,28.756096,28.336982,28.298388,27.793127,27.917034,28.257346,28.97068,29.026253,28.834378,28.514742,28.300367,27.685524,28.309013,28.599639,27.484534,28.11469,28.167294,28.18568,28.17245
20.203127,13.536043,13.46271,13.621408,13.494532,13.499741,13.245679,13.044637,14.049064,13.742553,13.710106,13.965678,13.750834,13.977085,13.822658,14.001928,14.111928,14.207032,14.407242,14.307397,13.861304,14.196043,13.977762,13.885574,13.993595,13.932189,13.898803,13.420731,12.953856,13.621095
161.098297,151.72715,151.956213,152.779026,155.93538,158.596734,159.28361,159.093297,158.777933,153.325901,155.890588,153.187619,151.449129,153.961057,154.911266,154.650119,154.266317,154.090797,152.809442,153.032723,151.678713,151.636786,151.839234,152.444859,153.664703,152.699025,153.18012,154.949911,158.258662,156.464339
265.535287,260.611484,257.392942,259.565026,266.529923,268.464974,258.029297,260.970235,262.15836,259.804349,257.636067,256.590807,257.206432,257.03315,256.557942,257.501953,256.140546,256.371327,263.826484,261.316589,260.672943,258.574973,257.712838,258.300443,254.884609,256.913931,259.250182,259.716223,256.63664,254.193359
350.687014,343.763472,352.744306,339.745607,339.820503,338.844044,342.482534,342.012065,339.669357,352.793838,348.728004,340.347273,347.45993,339.566336,339.624513,341.943732,342.462534,340.643524,353.805972,341.660242,340.686909,346.87092,343.026284,341.243784,345.133576,341.932065,343.513055,342.678315,348.468576,338.727221
615.752769,594.747976,593.759851,599.337247,598.67256,598.027456,594.153236,597.083809,589.568653,589.412402,596.633445,586.761985,591.144799,591.749799,594.618705,590.431569,590.34636,598.066518,592.495736,587.546777,607.621519,591.2086,589.623444,597.877091,604.2998,591.223184,590.529642,590.83084,595.469956,590.074121
