32.443577,30.547384,29.625231,30.018615,30.007424,31.400308,43.660962,37.941693,32.222576,29.623154,29.827808,30.942077,31.004923,30.735961,29.830308,29.731,29.748923,29.715846,29.986769,29.797923,29.341346,29.561885,29.4185,29.558616,29.230846,29.513653,29.278385,29.258654,29.209423,29.442846
23.351,12.264192,12.2835,12.205808,12.687923,12.178153,12.149307,11.915654,11.896077,11.945115,11.938308,11.748193,11.690346,11.764154,11.704615,11.799654,12.418347,11.769308,11.686884,11.653654,11.756423,11.995231,11.869,11.733231,12.064576,11.82073,11.998193,11.968154,11.992962,12.200616
36.878692,36.846,37.163307,35.593961,35.707846,35.73773,35.553846,36.059269,35.488,35.373076,35.35423,35.522692,35.383384,35.485538,35.579115,35.40973,35.356884,35.484615,35.600039,35.604154,35.727347,35.797423,35.593846,35.513269,35.547384,35.522538,35.575538,35.616039,35.895616,35.386692
33.552885,33.015346,32.7265,32.188116,32.399808,32.720308,32.396577,32.307231,32.366769,32.55077,33.024423,33.424423,33.164077,32.808846,32.754154,32.815538,32.833884,32.841769,32.190885,32.848346,35.042923,33.27977,32.277653,33.022807,32.498923,32.605269,32.296847,32.269231,32.556846,32.630153
19.652885,15.559192,15.173693,15.308308,15.177923,15.159539,15.073731,15.327577,15.462346,15.325423,15.191577,15.054077,15.202577,15.566461,15.043115,15.171615,15.334,15.406923,15.303885,15.076116,15.655538,15.505654,15.7165,16.904116,15.628769,15.520307,15.552539,15.531116,15.032539,15.5535
15.227808,11.473539,11.385538,11.294038,11.276615,11.139038,11.0355,11.206,11.4365,11.233577,11.200269,11.101692,11.226308,11.487461,11.236846,11.250692,11.209115,10.999923,11.123,11.312615,11.022769,11.233616,11.21373,11.181615,11.133308,11.130077,11.304846,11.123116,11.117654,11.055346
34.692654,33.700154,33.495231,33.081538,33.191346,33.520038,33.765346,33.671038,33.34,33.198385,33.117654,33.780923,33.530115,33.369731,33.379192,33.103539,33.711885,34.529308,33.183385,33.221116,33.343692,33.056154,33.021192,33.545076,33.265115,33.641884,33.493961,33.535269,33.461038,33.428654
31.784577,31.751924,31.473538,31.512077,31.698423,31.357384,31.698846,31.724308,31.577385,31.626769,31.622961,31.659115,31.495884,31.575115,31.750654,31.395846,31.738385,31.605884,31.593384,31.800616,31.733308,31.4505,31.818615,31.608961,31.459807,31.3455,31.792923,31.769231,31.502461,31.626692
19.644153,14.079308,13.360269,13.358269,13.320731,13.457846,13.439461,13.238846,13.505653,13.440115,13.856923,13.486462,13.487039,13.522039,13.662384,13.269269,13.305692,13.498807,13.790885,13.258923,13.608039,13.614115,13.1585,13.520654,13.638653,13.415769,13.283115,13.483769,13.356038,13.498808
20.290731,15.179654,15.153346,14.904116,14.799307,14.903346,14.771346,18.051116,14.977884,14.94523,14.811769,15.071154,14.839539,14.862577,14.759769,14.920462,14.684269,14.7175,14.696346,14.870269,14.823077,14.922731,14.804192,14.813346,14.9065,15.127615,15.163,15.090269,14.891807,14.566385
36.235692,35.694462,35.598346,35.526384,35.890461,35.264769,35.747808,35.247154,35.555885,35.321654,35.374038,35.325961,35.713116,36.086346,35.900885,36.003,35.517193,35.421808,35.3485,35.592692,35.536846,37.615308,35.536231,35.473308,35.427077,35.4165,35.300461,35.457538,35.270347,35.324807
32.513538,35.356846,31.939039,32.177654,33.970615,32.004423,32.471769,31.983885,32.720615,32.00677,32.786616,31.919,32.447808,32.1885,32.375077,32.475807,32.342962,32.793039,32.608346,32.123231,32.142923,32.078192,35.151423,32.168961,32.333077,32.557308,31.985193,32.562577,31.964039,32.23373
31.30273,30.617192,30.233538,30.390423,30.403769,30.249961,30.352193,30.317308,30.990577,30.987038,30.9355,30.2385,30.235808,30.395654,30.227654,30.253731,30.425308,30.472115,30.494808,30.686385,30.414,30.640885,30.742115,30.373808,30.541346,30.386193,30.457884,30.353192,30.295077,30.319731
34.905884,33.752308,33.500154,33.496923,33.438654,33.644807,33.434884,33.702077,33.516885,33.583346,33.519,33.652885,33.376884,33.613962,33.497115,33.519,33.4335,33.850616,33.388539,33.592038,33.395154,33.702731,33.964962,33.683538,33.593769,33.421116,33.684692,33.493923,33.5225,33.648616
33.117307,29.651538,29.554192,29.943,29.526423,29.727308,29.7315,29.689731,29.702884,29.770346,29.519692,29.73723,29.624616,29.879154,29.560885,29.697346,29.543846,29.75273,29.607423,29.74873,29.437154,29.715038,29.470769,29.814731,29.692346,29.545077,32.024423,30.057077,30.170385,29.619193
36.246654,34.495616,34.635846,34.33023,34.262039,34.235307,34.371499,34.359616,34.042961,34.064385,34.254077,39.441461,34.196538,34.241731,34.327577,33.902153,34.338846,34.340307,34.547577,34.75477,35.745962,34.381308,33.876962,34.407115,33.977538,34.029615,34.378269,33.926539,34.146462,34.339962
39.163154,38.346962,38.526,38.551116,38.508923,38.314654,38.518,38.493769,38.316847,38.277462,38.546193,38.371692,39.174924,38.529577,38.418347,38.638385,38.499308,38.702846,38.958192,39.301269,39.15773,38.499653,38.604038,38.458577,38.664,38.662923,38.474269,38.396923,38.52677,38.470885
29.588539,29.025461,28.943,28.902538,28.808731,28.880423,28.950692,29.048577,29.010385,28.788116,28.948385,28.800885,28.871077,29.127308,29.120346,29.055076,29.031961,28.8135,29.090693,28.953615,29.233769,29.499116,29.24777,28.803769,29.092154,28.966538,29.259153,28.756192,28.880269,28.884423
31.953077,34.458462,32.983231,32.942384,33.033308,33.682846,33.652654,33.6695,33.009923,33.693307,32.833192,32.912231,33.529615,33.053807,32.81573,33.597385,33.113616,32.757884,33.168077,33.709038,33.772193,33.056577,33.748962,33.229154,33.208846,33.153077,33.014731,32.894385,33.096769,33.133615
34.888846,34.483308,32.799385,32.481692,32.288884,32.378,32.477307,32.388154,32.702154,32.363346,32.398077,32.519346,32.224192,32.261615,32.318769,32.2655,32.260962,32.382076,32.443039,32.243538,32.425039,32.266154,32.755847,32.516808,32.326077,32.225423,32.504846,33.007423,32.513923,32.1595
16.859077,16.295308,16.392423,16.367616,16.217423,19.135192,16.571308,16.370115,16.349154,16.461462,16.191616,16.460423,16.459115,16.405577,16.360769,16.401846,16.426807,16.593462,16.597577,16.241808,16.376384,16.246731,16.120462,16.219039,16.265654,16.266461,16.151308,16.147385,16.213115,16.259423
39.721884,39.1625,38.977077,38.223923,39.397462,39.550077,39.382961,38.402962,39.49427,38.867769,39.299923,39.064654,38.202692,39.167077,38.386654,42.571269,39.610769,38.126692,37.775769,38.09377,37.83873,37.953615,37.830885,37.612731,37.5565,37.816077,37.622653,37.633308,37.755654,37.457116
34.618462,33.966269,33.583154,33.136115,32.796153,33.080308,32.955539,32.828654,32.82777,32.942692,32.731538,32.896846,32.887961,33.486692,33.176577,32.897615,32.750654,33.217808,32.942154,32.686808,32.811308,32.755654,32.919462,32.813308,32.702115,32.81577,33.106077,32.8825,32.702115,32.821
29.728461,30.964461,30.523538,30.553923,30.465423,30.389962,30.4705,30.983154,30.518423,30.789077,30.617923,30.503154,30.501923,30.280923,30.497385,30.403654,30.415385,30.300115,30.496962,30.415077,30.466692,30.628269,30.358462,30.468115,30.435769,30.5985,30.379961,30.521846,30.346885,30.557731
22.1195,14.846231,14.791923,14.612308,14.717807,15.061577,14.695346,14.701808,14.756,14.754731,14.769154,14.698923,14.597808,14.779731,14.847039,14.734539,14.635616,14.617692,14.816923,14.612077,14.702038,14.8325,14.924039,14.546846,14.705077,14.656154,14.552077,14.756769,14.639462,14.897616
31.477423,30.845423,30.863154,30.992769,30.803654,30.822923,30.853269,31.103654,30.976462,30.821308,30.989077,30.910577,30.860616,30.955577,30.802654,30.926539,30.711308,30.934961,30.918462,30.860885,30.830385,30.954115,30.901,30.880038,30.7795,30.815884,30.901423,30.952731,30.7815,30.8855
36.787461,34.679269,34.537846,34.589808,35.995423,34.37677,34.572077,34.557039,34.623577,34.55573,34.5035,34.427923,34.511269,34.48877,34.4485,34.525539,34.508154,34.408115,34.368769,34.640115,34.684885,34.538577,34.431808,34.573,34.467923,34.451692,34.528615,34.565039,34.459808,34.609116
33.763231,32.5065,31.951615,33.724269,32.278077,32.201923,32.247346,32.930116,33.329192,32.316808,33.319077,32.320385,33.573577,33.330347,33.448038,33.382115,33.221154,33.514538,33.392961,32.753923,32.544807,33.796307,32.726807,33.378846,33.469,33.570923,33.736846,32.141654,32.2015,32.511846
18.4205,14.394923,14.135,14.109115,14.267539,14.081807,14.435462,14.195461,15.17177,14.347577,14.600423,15.679731,14.330692,14.289077,14.158577,14.307269,14.313308,14.245807,14.237962,14.656846,14.130885,14.197423,14.06127,14.167538,14.047731,13.986693,14.178962,14.048923,14.041692,14.062423
40.754962,35.591962,35.279693,35.079615,35.352807,35.351308,35.626038,36.080769,37.30123,35.506807,35.190731,36.459115,35.934808,35.568038,35.659231,35.076269,35.082346,35.266692,35.323154,35.296307,35.792615,35.363269,35.421231,35.099962,35.363769,35.287808,35.317961,35.656885,35.474039,35.240769
16.669115,16.697577,16.389192,16.345693,16.260423,16.711654,16.276423,16.232115,16.461192,16.664384,16.907577,16.652154,16.320423,16.396961,16.5435,16.658577,16.544769,16.592346,16.36677,16.354846,16.366461,16.493,16.275462,16.595423,16.261539,16.471231,16.311269,16.342346,16.329692,16.210423
16.220692,15.957,15.968154,16.42073,16.127731,16.198577,16.496769,16.448423,16.532807,18.734039,15.981038,15.985577,15.982077,15.866884,16.166885,16.187461,15.841846,16.203615,16.030154,15.997539,15.917308,15.999808,15.902,16.120077,15.925077,15.997077,15.825884,15.963038,15.977885,15.944769
31.585077,32.576038,32.398846,32.152808,32.2955,32.5355,32.259231,32.195038,32.122769,32.281308,32.090192,32.170193,32.194961,32.182577,32.202154,32.35923,32.0825,32.36573,32.371961,32.159923,32.323153,32.488,32.247308,32.197154,32.177192,32.221269,32.1935,32.121731,32.281654,32.065462
135.291423,139.700539,136.278346,128.77627,128.958499,131.923731,128.273499,128.129423,131.444423,129.681307,131.901846,129.348846,133.238846,134.635,134.402807,134.062962,133.727962,128.61223,128.405076,131.447577,129.769385,128.366154,129.386308,131.883231,131.819538,128.407885,128.77727,131.509923,131.229846,128.636808
132.825884,127.147077,127.049269,128.758308,126.955307,127.279577,128.315769,131.838077,127.262423,126.459654,127.462577,126.120654,128.323577,127.343769,128.724462,126.797039,127.698346,127.458385,126.603115,127.977654,126.630923,127.687038,126.073769,131.82473,135.145692,128.7075,130.720654,135.7305,136.793269,135.801192
105.673731,103.376461,99.968692,100.945115,97.438692,100.397,100.963423,97.473153,100.036539,101.331462,100.1035,99.119308,103.587577,103.288808,99.007923,97.311231,97.616769,96.507462,97.727884,97.940923,97.982654,98.881846,99.952884,96.859923,100.173961,97.349807,100.561423,97.939,99.861154,101.761192
135.448269,132.606808,142.3895,138.194923,134.591692,133.006384,132.452385,117.761615,132.300423,137.236077,131.595115,132.940538,134.175654,135.777922,132.715077,135.267347,134.049731,139.138115,143.242154,143.105692,142.174923,143.064616,133.944808,133.958885,131.141038,133.798769,137.136692,132.669884,131.047231,134.738423
58.045193,56.587269,56.600423,56.63227,56.388077,56.160807,56.054769,58.691038,56.569153,56.033,56.435731,56.614077,56.228808,56.228346,56.257385,56.199577,56.353423,56.226192,56.504192,56.372615,56.397808,56.456847,56.196231,56.399577,56.259846,56.255193,56.380154,56.036961,56.358769,56.849038
129.456923,127.082269,126.854269,127.065423,127.276385,126.96973,131.247769,127.805539,126.907654,125.966346,125.648961,128.999808,124.666077,125.570346,128.659884,126.942039,128.121038,125.273654,128.094423,133.923654,134.096423,133.732692,130.673423,129.852461,125.500269,126.618769,125.136,127.963154,125.885962,108.139307
101.070346,106.027192,103.919846,104.254,104.270846,94.887577,82.066846,82.253384,82.482577,83.853885,81.5255,82.123038,82.41577,102.145346,88.752,81.912153,82.385154,81.612616,83.044192,81.4625,83.195769,82.069769,81.719038,83.916423,84.703231,85.886231,82.045461,81.777424,81.868962,83.470384
75.582346,74.957385,75.633,74.919346,84.5565,95.349615,92.065,96.501961,93.976654,95.521154,95.765269,99.422154,89.873961,96.767462,96.116116,96.337269,93.109923,96.364269,90.304846,90.523577,99.843884,100.965307,100.096846,99.448884,99.973,100.137885,97.262577,96.337923,97.096846,75.326038
108.803692,103.291769,102.388769,103.577115,103.58023,105.77723,120.815769,135.134846,127.656769,129.788115,127.172692,127.188385,112.739923,102.813577,102.138,104.209654,100.749077,102.390731,100.948193,100.823038,111.8365,127.300846,129.515884,127.163,127.547038,126.970808,127.383846,127.873692,127.387231,129.387231
129.017154,123.306923,120.945769,121.02327,121.342077,129.250769,123.056692,120.868307,120.929846,120.933807,120.712653,128.699385,132.036077,132.772154,131.359193,130.168693,125.461923,121.917461,126.912577,121.122,121.228846,124.696384,120.908692,121.374231,121.226462,121.1785,121.183115,121.039,121.244461,122.8205
142.037307,141.764077,135.585654,135.746653,135.857,140.228308,141.093923,146.409461,138.136269,139.722615,135.799231,139.566307,139.485154,138.629115,138.570269,140.296693,137.044961,136.884731,136.878808,136.243808,135.875923,143.56073,135.873539,139.212961,139.638808,141.280923,146.415115,146.400116,146.703769,146.513116
86.516307,74.019193,74.201923,74.307385,74.284192,74.249038,74.749153,74.551654,74.033153,79.965231,75.228654,73.814847,74.06,74.446192,74.216692,74.079308,74.174231,74.254846,73.859192,74.046961,74.077807,74.567692,74.10373,73.611885,73.896769,74.021116,73.964039,74.503539,74.094385,73.925269
43.572539,42.791423,42.908269,42.674538,42.7305,42.615116,42.67423,42.914731,42.879039,42.670346,43.018039,47.323269,43.249538,42.820653,42.747538,42.762731,42.728269,42.73073,42.843269,42.853884,43.892193,42.621346,42.623769,42.898846,42.72,42.580307,42.57577,42.744154,42.762615,42.826462
82.104616,78.256385,78.395384,78.3315,78.426192,78.165115,78.736692,79.601154,78.035154,77.836038,77.627962,77.770577,77.989077,77.820769,77.672231,74.160269,60.544346,60.897538,61.005693,60.506231,60.774962,76.360192,80.748,79.858539,80.100808,79.293731,78.832346,80.63723,79.283615,78.351115
118.621038,117.645154,115.619846,116.564039,114.36277,114.426346,114.450038,121.606807,116.907962,114.435962,117.478154,114.61773,118.663192,114.482615,114.828154,114.532577,120.803116,91.74773,93.004961,90.933962,90.969423,96.676192,123.791115,115.110385,117.290308,105.4545,90.679847,91.887654,91.145961,90.9255
64.795808,61.62673,59.028462,58.606693,61.574346,59.789154,56.558692,61.354,70.059423,78.55023,78.601807,79.260654,78.277308,78.303539,75.409962,79.167807,75.365654,77.224692,80.496577,78.785346,72.468731,75.455807,83.888,75.686193,75.004808,81.289846,86.099692,81.657769,82.076807,81.3365
72.799115,59.72627,61.558153,61.428539,59.123269,59.198462,58.99127,59.269077,62.505116,60.341,62.350692,59.356923,59.214807,58.847192,59.010654,58.875384,61.426153,46.45323,46.313462,48.945423,46.951577,54.050192,59.135462,60.174807,62.798038,59.022385,58.915039,59.091846,59.595884,59.237423
104.704269,95.816539,98.484731,95.581461,98.535077,94.758461,104.636423,95.441154,95.272808,94.894461,96.879269,95.427846,95.180962,95.527731,99.098231,94.833539,95.077538,94.480885,95.054038,95.324538,95.226,95.152539,95.359346,95.145615,105.112923,74.917999,80.704961,74.888692,75.095192,75.038461
118.754154,118.577038,118.434077,143.151115,147.058576,148.954731,148.961,148.666193,150.779693,150.749769,147.951807,147.443923,154.967077,147.156693,147.417577,147.356269,150.383423,147.804807,147.506846,147.325538,147.137154,125.99927,118.164961,117.600923,133.263538,146.980846,145.85427,149.555769,147.346039,147.695231
100.264731,100.0115,99.736346,100.969923,99.994193,99.845538,100.093307,99.792308,99.534154,102.140769,101.238923,99.891846,99.247231,99.0225,103.098,100.144192,104.311,99.392154,99.689538,99.943154,99.158884,99.8185,99.8455,101.558346,107.877308,109.232769,107.260539,105.899846,106.626039,105.911154
75.30523,72.277808,71.80723,71.547231,71.41827,71.41023,74.964577,71.746923,71.460961,73.392385,71.522423,71.586307,71.524385,73.129769,71.804962,71.571769,71.499692,71.792654,71.391961,71.333154,75.495231,71.630269,71.507577,71.456769,71.706616,72.503346,55.854,55.753885,55.572692,55.616538
124.111807,106.246808,106.068577,106.074346,106.3595,108.075116,109.51223,105.899692,107.838807,106.059077,106.729847,105.889615,105.97873,105.749616,107.829,108.562692,105.981654,108.300231,107.019038,106.405769,106.138385,106.413385,106.223577,105.870654,105.868538,108.040884,107.295269,105.999808,142.703269,149.92827
147.718576,146.254539,138.325538,135.393077,133.235,141.541308,132.844384,136.358346,132.930653,132.972769,135.003885,133.209923,137.500885,140.997808,145.187269,134.567539,134.832346,132.775962,133.491884,135.759962,132.860423,134.715077,133.3135,133.060693,133.101962,133.000307,133.286192,132.845692,133.058885,135.071615
55.975423,54.559039,54.992077,54.66723,54.859615,54.782653,54.850693,54.907269,54.965384,54.730308,54.758538,54.872269,54.727307,55.133923,54.588692,54.807269,55.047,54.888308,54.917962,54.883654,56.599192,56.272269,55.450192,55.368,54.685,54.804885,54.941038,55.437038,58.584077,56.548192
56.019039,50.355308,50.073423,49.702731,49.700384,50.083346,50.030269,49.923384,50.939577,49.164808,49.022115,49.153423,49.1205,49.069423,48.794038,49.025576,48.730923,48.763115,48.990231,51.042307,49.174116,48.924615,49.097346,49.0105,49.041923,49.115769,51.548615,49.485577,49.068577,48.939538
131.677307,119.011538,98.933654,102.016576,102.852923,103.192807,102.398885,99.041423,99.606923,98.853347,98.681461,101.469885,98.877346,98.924,102.076192,100.036116,101.874423,102.082576,99.0685,99.549154,102.205461,101.914461,99.508077,100.794999,98.967538,100.554116,102.576577,98.823346,98.682039,104.639846
88.109,86.222462,87.175808,86.375153,87.545385,89.10123,86.942423,87.557461,87.398885,88.235269,87.431308,114.743,117.318192,119.080692,116.271423,117.377269,115.306807,111.031461,110.471923,113.180654,109.464038,109.888077,109.293385,109.523462,112.467461,109.9775,118.043462,110.304423,109.280846,111.283116
132.195769,130.483962,129.214461,128.981423,127.981846,130.640731,129.526269,133.079769,129.474923,128.837961,127.935038,129.381423,131.642154,129.838115,130.093385,129.425731,129.246539,130.287115,128.281846,127.925154,129.031,129.775192,128.360231,128.152077,127.894654,128.281115,134.323846,130.315346,132.083538,134.327231
50.406461,46.005616,46.091423,46.172116,46.299077,45.947961,46.573077,46.029192,46.240077,46.224538,45.5565,45.748654,45.583654,56.633539,46.573615,45.747769,45.951269,47.896423,47.716038,45.795423,45.519885,45.392346,45.830039,45.5965,45.685461,45.595115,45.547885,45.64023,45.677962,45.592462
135.029346,132.433692,131.328077,133.434269,131.919231,132.424538,132.189692,132.207115,131.840999,132.794923,132.994192,131.48677,131.587577,132.678961,132.471885,133.047884,136.508269,132.856,135.341731,131.488923,135.318192,127.1765,105.29723,105.294154,103.7945,108.4765,105.2175,104.738077,106.096615,104.879731
85.046346,79.216577,80.253423,79.607769,80.141039,80.016077,104.237115,105.997808,107.838923,105.191192,105.110577,109.350615,102.429654,99.585038,102.480346,100.141346,101.189923,101.731692,101.548539,107.374039,100.753154,102.797654,83.624346,80.113346,80.059923,80.094154,82.652539,79.7925,79.605692,79.066692
108.030923,109.211884,105.487384,110.530269,105.432154,97.210423,84.019461,83.978076,84.877077,89.050385,85.975115,109.699077,106.065923,108.027961,105.832461,105.518385,105.518,105.9985,104.884,105.52223,105.745116,106.688961,86.635615,84.429576,84.021192,84.049154,84.194692,84.440577,83.83223,97.389539
113.800692,111.877116,111.864615,113.015193,114.006077,116.528807,114.008154,115.023077,114.460231,114.2145,114.69273,114.209461,112.394692,111.969269,113.267,112.012884,112.078192,112.033308,112.225615,113.3845,121.557923,112.214077,112.063231,113.807538,112.078807,113.302423,112.013846,109.354616,90.628615,90.939269
82.601577,85.856539,98.628385,102.472385,97.584039,100.527615,99.8405,101.529231,98.665193,102.944,103.261269,102.961769,101.008846,104.417461,99.681616,103.808462,103.852807,99.440577,96.764807,99.970884,98.889807,103.639692,100.301,101.301693,107.029808,99.685,99.536539,103.264654,99.2305,100.959538
148.274885,136.218807,137.654808,136.573231,135.767423,134.338385,134.102077,134.009769,137.248038,135.856923,133.676731,133.980153,133.74523,134.316847,133.322307,137.613115,133.652154,137.331731,133.216538,133.484769,133.258615,133.549039,133.361116,135.822846,139.7125,133.511654,133.789576,133.271961,133.766038,133.444231
118.819961,116.325692,115.210961,117.270499,116.997962,116.043616,116.01427,114.988231,116.336692,115.860615,121.955231,117.4965,115.941269,115.957038,114.809,125.789846,125.564231,125.767693,122.648885,125.911462,118.727808,117.017076,114.229846,92.181154,96.805653,94.522808,94.50773,91.308808,97.044115,93.706538
121.233384,116.038423,114.723462,114.574769,115.295346,114.599923,114.1665,116.563077,114.470731,116.597653,114.255807,114.110692,114.339115,114.518038,106.088616,91.100038,91.191539,92.834577,91.403499,91.017846,91.912307,90.779846,90.781731,91.37077,91.155808,91.544269,91.195846,90.769846,93.037154,91.092769
86.440461,84.083885,84.048962,83.772269,83.877231,83.841308,83.832923,83.896846,84.02873,84.023346,83.658692,83.858577,101.495,111.222731,109.463423,111.364269,109.774423,112.394192,107.5955,106.527269,108.120808,113.801539,99.618846,84.165384,83.917116,84.066846,87.188307,83.852961,83.74023,84.069384
105.923269,105.365077,106.543461,105.837654,105.833,105.8775,105.145385,105.64023,105.940038,117.674307,133.82273,133.352962,133.9605,133.224538,134.03273,133.683846,137.460962,134.673,133.3005,136.650269,135.583423,133.088461,135.031116,127.100884,112.929731,104.735115,105.863077,105.667769,118.165154,133.357539
89.739384,77.520423,76.783423,81.803885,77.158307,77.215461,79.653192,79.932846,78.422038,79.602538,78.432153,78.057462,77.978154,79.538385,79.549923,79.247808,76.820154,78.369961,76.425885,76.077269,75.485847,76.854653,78.115539,78.796731,77.327269,76.031962,73.236885,77.343615,77.202538,82.614192
147.108731,144.188692,144.018577,145.033,143.401539,144.524654,155.228731,143.927769,146.097846,147.044692,145.375307,146.611192,144.176538,151.586076,144.917808,144.887116,143.678461,150.86727,119.012654,114.294731,122.066999,117.034346,116.750847,114.886384,115.036269,114.235961,118.263808,130.988038,147.261884,151.331461
140.403308,140.719,142.6075,138.524615,134.054808,137.291577,134.138193,132.984692,136.071808,134.294961,135.811885,135.019039,134.411077,135.823731,135.699923,131.7225,134.197385,131.428654,136.033539,135.355385,133.918384,134.512961,132.227693,132.297808,131.012192,135.834577,132.818308,135.874384,136.093269,134.333999
140.134577,134.876884,136.599308,135.084577,139.448307,144.322154,136.922346,138.213538,132.35473,117.352269,107.000923,110.011346,129.680884,148.038923,150.022269,149.046,146.814923,136.610461,136.655616,136.774923,144.169193,138.534808,141.114769,137.826269,138.287807,135.658462,141.387692,143.371154,137.729807,134.607077
67.450154,67.44077,66.2955,67.606423,67.134538,67.117808,67.219653,66.299385,66.97373,66.3275,67.600769,67.875923,66.629615,68.618077,67.477193,67.617577,67.456039,65.584308,67.089423,64.774269,65.262616,67.327192,67.578615,67.281,66.438885,68.313884,66.6965,66.964269,67.896308,67.369192
121.157192,113.374231,113.517154,115.994192,113.238731,124.413384,114.485885,108.241654,92.617,90.281846,90.007576,94.840577,120.700538,120.93023,119.939538,121.489038,118.334346,113.501423,115.055116,113.253538,114.785077,113.523115,114.245769,117.55523,113.817231,119.9725,115.678231,113.708461,114.183192,113.749385
147.254654,152.2235,148.559731,148.091346,115.158077,115.4615,141.873307,142.081039,142.55423,144.304461,150.052538,143.111961,144.589884,142.811038,148.424577,145.598461,146.274231,148.667654,145.342769,145.889307,143.7425,148.36373,145.554654,142.796539,146.742346,148.407154,152.739269,153.1815,154.167499,155.697346
137.652115,134.801231,138.453385,130.451269,131.519461,130.319884,135.197423,132.176692,135.42027,131.797423,134.802654,130.063115,130.990346,138.554116,130.113462,130.201461,135.821808,134.832269,131.128346,131.817423,132.997423,132.311115,132.452923,133.105577,131.554808,113.273154,104.188231,102.446577,116.149692,132.201808
113.673576,105.5125,107.534692,105.6835,109.146115,107.758462,106.879615,107.842423,113.313384,107.3085,117.871269,105.810692,118.733,117.885038,115.989962,112.430923,116.017654,113.122192,108.818654,110.349385,111.422,105.968615,110.647731,106.438038,108.867423,106.723193,116.014615,109.450346,105.371154,107.877269
73.935654,68.852615,69.679577,69.384231,69.002039,69.976769,69.989769,71.581846,68.653731,69.825039,70.754999,68.964308,68.960192,70.002461,68.5295,70.011731,68.664423,70.064577,69.909577,68.823769,68.560923,68.599808,68.482846,70.101808,69.760923,69.374116,69.99427,68.849192,68.626269,68.575885
129.78423,124.818808,121.612153,120.549346,123.974692,124.441769,123.099461,120.584846,123.91023,125.091346,125.745807,124.953346,122.158038,134.618269,131.090807,132.352538,133.140038,133.319693,129.603423,123.365153,121.477307,129.363576,124.968115,122.383653,124.256385,124.073346,124.507692,120.246884,123.761038,123.713808
91.410577,94.131077,91.978346,87.108192,91.32577,90.568153,91.511231,93.558115,87.2475,94.453693,86.452076,89.653692,89.605885,89.778116,88.842,90.866116,90.670192,86.713269,99.632385,90.957692,90.385885,89.344116,93.558616,89.862961,91.970039,90.69627,88.853423,90.973192,89.270538,97.473693
152.925423,151.063539,148.482923,148.847884,147.497615,147.574346,154.203962,163.609423,161.173269,159.882884,158.082923,147.713231,147.980461,146.185731,147.248577,149.057346,149.692153,149.126038,146.058346,146.463769,151.028231,150.442,146.137116,146.2205,149.312538,151.640731,147.179576,147.986192,150.125193,147.4235
79.926884,78.238962,78.412116,77.977269,76.893,81.79573,78.481192,77.9775,77.666731,76.178692,75.576885,78.148885,78.397077,78.278039,77.207961,76.264384,75.528846,75.625077,78.116384,74.221307,77.739846,79.753192,78.3875,78.274923,78.096615,78.180038,78.334962,76.977962,75.533885,75.785269
165.014231,160.434961,156.256385,156.091538,153.166154,153.224884,165.985807,136.068077,125.367885,123.588385,122.539154,122.706153,122.398269,122.382038,123.093693,122.006539,122.226615,124.469923,122.642731,129.518539,152.639654,152.867116,152.749731,152.659462,155.118885,152.743692,153.062692,152.772769,155.603962,154.292385
76.878154,53.034077,53.078,53.067269,53.036192,53.245039,53.323577,52.854038,53.099616,53.192038,53.055,53.189654,53.228423,53.115538,56.466192,53.071654,53.022423,53.006769,53.157654,53.193961,53.070115,53.331808,53.107077,52.944884,53.110653,53.154846,53.057231,53.194538,53.312808,53.678653
87.744692,85.079846,84.421923,85.503923,85.576961,84.293115,84.236847,83.695808,83.488077,78.038346,82.877769,82.579346,80.443461,86.291807,78.964,83.167769,81.752692,80.2645,82.514653,81.084154,84.365577,61.809192,65.1935,64.082769,61.978923,64.435999,63.960192,65.4735,63.789654,65.203154
69.066269,82.730462,82.775038,83.069154,82.451077,84.057615,83.584654,81.170923,82.352346,82.983808,82.566154,82.088347,83.485231,83.0595,82.75023,82.480731,83.107269,82.264077,83.637076,82.664769,83.185231,84.534576,82.482308,79.348307,68.856346,73.601923,82.341231,83.436269,82.311154,79.192039
88.617769,64.947616,62.188576,63.573192,63.881807,63.513115,63.888577,64.030962,63.471731,63.7195,63.340384,63.882193,63.688423,63.754846,81.835923,81.619154,86.149346,82.544885,81.761269,83.299693,83.021846,82.163154,81.019461,80.672385,80.961269,80.704807,80.948115,80.954961,81.260962,80.873038
76.138885,79.158577,71.426538,71.622307,70.573769,70.599962,74.376038,69.363,71.181923,71.133769,71.662615,69.747962,71.699154,70.719577,71.122884,68.518654,55.925692,55.827154,55.597961,56.261846,55.887462,55.487884,56.104923,55.895769,57.151077,56.065961,58.064539,55.3375,55.647192,59.855308
119.604307,102.6765,104.307539,125.114,127.353231,132.597115,130.326577,126.179077,131.612885,129.79577,130.319884,130.453192,130.299962,129.553269,127.656538,130.518923,134.1595,137.616807,129.995423,130.557961,136.288153,135.296346,136.683962,132.197769,136.726154,131.809539,129.150346,130.326807,130.075654,126.749961
87.57723,86.199346,79.0225,79.571347,79.116577,79.428692,79.040846,79.129,79.338808,79.219346,72.797,62.0795,61.562307,62.260154,62.375077,61.569346,61.998693,65.024231,63.63427,61.438961,61.494,61.623961,62.123346,61.423346,61.602692,61.455538,61.434692,61.654692,62.196423,62.112
44.861884,37.640077,37.487346,37.587808,37.776616,37.704885,50.884115,38.832423,37.984154,37.639923,37.857423,37.529846,44.647,48.141461,51.435307,48.238154,48.191577,47.993308,47.917961,48.111692,47.939077,44.02377,38.129423,46.124462,48.080462,48.032308,47.896308,48.066539,47.861884,47.915654
168.555616,142.423346,119.803654,120.512077,113.537461,120.280538,120.054346,118.713,143.146731,159.278423,156.214385,155.806384,153.592231,144.432154,144.667269,149.660577,148.496115,149.179731,153.001654,147.069654,147.250499,145.429961,149.357616,151.907,145.911385,145.616461,154.874384,145.917539,147.576538,146.62723
66.515231,62.362384,62.680769,62.773577,62.144654,62.680039,62.592961,66.129577,62.76577,62.60827,62.095539,61.986077,62.470384,62.00027,62.764846,62.176846,62.424,62.59827,62.270693,62.702731,61.863384,62.498846,62.586269,61.781962,56.868346,48.330077,48.759577,48.972154,48.861769,48.930884
70.557153,51.029769,51.552769,54.038807,50.767807,51.097077,51.911347,50.928384,51.281769,50.949808,51.155692,50.89277,50.776269,50.980808,58.328654,66.247615,65.691461,65.751731,65.749231,66.2465,66.965461,66.5245,66.589923,67.178769,65.568077,65.262808,64.981961,65.074461,71.643653,68.449846
95.292885,93.739654,94.054423,93.760423,93.878154,91.428308,73.719039,73.672231,73.896115,74.197076,81.863884,74.054962,74.009616,73.884885,73.743731,74.042116,73.7835,80.741269,80.203539,75.462,88.6515,94.010923,94.303231,93.768116,95.497384,93.978846,94.142577,94.052423,93.732423,96.98923
102.652115,94.445307,95.180154,100.059692,96.068539,96.850769,98.493999,99.380346,100.675807,98.164115,97.944654,100.588769,99.789731,95.851807,100.769,101.414153,77.8155,76.905654,74.469923,76.3845,73.612,76.785962,84.123731,80.796115,104.492385,104.812153,103.420077,104.276038,103.498615,104.116
20.179423,16.544693,15.659384,15.730077,15.721192,15.669462,15.643346,15.665038,15.804654,15.708692,15.730192,15.606962,15.537731,16.244038,16.23573,15.694846,15.814077,15.554384,15.661654,15.659577,15.631423,15.653923,15.763654,15.940423,15.615807,15.6165,16.225539,16.358192,15.808576,15.859961
53.461,51.888731,53.196115,51.924808,51.871231,51.76873,52.299808,53.598769,52.900885,52.902346,51.973192,46.600731,42.723039,47.125577,52.980538,55.495115,51.579038,51.697077,56.302192,51.861808,52.954,51.902615,51.811115,52.660538,52.021846,51.745346,51.870846,53.137346,52.185499,51.863231
90.643846,84.458962,84.164385,84.13773,84.193616,83.761154,84.173154,83.941731,83.968115,82.793962,84.171923,84.532769,83.982307,84.061423,83.605077,85.193653,84.291077,84.260307,84.138076,84.113423,83.752192,84.132577,83.740577,84.020385,83.972,83.795269,84.134269,86.372385,84.493115,76.670923
98.289538,98.093153,98.016615,98.336961,122.426731,123.773307,124.176308,122.799999,124.088462,124.091961,123.751769,122.228077,123.301423,122.487961,123.218038,130.850692,121.787461,125.247115,122.152846,122.026731,121.730385,122.491692,123.323693,124.333538,124.509654,121.846039,121.745884,123.131,122.9545,122.836885
123.002346,114.181077,114.829423,114.156192,113.868077,114.481653,114.344153,115.037923,113.365616,114.470576,121.06123,116.875115,113.844385,113.084462,113.819731,113.767461,113.709731,112.890731,112.08673,121.506,119.12877,114.479539,111.387153,113.903616,113.129231,116.942154,116.641615,116.604846,117.286961,116.837385
99.899885,89.915,91.523384,89.906538,91.518115,90.090692,90.468961,90.420077,96.255654,92.010269,91.3195,93.779923,89.901038,91.450884,89.375923,90.281462,90.862192,92.94473,90.259192,96.706654,90.87223,90.947577,91.185538,90.214038,93.717807,92.421923,87.672538,71.002961,70.311231,74.497808
101.589616,95.458693,97.281192,95.241153,95.522231,95.256423,94.863885,94.8735,95.197846,118.960154,120.437961,120.200038,121.274231,120.381692,119.732577,120.206,119.697653,119.983346,120.026962,120.236,120.008577,120.455538,121.692731,123.377616,127.251423,125.416384,122.915461,124.454654,120.336577,120.268385
111.804461,94.907846,95.965038,95.241692,96.133616,95.873539,100.251923,83.412962,96.803731,95.256154,94.981192,95.712923,94.550038,95.909769,95.687154,94.536654,94.620385,96.245154,96.450154,94.648961,96.314039,97.750231,96.062346,95.203423,94.510461,95.776654,99.53223,94.925654,96.265923,96.859423
186.157539,181.948807,183.309192,184.513692,181.214461,184.061346,182.69773,183.109923,178.51173,183.394269,181.836038,192.112346,190.645269,189.671346,187.926616,182.336731,179.824538,183.693385,179.896039,183.704885,186.192923,178.228269,182.35377,181.908654,178.492346,184.901999,178.318077,183.769923,178.109,179.961115
38.332962,33.074,32.734154,32.701,32.643731,32.388231,32.449346,32.445423,32.35123,32.712731,32.38323,32.319154,32.435462,32.371,32.386346,32.737808,32.681,32.424116,32.376654,32.567538,32.469269,32.214115,32.410616,32.604846,32.616884,32.679577,32.505385,32.448076,35.04523,32.430385
69.365653,69.136076,70.355462,73.249,69.323615,68.257115,69.437962,68.692846,69.693116,68.707692,69.364346,69.095731,69.688615,69.181962,68.794038,69.192038,70.967538,69.136846,69.076038,68.851808,69.045269,69.145346,75.479539,76.258077,75.058423,75.375923,75.110077,74.715807,73.037462,74.882615
99.123692,88.666346,86.118307,86.293808,85.923884,87.974693,86.0765,85.552115,86.002769,86.024615,86.192654,95.067615,85.791346,86.10177,85.970423,86.145385,86.206577,86.362308,85.886577,85.988308,86.103808,88.358038,85.796846,86.031154,86.029884,90.834539,86.083154,86.037692,85.805269,85.967692
160.343231,150.717039,153.491115,151.120077,154.72923,148.925076,149.834423,149.540653,151.497462,152.265577,148.801192,150.149115,148.849654,151.702577,148.686461,156.842,134.831346,167.2125,163.208154,163.566346,164.214616,149.135269,153.408885,149.628731,152.957807,150.236192,151.869346,154.813346,152.780577,154.69723
163.024423,164.75573,162.325961,165.105885,169.472807,166.048615,165.882538,164.588577,166.245615,164.197961,162.590577,159.774654,134.561692,130.914423,128.585961,135.828115,130.930115,128.956038,132.531769,130.392039,129.496769,128.928923,130.176346,153.461385,168.162769,172.479961,182.709808,173.502808,181.765269,166.113346
92.052384,90.646231,91.894808,93.974846,91.626154,92.532038,91.69673,96.245308,93.4145,93.718308,92.735538,92.803692,93.072807,92.556,92.322038,92.590192,91.878692,92.163423,93.055308,90.895077,92.964346,92.233654,92.8655,96.213538,92.516539,92.850192,93.569231,91.786846,92.072538,92.987077
103.344308,97.924115,98.375884,102.569231,98.733423,98.997423,101.524077,98.324231,97.561885,97.766539,97.939154,92.91827,78.477231,78.456538,78.764308,78.705731,78.643115,86.151692,98.510346,98.653077,97.96323,97.998115,102.248846,98.749269,100.102577,99.936154,99.395539,99.196461,99.631269,98.730538
48.612269,42.236653,41.546038,44.130038,44.677346,41.730462,41.398577,41.350769,40.8085,41.222846,41.940038,48.243269,42.597077,41.351961,40.661193,41.417538,42.255885,41.205192,40.821269,40.652423,40.706462,42.206116,46.0615,44.732269,40.876654,41.349115,42.085923,41.507115,42.198423,40.442077
31.614769,16.651808,15.198115,14.749077,15.027231,14.834769,15.008077,14.694923,14.787461,14.833769,14.620692,15.031962,14.522231,14.513847,14.587192,14.679807,14.661462,14.806153,14.454846,14.538615,14.397077,14.650423,14.939193,14.767885,14.549731,14.653231,14.647115,14.7755,14.682423,14.585538
196.698769,193.304731,193.930615,197.196577,194.066962,192.486846,194.544192,192.733077,194.680922,194.063961,195.240653,199.093153,192.955,193.853769,197.050615,195.852461,194.611769,199.949923,201.845308,201.875808,197.779654,195.033307,195.143231,190.57573,201.698692,193.25323,195.211346,193.758307,193.668576,206.873808
344.016692,333.865269,333.691461,329.834,338.072884,332.599,328.883961,334.205192,338.497538,332.514192,351.221807,343.127654,331.229423,339.570962,334.996769,325.89873,330.896653,338.201154,330.955384,327.272423,328.8085,333.708193,331.138307,333.363769,331.7595,332.369615,325.604769,337.103577,348.388884,339.006192
445.465269,449.488769,445.120231,446.744577,447.079115,445.130268,444.926076,441.729039,450.104422,440.743115,446.950384,476.376576,457.576153,451.365269,451.261076,446.767577,445.438346,445.740269,449.287922,444.542,446.913846,444.9025,450.012884,440.805807,467.532269,451.756961,445.823961,450.2295,443.023654,448.660346
817.069153,809.505346,808.099461,812.487154,812.65973,808.136884,804.652691,809.237999,817.487884,809.558499,803.090153,823.285153,807.7675,810.950422,806.10073,803.884384,801.952153,638.803422,688.207154,825.090269,817.141269,806.56,651.189269,769.888461,809.516461,805.205115,829.222653,805.313422,797.670922,786.034846
