161.565417,87.020885,55.17724,76.618489,91.255781,95.743073,59.616094,68.622031,56.560416,50.374948,58.969739,57.100469,93.877396,86.222761,79.442917,72.473178,54.439791,56.636197,63.555261,50.429375,60.087135,94.583333,63.328229,59.393855,66.676927,49.266822,50.534062,49.29651,60.976771,63.369844
41.894896,38.758281,23.406927,26.815156,22.944375,32.532188,36.280156,59.012604,44.937188,30.87599,55.556927,50.371927,29.147084,39.908334,41.237605,30.002291,23.486979,35.213021,23.802031,69.21177,26.830834,34.156458,35.445573,25.618437,28.473489,26.023802,40.502761,36.172761,25.590104,22.825885
97.781667,78.953802,83.020364,60.209427,70.8075,98.160677,89.480052,83.962447,84.074531,66.608386,64.453959,84.30302,71.081615,69.613437,95.666511,91.329583,72.552292,62.832552,78.340364,82.556562,78.389531,85.803177,140.998646,201.32651,144.280261,70.314219,126.424532,122.838489,72.20677,132.215885
88.112135,51.508854,52.423906,52.939323,65.914271,75.325625,65.717656,63.491094,53.911562,70.325938,63.275104,60.440729,59.415937,55.266875,56.003073,61.010886,71.175053,52.557396,73.648229,60.047291,79.235469,54.662188,56.864323,51.612864,56.45177,56.054791,57.30276,82.382916,61.81776,69.122917
46.847916,48.528906,31.756458,44.164687,61.386146,102.83526,31.751666,34.34151,53.989584,40.127604,80.33875,34.35224,35.805365,39.496302,42.475572,60.145104,50.189427,34.880261,41.352188,68.935,44.458385,37.408125,35.844323,35.067604,67.209531,59.274791,33.557031,44.951823,47.381771,34.884219
41.062812,24.881666,28.08323,24.340312,26.719688,33.282292,31.954115,24.534687,28.037083,43.103854,23.525521,24.579583,22.838333,23.858854,44.995782,21.707656,32.054895,23.483907,25.155833,22.88823,24.443334,29.590105,25.924011,22.900208,29.71276,27.053281,27.429896,26.391146,28.595625,24.321459
81.745782,68.292448,59.79974,56.358021,58.68276,63.315156,68.959427,58.988959,69.43875,86.460261,67.683177,99.3125,160.842657,122.513125,177.465937,121.454375,87.700573,109.494114,188.662604,120.157448,75.382343,78.500364,67.649219,86.536563,61.085625,61.548959,70.058802,62.256771,74.482812,68.103073
83.826145,84.701407,54.127032,72.041355,82.738698,64.552917,66.432656,72.523802,54.384063,79.760938,59.531875,53.297552,79.502448,62.004428,63.978802,67.315208,53.783073,89.01448,62.222136,107.803698,87.779687,95.896771,90.013489,105.182292,70.528802,70.697395,64.134583,62.888959,56.429843,67.625365
54.25349,39.202448,41.334687,39.57375,44.258542,26.846563,39.486667,32.276041,38.113281,35.603125,38.949427,31.793594,30.945468,26.966042,41.690469,34.088646,44.547708,61.805,31.715052,35.544948,35.333125,34.102083,35.384062,34.528334,47.559896,33.10224,36.17224,36.343229,34.153594,48.305938
54.289896,42.415885,34.68302,54.469583,41.948281,38.134479,49.582031,51.833437,68.343125,34.377396,95.449688,45.507396,36.853333,49.76401,67.518854,62.75875,35.650261,43.166511,97.6525,56.411458,90.963803,84.029375,38.078073,57.278854,34.285834,37.122396,61.697865,42.618854,28.369688,57.862552
82.252917,105.363698,119.575833,95.717083,82.24,84.348593,74.772083,70.378177,92.281615,87.032396,95.263229,161.885677,99.103594,135.067447,77.289375,93.349219,90.156302,82.967396,96.688281,101.6075,75.155677,81.99698,96.300104,157.859323,105.647448,72.004584,135.270729,97.730469,90.829219,106.974896
177.759636,80.047135,82.286042,62.542396,72.369739,65.713073,66.43474,107.459636,67.668698,71.503125,86.28849,82.846666,63.888229,60.883697,103.851719,72.582239,97.073281,59.503541,160.425104,113.772916,116.638021,107.775573,86.258802,103.851979,149.917187,76.19099,81.804375,111.1825,101.459739,190.825572
140.595052,197.363907,162.692396,95.82073,92.985,97.077344,126.452291,70.282864,67.793802,89.12875,79.084583,118.054271,95.793698,78.39349,51.723021,59.105365,83.092135,93.536198,164.706042,112.552916,66.1375,59.657604,72.98526,77.31375,82.284844,76.373073,75.973073,75.776614,72.86802,63.500521
89.481302,60.124167,76.341615,61.566198,64.398125,63.380157,78.953281,76.192708,86.413125,58.162396,83.333073,61.580885,89.034218,58.299687,57.681667,119.196042,97.819531,77.333854,60.627396,57.375104,68.000989,65.553541,76.404167,71.937448,57.160417,66.742604,62.401667,78.708541,86.13375,88.672552
105.18125,56.042239,61.898803,68.299584,77.018125,68.339687,80.854531,67.76599,46.764531,51.282239,49.090729,50.137135,59.639323,55.780469,57.016823,60.292813,58.884114,106.90677,72.40974,149.49151,70.046771,65.334584,57.575937,59.549011,81.724271,55.720625,68.74599,58.355104,51.928541,49.037604
85.008802,73.766823,64.362292,67.398698,71.722031,61.170104,67.785468,68.603073,66.395208,59.086875,66.983386,104.625625,81.972187,114.898438,89.856146,85.764323,92.119583,77.685156,71.180573,80.235781,69.758854,59.220937,77.655781,85.728489,72.511198,94.622083,82.207032,72.033437,103.58526,96.241562
104.399271,92.773646,100.656458,99.790208,89.705104,94.724219,89.886146,85.133385,98.615989,102.414531,81.806718,84.391094,74.14849,78.535417,66.459844,94.782396,131.072708,99.874479,90.781094,77.367604,121.988594,77.098333,85.265989,76.422917,90.492187,82.893073,151.918281,98.56125,129.381823,67.759271
128.96375,75.560625,48.954948,54.215781,57.066459,106.119947,84.735157,49.578594,74.150469,54.969427,64.576459,67.642708,58.426459,52.989896,71.680885,61.630157,67.316719,55.616302,71.608542,70.632083,151.067292,108.961094,90.293645,53.586093,60.655573,68.038385,60.157084,55.156875,61.415365,50.206875
95.911354,134.419322,122.423177,150.133489,111.866511,89.990208,115.853334,80.905365,121.045521,81.488334,86.363802,122.233177,69.061198,63.93375,72.936614,74.224479,64.661041,58.980417,80.404219,69.662239,64.550729,69.351042,63.566667,87.727709,68.41151,76.568646,75.523958,63.512031,72.342084,89.593489
105.221823,62.240573,66.106562,59.551093,79.856563,71.233281,79.824948,61.271562,58.082084,57.576927,80.121979,65.814792,118.817135,143.043073,112.439167,75.979427,69.631354,85.076563,114.843282,65.982916,108.135886,76.068333,59.515521,61.676042,53.995677,62.768021,70.5725,61.455834,74.36625,61.509375
50.530312,47.296615,43.139635,48.006875,77.188802,51.221303,41.630469,41.420782,32.658072,63.185417,43.47776,44.271771,48.755208,41.52125,43.339427,43.849271,40.143385,46.813907,32.511458,31.628959,39.641771,31.505677,42.407344,32.930417,40.326094,52.04948,36.087865,33.158698,38.892708,33.859791
92.936875,68.859271,77.019635,90.059531,99.367499,94.098646,103.567031,83.764375,68.218385,75.074063,72.263073,98.816719,96.111615,113.479896,119.157031,91.85375,81.441146,74.190364,85.679218,70.505208,71.618281,97.634323,70.092917,83.898437,75.904479,81.147813,73.909323,104.159948,99.203906,99.843229
88.515364,102.180417,71.089531,59.843073,66.18875,125.831771,150.123959,96.084166,67.85625,62.853385,90.762864,65.908385,77.027969,144.723594,62.709532,105.622552,91.182187,64.200157,70.946718,86.216563,71.502187,67.112865,62.531093,88.434843,60.007448,65.998333,69.60125,87.961823,74.358281,84.983177
65.887761,67.934062,51.839011,66.165781,54.016302,59.726458,59.794792,56.128125,65.195625,59.389114,56.122604,58.141667,95.790156,58.909271,61.918178,70.641875,58.275312,50.605417,58.954271,52.632708,51.264427,50.91448,53.175834,64.924375,52.324531,59.36375,55.943073,53.896823,52.312135,59.595417
38.636406,39.698385,30.695833,31.083229,62.428073,37.368959,43.15125,40.61875,40.954739,42.10349,44.585625,35.841667,43.944219,34.901667,37.779479,36.277136,38.986511,39.235677,41.558021,30.102605,39.603854,56.311042,37.544115,37.622448,55.648282,33.489218,36.432604,29.737969,46.083438,32.068072
77.665989,71.41,56.731458,56.551303,76.472656,55.34875,57.150573,56.57677,59.352396,70.393646,67.270156,65.469427,84.388073,64.919792,74.725625,117.869532,109.636719,56.358073,69.303021,59.741823,94.634219,102.624739,124.241562,96.020781,99.719792,73.234896,80.389375,71.139635,67.598802,62.503021
81.413906,61.954739,63.419792,61.345573,63.723125,86.258385,72.929948,88.380937,69.449792,66.181562,102.409427,67.855416,73.360469,64.445782,57.557969,58.417709,63.421406,65.860781,73.356354,65.553386,72.048489,59.859896,80.086094,72.915468,89.257709,62.76776,60.145209,65.545104,70.565104,63.357448
67.232344,56.386406,53.987813,54.585625,71.680573,74.655208,59.664063,55.218125,55.147448,76.112917,71.640312,95.582552,80.112864,84.146979,75.756563,74.574739,80.087083,63.747083,66.301875,86.168021,107.7475,62.184166,62.942605,62.61823,59.843177,79.685521,79.031198,81.762448,92.475521,83.291302
42.017031,31.69599,125.634791,45.145156,46.333333,90.872448,66.264479,28.612343,78.888854,55.750156,49.910729,50.057448,84.621042,28.75849,41.042604,27.743438,38.062552,73.895,49.097188,30.997396,49.39526,39.150365,65.788542,36.097708,36.706614,32.988386,61.711354,40.672552,82.256927,80.016197
84.252969,91.868177,79.04401,69.617708,72.724948,69.535261,87.121979,89.424323,95.563802,106.872135,89.665,82.006823,86.003073,78.189688,98.348542,74.493907,68.953438,82.451406,79.852968,84.796562,78.569271,76.550624,76.380209,76.065886,88.117813,75.785833,76.150469,74.072031,113.310313,91.607396
53.174688,33.487812,48.994115,34.741771,32.771407,49.575416,43.166771,42.139896,40.176562,42.448073,43.356042,40.352136,38.670104,32.032032,39.43625,32.573646,54.506407,32.605885,39.562239,35.626927,46.06323,32.034427,59.354167,41.055729,32.094011,32.750364,32.743802,40.761197,34.548177,57.451771
78.649063,43.575886,33.185417,34.371615,36.338645,35.718438,32.823125,35.399583,33.658073,30.566771,62.637917,40.513594,37.64474,38.91276,45.078854,38.355625,32.848281,29.660938,38.189479,32.07,46.534375,36.565729,42.983958,40.526511,34.547395,38.453593,35.509218,41.787812,33.060313,30.803593
129.725729,111.499531,86.285104,119.123489,168.777916,98.884115,76.87302,84.826874,57.536145,89.557395,67.970781,90.957552,67.618802,73.671875,66.350833,60.534896,57.118854,56.796302,62.979948,63.494011,59.772448,62.099948,61.113333,71.056458,60.426146,61.762292,61.448229,64.131979,82.617708,62.616354
311.703437,262.098802,282.121666,264.457656,312.58302,322.878437,285.02,277.412188,281.236041,271.666041,314.078281,324.307187,299.296563,362.078072,339.216823,394.141615,311.300729,276.19849,270.59849,280.959583,300.783125,335.843021,304.262812,335.153438,362.346094,364.059896,267.101146,361.442812,293.513177,296.829896
335.081302,310.90026,517.719062,381.792917,385.709688,335.856823,423.873385,346.065104,357.297865,292.967344,356.146666,282.523854,305.871354,356.707292,300.125625,302.945209,300.862604,327.250521,275.178021,285.968646,377.896615,461.670416,408.04651,353.980625,337.175364,351.511927,269.462812,298.418854,314.686667,315.229166
249.777709,264.953438,227.04302,234.898542,230.048177,262.758906,210.348594,259.023646,250.446354,240.568646,281.851927,344.649583,308.868073,277.56698,273.049999,272.392917,245.632864,249.583177,228.71901,206.676979,247.69724,243.464583,248.605781,257.197031,262.416041,231.101563,210.688593,289.325469,306.08177,229.518645
373.655417,296.100469,289.855729,306.809948,375.479115,354.910729,432.792083,364.558437,319.918438,274.06026,325.948802,361.631979,291.436875,305.667604,304.858906,334.545989,320.775208,343.015469,291.185677,296.531145,285.309843,275.277864,313.066302,276.692657,278.847812,306.622917,331.770468,358.102447,282.060156,285.256354
165.973177,131.7275,129.865625,130.246563,131.873645,132.79276,134.564322,127.045261,135.084792,129.690677,136.080417,140.860834,140.344218,145.406146,139.213437,127.098489,137.551303,155.998385,156.812864,153.658802,132.313177,128.044791,134.246823,123.705521,125.656771,120.704219,122.282604,125.070885,130.726718,127.278646
389.828177,278.183646,340.64099,308.65276,254.911979,251.07724,272.343333,264.044635,262.015261,261.650208,254.825365,258.832344,257.030677,254.579062,255.819427,256.770312,253.344688,259.353646,255.912812,260.305156,255.650104,281.096823,271.976614,280.816198,303.577344,280.485938,284.068177,295.539792,277.609062,264.197136
275.298802,245.315781,248.231302,249.969375,261.061771,315.408541,327.077083,329.110625,305.91526,275.263333,281.256302,268.908489,276.197083,263.132708,285.668229,326.53026,304.331042,347.497136,301.599427,335.505886,326.310573,315.076354,278.442343,299.569843,276.193854,274.706875,258.80526,263.982968,269.631146,258.843646
250.779323,249.824115,258.231459,242.690937,229.192761,226.077708,234.923802,240.416875,253.680052,270.522084,279.387604,317.699219,316.581406,300.439479,285.556823,255.095469,228.901615,220.924583,220.031927,229.899375,280.706823,290.792709,282.844687,260.475104,231.622865,226.158385,226.336875,280.658021,283.316094,276.724947
336.023438,309.672604,387.485834,317.124322,394.288489,311.616302,302.39349,373.742657,306.117448,296.943646,311.103437,347.382812,321.37776,352.663697,311.614688,300.665104,350.362604,309.3,299.936458,365.055573,338.757447,399.109322,358.304479,324.725052,313.496458,311.167708,365.761198,343.987084,297.308646,296.741094
344.281145,281.446979,296.365521,323.217343,344.119739,344.689583,347.882812,338.482708,344.374427,351.238438,342.615104,353.878958,331.518698,339.743958,289.712292,301.546041,278.445885,290.145937,287.202813,287.160521,291.156511,290.924323,293.327031,273.442604,277.687761,313.026094,304.785469,272.127396,278.850833,303.161771
364.557656,370.385833,365.0475,379.341458,327.369791,310.489635,333.654219,425.14125,355.93776,319.399114,303.044427,304.221197,300.37375,310.99724,317.960625,309.44927,303.830625,305.144062,304.382917,309.020677,385.077656,408.704062,383.326197,324.418802,307.453594,305.189219,302.637656,323.260885,303.579948,349.667969
246.711927,223.040989,207.757761,194.906146,194.877812,219.599636,197.874584,195.783906,207.712031,217.190886,203.348073,205.977344,228.313124,231.705833,236.49125,278.516302,266.159427,257.337969,241.102291,241.938958,243.173124,202.769792,194.177135,194.343802,197.488281,208.413125,226.945677,213.555989,222.355313,197.675885
161.63573,112.279896,112.623646,111.298698,112.505938,118.287239,112.589375,111.059167,146.748177,120.720938,117.120521,123.444167,116.691979,110.526093,112.55401,111.954115,110.310521,111.261146,116.91974,124.853073,120.176979,111.663334,118.737292,112.819531,112.207917,112.902031,112.317447,112.736198,144.722447,111.863282
230.234843,256.466302,190.817239,192.312292,194.639219,195.471042,193.329115,192.934323,205.82,190.49375,195.296615,190.636823,205.020313,194.932552,208.457031,203.226927,206.645625,206.138489,189.648073,189.553177,190.136562,190.61375,190.871771,198.089896,194.454479,196.417136,196.602291,193.909792,222.050885,216.734479
355.461718,291.918646,295.960938,275.573229,267.915521,302.668386,328.90276,339.962917,359.204635,288.566667,314.128698,324.725521,325.108542,293.988282,268.754062,309.226927,344.374115,344.928333,327.780052,367.059166,349.875729,388.225052,317.353906,316.847239,354.151927,328.166094,268.132344,271.89375,274.171823,284.487812
244.161979,239.023542,192.198698,180.588542,195.162917,194.936614,235.561823,206.405781,218.134531,242.82276,229.759063,217.719843,213.954948,189.756145,230.62375,203.757188,217.907656,199.413958,190.310052,185.450781,207.834271,210.109011,204.43026,239.689271,213.528073,205.652135,236.85099,220.34849,208.970625,201.044583
179.790469,167.458281,173.53401,193.397083,188.70802,201.606563,185.009114,163.055157,162.889219,176.478229,169.657552,166.349427,160.201042,163.020364,172.817031,190.519114,178.177917,204.611719,167.803229,193.842657,183.172864,176.70099,158.531458,170.205417,180.111511,183.901875,191.891042,163.463125,182.406302,205.368698
263.496458,226.540156,227.84,220.981719,280.519063,302.35224,222.604323,226.466198,221.805313,223.263281,233.279062,241.834219,254.903542,228.623437,261.984688,287.562864,305.814323,283.10625,283.184792,231.101615,222.157499,237.179844,230.617135,220.502656,221.575,220.362135,246.988281,225.423177,242.099375,258.476979
339.784062,303.728542,329.396302,375.080156,325.127084,311.5725,300.907031,301.064583,305.537969,369.418698,334.326146,393.703958,370.817917,362.270677,351.728646,415.782916,393.786302,382.335989,383.345261,341.70625,329.210312,327.249635,326.88177,303.763802,322.131458,335.350364,418.079427,346.830782,383.923385,345.002239
254.280989,236.477708,236.100416,261.14375,276.98776,287.873855,244.030365,231.412396,233.086822,236.577084,260.506198,253.854843,269.729687,290.873542,283.216354,303.107656,283.399948,246.746198,270.190729,263.844062,268.01651,325.406041,293.497761,263.074218,277.267292,283.116719,299.55901,254.511927,233.123802,248.526718
214.407969,168.747656,167.716198,168.387344,167.792032,167.454844,168.217291,185.007656,207.247187,169.475625,208.329687,202.674636,200.70724,190.52974,168.892239,167.230573,205.997657,193.560573,183.102604,169.586302,178.974166,195.735313,182.837187,184.538073,194.382812,182.059792,169.479843,168.548646,184.463697,181.924583
340.830521,320.852291,346.557396,304.747291,317.616719,324.964531,319.397031,344.44901,329.643906,302.924323,297.391094,294.653802,394.178958,342.209323,325.974532,327.687708,333.332968,325.639063,315.228854,319.527396,321.104063,321.792447,326.069323,334.438073,359.578229,339.506094,326.995937,330.078334,331.72677,333.736354
416.584323,430.015625,469.810885,402.836979,372.779531,367.218489,380.033438,370.837708,378.411927,371.728125,381.139218,415.342135,436.584166,471.322448,437.179947,425.942031,352.05375,374.463958,412.145937,372.477656,372.87901,386.412083,389.930781,371.349635,380.046874,374.490364,350.039583,393.304635,368.010729,425.089375
178.620625,189.652344,160.340261,177.6975,170.377761,162.407031,167.62849,164.930364,164.431406,187.282395,202.202812,224.5425,221.996927,194.191927,188.377812,173.284167,223.774114,154.958282,152.525417,151.705677,152.837084,155.261145,154.313959,154.116562,154.019792,152.684688,152.271093,192.485521,164.88302,150.846719
166.482344,149.911302,149.250781,155.965416,154.848437,177.247239,183.854844,151.891823,146.012916,149.961875,209.240886,200.093229,197.379688,177.408177,170.394375,186.618177,175.691198,189.936354,200.203281,171.726511,150.949271,177.413855,183.932136,162.948437,148.005781,145.519479,150.876875,163.607343,155.636146,158.288438
359.04901,358.796875,327.373177,318.136667,304.342604,303.207135,305.261302,349.33026,317.701666,344.364375,333.70901,337.313802,376.746094,389.667812,381.752031,362.054062,331.135208,373.613281,400.401667,347.685677,311.856562,300.023229,302.703854,346.702604,391.810677,393.407917,381.759584,308.253124,304.815156,322.693645
347.244896,325.257604,316.011458,343.418698,376.296458,368.438907,323.923698,320.95349,303.936354,330.630104,337.339791,338.241719,389.08375,367.379531,372.867135,364.796666,343.319844,370.967032,374.615937,409.825625,424.521354,385.545886,337.410521,331.880364,321.673229,338.261302,339.61724,344.17177,344.278333,390.099062
381.793802,357.715208,406.313073,396.733958,403.134896,431.526822,434.456979,423.945938,343.316041,399.231875,362.13526,356.561146,340.518021,338.012344,341.090104,360.410833,389.316406,343.102239,371.828958,376.881979,348.381979,348.164375,346.58125,354.219114,349.939843,381.49401,382.935104,338.209114,356.407031,361.229271
190.523021,140.372604,146.498333,141.59974,145.817865,150.808697,138.827552,137.695573,136.956823,136.436875,136.442135,134.263125,138.693802,158.42,153.694636,170.994688,161.485468,182.121927,188.777448,172.086719,170.100156,151.701562,141.312761,135.846667,142.884219,146.749792,149.171094,139.869323,137.046927,138.217969
475.85625,475.718021,484.07276,363.783021,382.042344,382.194792,372.676302,380.703021,367.199375,363.574114,357.58625,386.427396,362.739375,364.178281,356.783802,358.5075,369.6475,460.038698,438.308021,444.313646,461.299635,396.924636,379.165104,474.307604,399.475208,378.984895,390.892188,366.586458,364.516042,369.656615
315.397865,286.01,295.475989,288.956406,320.548073,353.066562,335.47901,402.465104,329.541875,351.501562,303.589947,309.439636,335.989063,294.39375,309.9325,287.812032,294.123698,292.866146,346.752864,326.851875,347.164427,359.672916,379.288333,330.272656,304.38375,301.795364,314.990885,343.834375,264.843646,269.41724
290.392448,261.695104,299.43724,281.092656,277.910416,297.671198,321.264271,269.623333,263.960573,268.50401,259.547812,258.846406,259.441354,257.119166,263.537083,262.511927,307.795729,347.976771,285.014115,323.174739,288.761563,260.197969,259.134687,301.085208,281.402032,307.987657,292.784479,275.772812,257.85651,260.918646
310.055885,255.482396,256.072135,258.189323,266.510677,273.081354,275.585104,262.847968,274.311875,286.425468,271.189427,306.500208,346.354271,282.233541,273.058646,265.190313,273.488958,333.746354,343.329218,341.536927,345.995573,330.552604,267.068802,297.713438,260.894271,261.299323,254.742291,255.580364,256.588594,257.359896
304.519636,330.636146,337.049584,254.103698,228.364115,221.65224,236.864947,255.355573,274.950729,220.677969,232.874843,222.899063,272.418646,268.27,271.621563,270.105365,236.451927,236.553489,218.264896,217.086614,230.417917,260.206875,277.619791,254.706822,234.012292,243.068021,219.900104,253.485625,323.706771,247.296198
274.360833,239.230573,241.299635,253.909375,258.147083,282.217551,254.314688,245.554947,263.63,245.562969,242.815573,324.17349,320.574687,249.903906,253.565364,243.950937,249.739843,268.489166,262.454427,274.796666,277.749948,250.470886,331.961615,338.058281,318.762032,267.971719,255.059687,263.365521,260.674792,277.329635
284.73375,269.267448,275.873437,284.327916,287.862657,267.873125,270.820364,272.509896,275.900521,270.393437,264.85276,272.073281,324.364583,274.860885,288.803333,318.888593,364.24026,264.404688,290.981198,283.636459,290.578438,314.17677,319.284479,334.686719,325.275313,329.152396,310.545573,302.941093,356.091145,314.123958
304.752239,229.618125,226.381614,230.4725,288.752604,260.288177,285.288385,306.133125,264.819062,228.694323,227.639219,231.010469,250.424322,251.373125,266.964271,232.268281,244.020781,267.055625,307.02526,289.910937,270.369219,234.944844,252.787136,237.598749,248.416146,253.5875,234.240885,242.240156,260.839166,267.138802
241.928333,211.59526,246.358958,211.191354,284.695625,246.388802,216.10125,209.468906,212.763959,235.040417,212.05,202.126927,205.069844,246.352916,223.939219,206.765416,235.553437,205.825521,222.326302,233.852708,260.874583,225.786302,198.572396,208.67224,195.308854,198.660521,225.038593,262.174323,215.499948,240.967968
296.034323,263.443282,263.975989,266.549948,266.781406,265.839635,323.035937,309.084271,326.415781,260.876093,278.54099,265.705885,273.847604,268.533593,282.236042,266.870833,260.977344,262.177813,258.767187,329.642135,320.356614,316.685312,290.515834,305.351042,268.153802,295.486354,262.577917,256.03276,257.935677,259.061093
177.890365,176.899115,175.661406,176.974323,174.242604,173.254947,169.252187,163.253698,166.147292,208.384792,210.516354,160.480886,168.82875,167.841667,188.600365,194.699114,219.480052,168.705469,177.361666,169.223125,182.897292,229.488594,217.552187,162.771927,165.369687,179.645573,167.100156,191.342448,163.230833,178.134635
284.666146,264.124636,273.448177,293.587552,316.179374,314.774583,294.306198,267.494843,276.495677,270.154114,275.707083,263.244271,262.628698,318.779323,303.417813,283.981354,322.988021,287.748594,265.995365,267.520156,285.093959,329.81849,331.939688,339.823073,344.522239,340.249114,342.139375,333.741093,361.664896,317.597864
316.189583,284.764791,287.386615,329.640156,324.072604,289.714583,290.050104,314.594687,326.109531,303.996458,325.516145,326.49448,327.798854,260.345989,270.162344,278.897604,269.925364,258.774687,259.583593,261.727968,274.202708,259.366979,260.287396,268.361979,277.163333,388.719687,287.741042,306.020416,352.418698,290.605156
293.571562,278.503542,263.994271,330.629219,351.111615,296.3525,285.926094,282.061094,382.868073,307.422343,262.327136,260.860365,260.192865,261.753333,272.226979,283.403073,292.985729,340.300052,312.652604,278.204635,407.621614,347.037083,320.071979,317.852708,332.696823,281.987396,302.705677,282.979219,277.952552,262.167657
152.331927,139.081459,148.138021,159.462083,158.603645,148.951927,148.400886,164.520677,179.169584,207.360469,195.265312,200.541614,209.150312,205.148541,203.282604,208.658073,224.982968,214.519114,198.409166,222.599375,171.947292,201.669167,187.571458,187.702031,163.082708,167.120573,167.930052,169.658125,169.461094,174.419427
341.375312,298.687344,270.659218,262.547969,254.319115,254.376823,286.857395,259.097813,243.896459,254.114583,277.219011,317.372343,362.979739,349.620416,325.624427,267.115937,273.530364,297.188749,261.445469,255.647239,269.590781,263.80599,270.593854,265.298906,248.553958,266.825885,271.150521,258.878281,246.961615,288.397448
361.929323,349.618646,412.169115,383.454896,478.112968,421.45901,331.991093,328.782395,327.358229,330.999271,332.842135,349.004427,328.215885,336.533594,373.913854,332.183645,337.221822,335.372968,329.954427,325.565625,421.361667,415.636979,416.013542,469.166979,402.968021,413.35375,402.790937,377.091719,385.782083,441.010833
375.387604,330.020834,346.037239,361.255469,344.222292,326.929219,315.674895,455.062396,414.717083,371.855052,354.967031,347.9675,342.847761,439.860104,382.717916,331.13927,372.885782,386.396042,409.590156,446.604843,399.853334,334.597396,343.445312,334.980885,439.576979,392.817395,351.679896,412.873906,367.04224,330.231406
323.43677,290.955052,286.418489,300.948646,301.193907,296.947084,350.013177,364.687812,326.326145,327.350104,280.427865,284.471458,289.864271,278.692032,285.532812,304.551562,316.027552,350.415572,408.505208,304.215573,305.619844,306.859792,302.860208,322.99224,367.5475,332.548594,361.267812,397.279427,351.377708,342.169791
217.949218,195.656406,201.869218,207.086354,207.619375,236.0275,237.077761,204.750833,278.793698,199.864584,203.285938,213.743802,222.574114,199.973437,211.066093,193.682292,193.955469,193.286042,197.567083,193.27349,201.707552,213.717031,220.329062,192.361459,196.110261,208.083073,204.303021,208.438906,204.299739,212.713489
397.079062,374.1475,353.706458,413.996354,431.360989,476.308333,437.332969,404.654063,374.770156,360.130573,365.908073,362.200625,389.088645,385.839479,398.785624,375.163333,373.258333,372.645521,355.973958,361.801042,356.320624,399.715885,411.157656,468.039271,438.17349,414.894948,385.241718,407.312344,397.051146,418.69974
289.170677,269.176459,259.287239,267.707656,373.826041,308.887656,316.917761,270.8775,291.649583,381.794792,376.323645,363.534791,361.641198,328.275157,298.043229,309.484479,314.756145,286.301354,328.318907,310.53724,332.270052,307.13474,253.207968,276.992187,256.0,281.678854,284.932656,271.179114,247.991458,252.324844
497.981771,578.442656,508.106875,590.08724,570.523593,471.441614,435.231459,459.594948,476.359427,578.129687,490.251198,528.370416,454.922344,454.698333,538.442552,571.868698,558.602969,472.457239,577.328697,583.181249,534.317292,487.401301,445.48151,443.378021,501.668385,440.481666,443.099583,479.865677,547.320156,537.17927
302.800573,244.539844,241.157656,246.776667,248.138802,267.036615,257.320208,302.455416,258.171718,252.60026,267.019896,263.939792,283.845156,265.360677,262.313437,270.820625,246.481719,256.786042,243.888802,268.935573,312.060781,299.459166,311.485156,286.187032,352.534688,287.60125,253.127552,283.568386,263.305312,270.778645
575.645834,446.681562,470.584219,471.888489,471.28349,432.149583,433.627968,436.380625,489.41901,456.889687,511.94224,549.863333,506.742292,564.646302,536.092812,449.642031,445.470208,447.167136,464.79875,591.144271,442.14224,452.407552,534.694739,491.245052,642.136614,580.559479,498.235416,460.133906,550.962604,479.332083
207.146198,190.062604,189.351719,178.076615,183.78125,192.350677,192.239427,225.960521,196.074375,233.980625,195.529427,239.539427,197.232968,200.416041,201.326875,188.386666,212.319271,192.181406,220.625156,226.005938,202.060469,233.619271,220.631041,236.980261,204.267865,227.399479,205.834219,215.833855,239.997968,221.397292
278.310052,257.031979,296.49,264.246875,284.062812,265.588698,273.71776,285.252292,254.747188,259.471094,314.481667,265.674948,257.255781,328.570417,298.785469,273.620625,261.669843,270.427761,269.995364,256.983855,276.367969,275.488333,260.620729,266.824063,271.891198,264.850365,263.499271,272.063281,265.655938,253.73276
303.826823,284.614947,266.781094,256.648698,350.089166,303.939635,329.686458,383.367135,300.975938,304.521927,307.51625,262.130677,244.910885,247.291927,242.921667,292.62948,251.689114,308.873698,313.325521,332.915,252.356094,266.64099,242.924739,248.980208,282.83875,258.285364,244.535521,241.755,249.036979,255.313438
300.897031,357.002135,344.014948,281.254115,262.827812,284.545625,325.494635,281.493333,267.618646,273.379062,264.431927,259.857552,267.911615,279.511563,328.522968,271.447969,253.107395,259.17125,268.007031,283.822343,256.671511,293.075416,301.406146,320.655,316.825,327.688697,285.93,261.017552,287.007656,256.340364
225.345104,212.997135,221.69125,234.366146,236.13125,215.984999,213.790156,220.694479,232.958541,221.911406,242.007396,271.429531,241.375313,260.550156,246.913698,251.050782,218.041511,252.537083,257.632708,249.511302,245.718959,283.317083,267.722604,222.139843,217.565156,212.780573,208.241563,210.242552,233.315157,225.334375
388.413385,367.66224,340.444844,366.638541,362.118021,350.802448,397.50099,333.455156,423.307448,417.827084,473.865208,434.525625,365.487396,371.619114,394.890834,400.94375,415.700208,359.510677,392.881718,349.35125,334.5275,335.240364,363.665364,351.878542,339.957083,362.626198,345.477032,395.879062,351.999635,462.714531
295.548334,238.33073,232.183802,220.895989,216.953073,220.737396,219.608802,268.643281,276.038437,265.305417,247.747812,234.744531,233.55552,257.307291,284.376094,250.142083,236.048698,227.782552,219.413177,220.553646,218.396041,252.423125,279.14474,246.091979,314.548177,303.198124,321.271927,233.759531,231.324844,217.593281
174.874531,135.634583,133.051719,131.639947,154.754374,169.180938,172.983229,153.537344,154.812344,173.962552,183.143489,165.552396,140.265833,132.503073,133.583385,133.819948,135.51948,131.956823,132.812083,134.066146,133.0,147.325573,145.225833,139.124688,143.54849,161.661354,140.051875,134.666406,138.58151,162.43474
500.172083,456.806666,405.129167,376.721511,376.605833,373.607343,414.349896,462.835781,418.652865,397.439584,407.635833,386.585573,416.799166,352.905208,463.810521,484.177135,404.751719,440.418385,358.325572,366.859636,389.85776,434.72052,388.552083,398.912188,403.282864,359.99526,359.624218,364.449323,324.992604,321.057448
162.286562,147.395625,148.119323,154.373594,155.140573,158.484427,168.401771,176.418073,197.433438,212.714584,168.348021,166.66026,146.422916,147.713645,153.418177,149.003281,154.234218,173.938177,157.02,166.909584,156.878489,151.331355,160.250886,147.524635,149.590156,148.464427,147.558281,152.499011,148.960625,149.898698
186.689114,169.356771,168.645573,168.549687,171.127709,167.731719,178.825261,194.686771,166.35474,167.169115,167.445885,225.587917,205.083229,187.586459,169.214323,182.036197,187.363854,181.193437,183.924792,194.549218,181.614583,210.248229,198.814531,189.231094,192.893698,199.637916,201.945416,187.568021,169.231614,169.813281
246.618594,251.77875,274.641562,254.31302,266.002292,248.900261,260.124583,271.188802,268.218854,280.028541,270.704948,269.31427,257.101094,232.047187,263.493593,239.018438,227.281979,229.606562,239.592969,259.310261,259.039531,251.898177,267.452084,222.69,280.648125,259.614375,196.836562,207.02724,190.089531,192.16776
248.962239,263.421042,259.732447,242.034062,253.111198,238.364896,255.373333,266.663698,225.949427,253.261614,231.724114,200.695,199.437656,231.484271,217.652396,214.780417,217.474792,211.890782,212.466771,203.836823,207.248906,217.182395,287.535989,252.925468,218.535989,252.387813,215.023958,213.76651,230.758959,199.294687
58.712865,41.914532,39.86651,47.944271,48.283438,46.605416,40.603021,35.906563,40.669011,33.853281,33.631875,33.801927,35.896406,35.362552,37.427344,35.635157,33.721875,33.394323,34.839739,43.413073,63.6625,52.202604,35.562188,37.416146,50.521458,49.60151,46.755833,44.949271,44.251666,37.004792
132.178229,114.56651,124.492864,116.525989,117.770625,107.59625,122.35,110.628282,84.98276,84.901302,85.956146,86.801719,85.512656,107.203646,98.135781,98.480781,104.645781,107.013021,116.687812,104.017917,85.202605,85.388802,97.715469,95.649895,96.817657,115.284636,89.009844,86.7975,106.064323,87.676614
163.350573,154.178385,151.448854,170.272604,189.374636,188.282969,161.911146,148.392396,148.173437,146.439844,142.523177,142.054218,158.295,148.551823,143.716927,143.030521,149.929896,141.396614,144.500313,146.307864,166.951458,140.669531,144.991198,155.712552,159.381615,150.568385,153.865313,149.257031,157.667865,155.572396
219.848021,178.831146,178.46375,174.943958,179.486458,204.545885,213.636874,190.201823,176.486771,182.557604,195.853489,216.353125,197.358802,185.249583,177.036823,176.662656,208.613177,177.490521,179.101614,210.448437,173.1225,168.383645,176.595,181.138802,188.448229,184.114323,180.10151,184.202865,173.493125,187.743125
251.725573,229.330052,201.599427,197.888281,197.866771,194.93849,200.497604,205.620208,230.346041,271.783854,257.513125,237.297812,204.591406,193.979792,193.387865,194.191042,198.086719,204.813645,215.149167,191.519583,227.445572,199.953958,219.412032,232.864635,218.307083,231.992135,206.421406,233.537031,204.335156,197.145886
216.31677,203.846458,207.411145,203.750104,206.196979,238.807239,209.578281,203.558698,208.220885,213.418906,188.060052,191.846614,236.456459,217.765209,252.618386,216.685416,192.397708,190.944479,220.594114,252.270677,240.66651,218.845781,231.02375,204.262084,205.427031,217.108229,258.801667,235.086666,276.827344,229.921407
287.674323,240.499063,240.054375,243.539219,233.561875,223.658698,215.418958,233.993802,214.679844,231.801719,224.943906,219.604948,226.012135,225.317552,220.795208,223.658334,261.645364,247.77375,289.794948,311.893749,269.001927,272.580625,267.941302,271.074427,263.313541,254.104479,263.530521,273.173594,264.260572,237.930156
209.384583,202.9075,199.017968,196.754322,204.763073,186.59599,209.186197,202.388386,204.391927,200.681771,202.638542,210.942031,216.984427,194.023749,213.3175,207.49,259.554063,261.420312,226.777292,256.945469,222.722292,197.744062,205.824115,222.141458,200.07901,214.531874,219.351666,212.009688,187.338958,188.437865
432.82276,386.216042,376.403541,394.799844,404.798906,348.121614,378.423073,376.717708,405.96026,430.884896,367.104948,396.591146,348.921718,338.761771,339.210833,377.262604,382.931198,360.343802,340.238177,351.826146,346.487761,345.373281,382.510989,360.574948,439.873073,394.009271,426.690729,354.387031,330.133072,357.994375
104.201771,82.04224,73.130469,71.177396,70.853177,69.991719,69.352292,70.076875,69.420677,70.127708,70.372136,69.294792,72.887916,73.212969,70.494792,70.569583,73.76125,77.32948,69.775625,75.508698,70.485781,79.012032,91.552552,90.765364,81.617865,78.130052,95.208229,74.922813,68.189583,70.789271
175.377136,147.870469,166.269948,180.420729,193.35599,167.272864,144.865364,146.957292,184.607136,184.434427,201.163541,175.880677,176.656719,159.359531,199.529896,183.866614,164.925989,183.960209,151.547031,146.785,145.067917,147.239375,150.127761,201.92177,170.367135,183.027656,184.253958,196.877239,162.917917,165.510364
211.505,178.525833,184.569375,177.245677,200.787292,193.76073,205.074583,219.574219,195.485677,203.165469,187.280729,181.579636,235.544896,236.419792,220.201615,230.665886,209.067656,191.864479,219.336406,320.748854,183.556146,194.625,243.294323,209.725364,219.270156,244.731875,224.569584,226.704739,220.734583,202.426874
326.070521,290.645156,284.425938,342.897396,373.545417,376.337656,374.805938,338.431875,375.184531,354.166979,388.276042,369.919219,326.530572,299.803802,317.755521,285.383177,285.948333,342.789687,382.497239,378.232812,364.532761,365.79875,405.707969,352.580209,390.949375,435.629583,400.567813,389.443385,441.880885,411.965937
356.677552,303.441407,360.33,324.415938,291.817761,288.865469,292.619687,305.148073,340.023073,321.166771,301.872031,313.763177,328.811666,293.095416,292.720156,368.209166,313.590157,403.186354,317.267448,294.811927,289.916927,293.862136,300.735677,312.190573,304.090052,294.376615,311.759896,313.801875,303.914323,305.252604
208.254323,179.875729,185.954844,206.608593,216.885052,166.992709,152.520208,155.175104,155.01625,158.020729,175.120677,215.735729,218.490781,193.439531,192.429375,177.226406,181.284271,159.913854,215.853594,183.228333,173.648385,209.986979,195.355781,172.526406,152.011093,151.620573,159.858125,153.993229,155.407188,155.111666
234.051719,218.785625,231.638594,229.773802,228.350208,234.452291,248.619635,260.728073,234.104531,234.630156,230.06026,288.738334,262.56349,271.420469,238.064167,274.320312,251.064792,231.016042,235.972396,230.576666,230.279739,239.495625,285.869792,265.539791,281.110365,316.008281,272.918229,250.512968,264.671042,287.279011
175.734375,134.55401,126.109114,115.73026,113.66276,119.376406,127.634427,151.506458,149.030364,128.007708,131.430625,160.590416,127.9975,120.846874,131.504167,133.920312,118.163125,140.782292,130.204114,131.523698,138.529427,147.120677,174.911511,156.60052,146.289271,130.055781,146.26427,135.857864,115.142292,116.720104
88.244166,53.280052,59.527969,45.507135,51.135677,42.203281,41.988958,42.394218,40.944792,41.246666,42.078021,40.959635,54.161459,60.385364,42.053229,40.473593,42.065521,44.059635,62.117083,47.913907,43.021979,40.951614,41.594323,40.793073,41.71375,41.219739,41.155261,41.459844,42.131354,40.51625
612.610417,677.98151,598.984166,607.565052,688.452343,641.549218,587.558697,545.068229,590.655573,593.68276,696.380208,750.403593,772.849792,729.30875,848.305937,711.146146,785.275052,636.917916,602.895729,574.495,579.14125,588.223646,629.25151,607.177187,684.1,671.088906,706.586041,727.616978,721.831771,695.0925
1058.711198,1197.017239,1157.795521,1203.49651,1187.985104,1102.313333,1082.907656,1037.37375,1012.964114,1128.336041,1170.578958,1045.777135,1213.222291,1262.602083,1090.295208,1185.394843,1179.943854,1089.764218,1072.671302,1182.87552,1084.250312,1168.862968,1011.710104,978.079792,1101.285156,1185.121978,1234.047864,1314.908541,1005.261926,1050.714427
1435.092552,1517.102604,1625.836041,1460.959843,1356.34927,1317.71802,1328.411719,1617.817082,1467.567916,1527.799687,1297.360468,1272.726927,1424.02625,1366.619426,1350.499947,1230.720832,1421.50651,1357.125729,1229.378593,1101.574479,1272.957031,1337.472604,1211.447916,1166.285833,1329.404739,1157.025937,1138.531406,1036.404062,1028.221093,975.882083
2008.802239,1905.228489,1825.64177,1942.387603,2143.344843,1898.441197,1875.750781,2091.724322,1864.478437,1642.372134,1820.780103,1727.436718,1776.846249,1952.835312,1552.224686,1544.124947,1701.293124,1721.776718,1628.014791,1725.292864,1551.227135,1572.495468,1821.168489,1474.473281,1534.177135,1435.778176,1850.909739,1652.948228,1427.859167,1460.392291
