6.061116,3.8,4.309693,4.239346,4.607423,4.175307,4.134192,4.106654,4.631077,4.512539,3.573923,3.646846,4.151654,4.26477,4.170807,4.254923,4.257269,4.362154,5.137962,4.913731,4.570308,4.679,3.617577,4.558961,4.493308,4.258385,4.744616,4.481115,4.074769,4.131
4.492962,3.654923,3.630577,4.162961,3.57427,3.729539,4.000077,5.195885,5.012039,5.214269,6.466384,5.97377,5.303231,5.641885,5.398577,4.167885,8.967923,4.447616,3.784538,9.093154,3.786923,4.775808,3.997346,3.906115,4.485654,4.756615,3.741808,3.933077,3.58123,4.5205
9.300346,7.904654,9.059192,10.337462,10.537692,10.626307,9.051577,12.633269,9.07723,11.676462,9.364923,10.194577,11.432693,13.363615,11.683846,10.264923,11.006654,11.356923,10.67277,10.948884,10.181461,10.549307,11.292538,10.968884,11.488307,13.372692,11.4,12.398615,9.161308,12.401077
7.83823,7.866769,7.056308,9.31273,8.593038,7.978346,6.962923,7.486769,8.970153,8.754153,12.873038,7.150192,7.760615,8.266731,8.345423,8.811577,12.584116,8.170885,10.429308,8.744884,8.190884,10.082615,14.313577,8.493961,9.63273,8.830385,9.085193,9.251693,9.906347,9.171808
7.410116,7.600538,7.158577,10.222462,9.409423,9.959346,9.911654,7.607077,7.732038,7.993731,7.661616,11.666961,8.275308,7.964615,7.606193,8.323846,7.450423,7.823731,10.281077,8.580616,10.255538,15.178462,8.954923,9.570693,9.556731,10.546192,12.709269,8.439462,11.478577,9.142577
7.376846,8.057,7.195308,9.087115,9.018116,9.687846,8.101885,8.903,12.396808,7.744116,13.2975,7.634115,7.870731,8.529461,7.889731,9.233654,10.765,8.977038,10.104461,13.118846,9.4445,9.474576,10.811154,9.1445,9.9925,12.364615,10.271692,10.621615,8.642039,9.337961
9.147308,8.021538,9.917923,9.727038,14.520577,8.621846,9.280615,9.895308,9.12,10.173423,9.311846,9.293,11.287769,10.279116,9.064347,13.089269,11.250039,20.467807,8.371423,9.654193,16.857269,11.434692,10.104269,10.598808,10.101192,12.165846,10.500346,14.942807,9.012115,9.785846
9.754577,8.848923,8.542385,8.848961,8.497693,11.190653,8.052539,8.2275,8.834308,8.542462,8.943616,10.416077,8.447077,8.118847,9.067347,12.660423,9.726923,7.846808,7.912462,8.608731,7.924962,9.771692,13.919539,9.074038,10.496846,9.3545,8.814615,9.984077,8.892616,8.055192
7.135538,6.711461,7.500154,6.2805,8.179615,8.785654,7.1875,8.744115,6.951231,6.289577,7.683808,12.913693,7.1775,7.154616,8.163616,11.592385,6.623654,7.505616,8.538808,7.995039,7.509731,7.452385,8.193,10.538885,7.230154,11.421808,8.04077,8.978923,8.600923,8.391
8.140577,7.942308,9.611308,8.547692,9.017577,9.785884,8.833846,10.134577,7.151731,7.41227,8.521807,7.800231,8.653346,10.172961,8.775616,8.430154,9.762885,8.829269,10.020731,8.941077,8.789,9.971923,8.674847,9.074385,13.559769,7.600269,7.710615,8.596539,8.715077,9.060923
9.865615,10.105192,14.679539,12.107577,9.780653,9.371615,8.250961,10.005115,16.265807,11.856269,9.302653,9.0005,9.195384,10.10077,8.946193,15.048461,9.691346,9.810731,18.332538,10.047654,9.75127,9.108153,8.888346,10.801384,10.482923,9.33673,12.518692,9.430615,10.039962,11.190115
9.772884,8.575116,10.859461,10.044,11.203654,11.6155,11.89127,8.888461,9.239423,8.493,9.453577,15.8635,10.829807,9.601308,12.957577,9.6625,10.777154,10.693,9.805346,11.991654,17.575885,8.961384,9.73973,10.470923,10.254923,9.739154,10.768077,10.082769,10.242846,10.380039
9.365692,8.039423,9.551077,10.558231,11.033154,13.283077,8.593308,8.18327,10.534616,10.377885,9.184616,9.519539,9.967116,9.872615,10.667538,10.502077,10.363962,12.613308,10.357616,14.216231,9.706385,9.025039,11.585192,10.464154,9.511385,9.880539,11.105423,8.975807,10.534654,12.231269
8.435269,8.834115,8.913231,9.595539,10.010693,11.860577,9.178654,13.058192,7.876807,9.472269,12.489769,9.925884,10.786269,9.679692,10.624692,16.586385,9.783192,10.316039,10.772116,8.446154,15.327731,10.938384,10.211808,11.527808,10.078346,13.206923,10.079385,11.887769,14.481231,9.733424
8.714308,8.0925,11.820615,9.347154,8.669808,11.160077,7.946692,8.029308,10.289885,13.842654,10.674846,8.876538,11.452769,7.972039,8.8235,9.307192,9.14273,8.39977,8.706653,9.810923,9.837077,9.000423,9.49477,8.160885,9.974423,8.984,11.0885,9.802961,13.2595,8.382461
10.982,10.444615,10.460961,11.691962,10.282039,10.801538,12.92473,9.786885,11.877923,11.281384,10.509577,10.134346,9.510077,9.671461,18.489039,13.7,10.607923,10.561231,10.515923,10.462923,10.529077,9.815308,9.600193,9.450539,10.391461,14.258231,11.700423,9.667231,9.988038,10.369923
10.426077,9.610731,11.0515,10.196,11.597769,10.479731,9.562269,10.334038,11.152077,10.175693,9.483693,10.504038,15.529615,10.395115,9.8955,10.727962,12.0355,9.732962,10.719461,18.086577,9.388769,10.703769,14.952385,9.061846,10.790231,11.237808,10.193653,11.477269,9.627116,10.210269
9.409616,9.874769,8.839846,9.911731,11.4315,9.082731,10.198808,9.741038,10.190961,8.729538,8.591307,10.421385,8.988039,9.349231,9.368346,9.040885,10.2605,9.763076,10.826192,9.672192,11.205077,9.368077,9.6735,9.932423,11.827307,12.383538,9.933577,9.710692,11.050077,9.694231
8.776461,8.314769,10.167,10.672115,9.716346,9.771192,8.779539,8.935346,9.704923,11.476346,9.746615,12.354385,17.871846,8.597577,9.738808,9.606385,10.166692,9.681347,11.870884,10.244308,16.254462,10.644384,10.561461,10.213577,10.360999,10.167384,11.396077,9.326539,11.572846,9.735153
8.763538,8.514077,10.589,9.729846,9.307538,9.415539,7.728731,9.249885,13.1895,7.089423,8.898077,8.129,9.305654,8.345423,10.798731,8.821846,11.655,10.784923,9.611385,9.347308,12.970346,10.332038,12.148423,11.768116,10.998231,13.85127,8.949885,9.285538,10.365539,10.704269
8.1885,8.323961,8.898731,10.611846,9.928923,8.945692,11.925615,6.952615,11.781115,10.886847,10.673577,11.137884,12.933616,8.432193,9.83477,10.882692,9.904347,10.303423,15.295231,9.178962,13.307654,9.867961,9.841769,9.961808,8.911654,9.541346,7.81377,10.239846,8.948193,7.279846
9.615423,9.685039,10.951346,11.313423,10.872385,10.528346,13.490153,15.688884,9.231115,9.929231,10.302962,10.924231,15.014539,10.250654,9.217346,10.140115,10.492077,11.2675,10.096693,10.905,10.1945,10.661654,9.476346,10.536769,10.242231,11.629154,11.044423,12.061231,13.935654,11.2605
8.999692,9.176461,8.278077,12.662,9.9165,9.762654,8.684384,10.032038,9.827539,11.226654,16.321769,17.247308,10.927115,11.233269,10.408077,12.079461,10.598077,11.571,12.039384,12.256038,14.302923,11.922192,11.670615,13.485423,11.177462,11.98,11.486192,11.189769,10.222347,11.459
9.619,8.310115,10.078039,10.164616,12.496346,12.082923,7.348769,8.1255,8.0445,8.504077,9.967539,9.559769,9.152577,9.89473,9.453731,8.419308,9.492154,10.106,10.863269,9.273923,11.085038,9.164462,10.437923,9.930769,9.489615,12.030693,9.995846,9.886423,11.401462,11.254769
8.098693,7.439308,7.438538,8.224731,7.590846,8.150307,8.855269,9.564154,6.714231,6.990884,7.409731,7.757769,6.670231,8.0345,7.537654,6.915539,7.170385,7.37123,7.377846,7.803,6.989346,7.6415,7.365,10.673115,6.975038,7.855384,6.512577,6.889038,8.872846,7.742346
8.608577,9.033885,10.107116,8.67373,14.678577,10.01777,8.43827,9.621769,8.797923,8.007885,9.287923,8.688077,9.412923,9.848192,8.674077,9.325962,9.828269,9.806961,10.004384,10.758884,9.947193,8.778731,9.757961,8.263654,10.0125,8.858115,9.784039,9.481731,9.853116,9.100653
8.915346,9.641192,9.072154,10.237538,10.121346,10.510962,9.045769,9.789692,9.719884,10.136192,10.436231,10.157039,14.375269,8.708846,9.626385,9.944038,10.419,10.316077,10.644962,11.082616,16.022884,9.704,10.772231,9.350269,9.918461,9.519923,8.426346,8.491307,9.323923,10.530308
8.502423,9.1105,11.108808,9.629807,10.549616,9.308039,8.284,9.813615,10.534347,8.761269,8.26277,12.817692,8.989577,12.669539,11.269231,11.49,9.029961,11.056423,9.704423,11.102346,11.743231,9.953,9.944769,10.913231,9.706116,12.248692,9.67227,11.119808,10.463539,10.550615
11.731116,7.699654,7.2095,10.157308,9.020808,8.288846,7.851192,7.452769,7.84977,8.00377,8.111692,8.40077,7.763192,8.657269,13.4185,7.825347,7.496153,8.270923,8.699462,10.302077,8.425731,9.968616,8.499653,8.576692,7.810769,8.629115,10.644,8.051846,9.364615,9.460807
10.053923,9.231884,10.844269,8.042077,11.125538,13.095923,8.725077,9.315077,9.427154,10.122962,10.331577,10.709346,11.082461,10.217269,11.702692,10.735539,12.289116,11.868193,12.142,11.3905,11.446538,10.987231,11.978923,10.047192,11.240846,10.521962,12.521962,13.453692,10.712346,9.252538
12.253154,9.191153,8.008846,8.746462,9.63873,8.597154,8.235577,7.021577,7.718885,9.271462,11.293,10.255577,13.100808,10.30723,8.499615,11.001231,10.202577,9.924692,8.891923,9.932731,8.143154,11.07377,10.565077,10.023115,9.292846,9.107539,10.435731,11.441461,9.590884,10.229346
7.294462,6.489577,7.344192,6.133077,8.011308,8.983077,8.07273,7.384077,8.831539,8.218385,6.717,8.992807,7.027731,7.926346,11.971884,7.249153,7.0685,8.233192,6.558654,9.597269,9.842769,8.008539,10.666615,10.781115,8.765885,11.807923,8.575462,8.320308,8.708153,8.655731
10.693461,13.027923,8.559653,9.829693,8.936808,14.825885,8.180693,9.180846,10.859962,9.156654,10.431847,10.024615,10.063769,9.046615,11.246307,9.579653,11.095192,10.681846,10.287039,10.18223,11.502962,10.665192,12.200269,11.503,10.177307,12.505423,13.099769,13.453846,9.393769,9.869
22.088,22.458038,21.882462,21.095384,21.505539,20.755193,18.245,14.982115,22.018231,22.053423,20.588692,21.84673,22.429577,22.063,21.744192,21.106808,22.091038,22.126192,21.801039,21.911654,22.558384,25.657307,21.61027,22.183884,21.883038,23.43223,20.925538,21.133769,21.519269,32.145923
26.346307,24.781308,25.922346,24.517347,24.882539,15.629654,16.179154,16.439423,16.947077,17.6265,16.348884,17.942192,17.428807,15.315385,16.0515,16.350653,15.889269,16.038,18.091577,23.447423,32.77423,26.297423,24.982615,26.477577,25.193731,24.5575,25.462731,27.255692,24.937847,26.162769
19.746231,21.057654,20.996231,19.731692,19.499885,20.835923,20.392846,22.245346,21.288808,21.291231,21.249577,19.826346,21.249461,22.078807,21.874346,21.703923,22.004616,29.725884,23.734039,23.178192,21.489577,20.030731,21.028347,20.332269,22.049538,22.198885,22.835731,21.382,21.594384,23.350615
24.999692,24.743077,25.149423,26.337923,26.096538,28.519039,26.94473,27.620192,27.062731,26.894269,27.651692,28.493269,26.801423,29.579154,28.548846,27.604461,27.849193,27.509884,26.473308,26.250807,26.203038,28.812847,27.761538,27.236039,28.230962,25.436962,28.832269,28.3575,28.059038,27.622808
15.833116,16.113115,16.325423,16.185,13.595807,14.276692,14.967192,15.039846,15.777153,15.504961,15.458385,16.194231,16.154846,17.653577,20.216692,15.755615,17.532731,17.091615,18.357308,15.850308,15.76277,15.590923,16.308077,16.456423,16.538692,17.809923,16.180308,16.6835,17.691462,15.600769
25.401731,26.490423,25.883885,25.893923,27.093692,27.114154,32.155116,29.758461,28.361961,28.067038,25.961962,25.433846,24.61277,24.821462,25.63373,25.151923,24.702307,24.456769,29.429615,25.158116,24.901269,24.760846,27.309269,25.156116,26.148962,26.453231,25.288116,28.236808,23.320577,17.325577
24.54673,23.4065,23.472115,26.308423,24.870461,23.487692,23.492615,28.408961,24.197538,24.764423,25.110692,25.330039,23.341885,24.87177,24.252,23.567462,24.887769,22.948231,24.212846,23.911077,24.570884,23.364269,21.139693,11.038308,12.274693,12.990231,15.874692,15.258538,16.280076,16.448461
20.050577,21.628731,22.332308,25.789192,19.72673,19.713923,22.875231,21.109384,20.404269,22.186692,23.746654,23.298962,22.862192,22.602423,22.020423,21.259808,21.342077,23.079577,21.953115,22.909807,21.917115,20.914846,21.700654,21.524308,21.615962,22.202846,23.332654,22.470731,26.593154,21.759423
26.284769,24.212731,23.213731,24.509269,23.335923,28.486923,24.025961,25.675423,27.142423,26.510461,25.596577,25.965423,26.499192,26.041654,24.726961,26.372039,25.581577,26.150923,25.536654,25.480692,25.118769,25.0045,26.044693,25.555308,25.884038,25.636462,25.888231,25.848308,24.726923,24.209423
23.830192,22.67273,24.046154,22.721461,22.700077,15.555884,15.434692,15.760731,15.389962,17.411961,15.977731,16.00177,21.408731,16.503769,25.453538,23.974846,24.421577,25.837846,26.418962,23.571769,25.456423,23.666692,24.097923,24.159692,23.227,24.246884,25.973193,24.016346,25.784384,24.918385
24.636731,25.676115,25.202923,26.848539,25.96723,26.797885,28.1635,27.079,28.295192,26.815385,26.168923,27.588347,28.367923,26.434962,26.5085,30.750615,26.091731,28.530423,27.595154,28.326962,27.655962,27.860846,28.536,26.33,25.884654,26.647769,27.065924,27.760693,26.650115,23.787154
22.331462,18.223615,17.859769,18.042077,18.313269,17.938307,18.680731,18.502115,18.224231,17.965461,19.452808,18.515154,19.824846,18.939807,19.735654,18.398153,18.109192,20.020192,19.461808,19.401039,18.375423,18.674423,19.036346,18.184269,19.8505,21.481192,18.934193,19.065346,18.753154,19.448577
14.255039,14.339231,15.900038,15.06323,14.473615,13.777769,15.099154,14.962847,14.676462,17.620731,14.445885,15.500423,16.152039,15.353461,16.206731,15.884962,15.322269,18.952269,14.8745,16.079731,16.389385,16.452462,15.663692,15.171539,17.703231,16.005693,17.262847,15.655385,15.869423,15.748846
19.837807,19.411231,19.710154,18.923308,18.784884,19.944346,19.028923,19.420269,20.755038,21.043615,22.720193,21.282039,20.551808,21.699808,20.133192,21.799462,21.426384,21.001423,19.53977,19.947846,19.712769,21.764654,22.146616,22.968577,21.806769,20.357462,20.571385,20.091307,19.695039,23.084923
26.559154,30.394154,27.135884,23.508731,24.711153,25.743115,23.826577,23.490154,24.234538,24.742039,25.386731,24.807423,25.119577,24.673,25.232,24.339654,24.337154,23.642038,25.620692,24.858961,23.945961,25.36277,25.121231,25.125577,25.183385,26.291769,29.450923,25.961,25.687961,25.179961
16.280923,16.034193,16.453885,15.942423,15.650692,15.614538,15.953692,17.272923,17.1765,18.224269,17.706077,16.50673,18.412038,17.321385,17.8815,15.937577,18.848,17.457385,16.872538,18.4,19.482346,17.783384,19.35977,15.702462,17.076654,16.071384,15.870654,15.809231,17.303154,19.309653
16.180654,16.482384,23.772923,17.917692,15.866384,16.299154,16.940154,18.247846,17.003615,16.930961,16.860538,16.680116,16.506307,16.409808,17.266847,17.314269,20.065962,19.789193,17.24973,16.677154,16.3245,18.753384,17.726846,17.184423,16.655616,17.519654,17.317923,17.083923,16.341385,16.972693
22.717,23.231039,22.183269,21.644,25.1895,19.386539,10.548846,9.878616,10.411269,13.783269,14.102769,13.298423,15.268808,14.11377,14.299461,15.051846,14.315346,16.309884,16.431307,22.014385,22.320577,22.576808,22.175769,20.520192,14.402192,15.068269,15.552692,15.431808,21.902269,21.638731
27.221769,26.946577,26.025193,25.977039,26.225538,27.693192,26.689961,28.5625,28.578269,27.155846,27.329846,29.01423,27.399885,31.202577,29.705962,27.822654,28.982538,26.955385,27.803346,26.803077,27.713616,28.611462,29.002653,34.237577,27.936308,28.933846,29.407192,26.748423,28.406654,27.249961
20.942923,22.182577,32.8475,20.462539,21.627615,19.303077,20.323385,19.894462,19.498846,19.460077,18.297308,20.092231,21.010346,20.357154,19.148307,19.71923,19.172423,19.995615,19.022193,19.962269,19.365346,19.070884,18.328115,21.025115,20.652116,19.021231,12.918461,13.1125,23.154,21.842961
17.064346,16.703077,15.566923,15.956961,14.915154,17.651538,15.903653,16.082538,17.331654,16.414423,15.23,14.749962,17.762385,17.592654,16.596039,16.227692,16.319154,17.605192,16.924847,16.046962,15.932346,17.357269,15.733153,15.886115,16.563,17.93027,16.172576,15.632962,15.394,16.205808
25.536808,24.626808,24.093846,20.648731,15.215885,15.096654,16.662538,16.08973,17.385077,17.09473,28.512654,25.769192,25.063154,24.359038,24.335154,24.693692,24.410384,24.421539,25.068,24.668577,27.254808,24.631692,25.376539,24.607154,24.439616,25.633538,24.27173,25.450385,24.634576,26.795077
27.981538,25.707654,24.518077,25.176962,24.797692,25.78123,21.861192,17.150692,16.364769,17.533693,16.700038,16.888115,17.559116,16.655116,17.128654,16.848577,16.324693,17.1405,17.018269,16.623346,16.428,16.611538,17.061885,16.757808,16.714192,16.164692,16.625693,16.525115,15.965846,16.594385
16.066807,16.001423,16.260039,21.949923,18.336808,16.8265,16.4425,15.626192,15.791847,16.246423,20.040462,15.30173,16.564423,15.551693,15.267307,14.549846,15.251346,14.948615,16.535307,14.925692,17.162,20.465038,17.193808,15.474231,15.869885,16.334115,16.328846,15.736462,15.2825,14.023154
15.168616,16.954269,15.230654,15.216924,16.436423,13.775885,13.899308,14.340461,14.613884,15.541154,19.392423,16.954577,16.433692,15.619923,16.042,15.994,17.460423,16.252346,16.3135,21.509924,16.607538,16.428846,16.405923,16.521846,18.110692,16.188347,16.324192,16.425654,16.518538,15.700808
24.846423,24.724154,24.357192,24.9825,25.472846,26.914961,26.305846,26.247923,27.210731,26.732193,25.754115,26.230769,25.295692,28.100769,27.260923,24.519807,25.176962,25.400077,26.219423,28.651692,26.997616,28.062615,26.858153,25.896462,24.881538,25.530115,26.626885,26.984154,25.562346,26.818193
24.934846,24.873231,23.533692,23.412731,24.784385,23.688077,24.731346,24.541807,23.833115,25.371231,25.889154,25.401615,25.750654,26.296846,24.480692,25.440307,25.088846,24.573231,24.662308,27.868731,25.897577,26.478308,26.651307,26.175423,25.613039,26.595962,25.913577,25.773538,26.468423,26.765039
24.362769,25.537731,26.002,27.396731,26.962154,26.308116,26.382461,27.523231,27.268961,27.275808,27.478692,27.433462,27.728308,27.572116,28.161115,26.587077,25.962116,28.334461,26.004,26.195923,26.955461,34.774962,26.677846,27.940346,26.719423,26.750808,26.178961,26.457653,26.853269,27.965769
13.754193,14.058193,13.974346,12.631731,13.262731,12.639193,15.2555,14.021692,13.390808,13.952154,13.069923,13.112038,13.185077,16.504577,12.924961,13.689539,17.544885,14.370577,14.107384,13.888616,15.829307,15.198807,15.757076,15.249423,15.243654,14.612384,13.816192,14.758923,14.505615,12.944307
26.185846,27.578731,26.501384,30.394654,27.191808,26.552961,25.874846,25.754884,25.809808,26.62977,28.794654,27.788,28.80727,27.726539,27.584961,29.936807,28.328192,27.740346,36.695116,26.79,28.521231,27.972769,27.926154,27.75323,29.29923,27.715616,28.97523,28.057731,27.801923,26.647577
21.944192,22.538346,22.554,21.673885,22.469115,22.060577,23.121808,23.195038,21.938653,22.206385,23.298769,22.666846,21.524346,21.543,22.813307,23.256038,24.067653,23.586346,22.729577,24.062615,20.790423,11.06577,11.437115,11.366654,14.139654,15.318769,14.303962,13.33523,14.034731,14.765077
20.549192,21.590308,21.617462,20.038577,20.949384,21.491846,21.589039,20.712885,21.099347,22.256307,22.013116,22.177346,20.809154,21.986231,22.130423,23.143116,23.33577,22.211884,22.037808,22.359423,21.754153,24.073923,22.353577,22.073808,20.597885,21.077423,23.36127,25.239846,22.049192,23.597269
19.172692,20.650577,18.774154,19.403923,18.505846,20.480846,19.136269,20.336731,21.417961,20.294154,22.782577,21.122,21.191654,21.488731,19.820654,25.009231,27.478077,20.295346,19.888846,28.341692,25.46673,21.991616,22.032808,21.101653,20.845346,22.996731,23.334346,21.390038,22.699539,22.193154
21.941231,22.610654,25.17923,23.057731,23.636077,24.151077,23.875154,23.255692,24.141616,23.332462,24.504462,24.675769,22.975885,25.464385,25.101885,24.060384,21.071731,22.632193,21.292,24.474654,21.847693,25.807923,21.811961,21.612961,21.854039,21.989692,21.927385,21.387885,16.570615,14.882808
27.038346,25.154308,26.338808,25.374423,26.389807,25.328115,25.663615,26.838462,25.572308,25.515731,24.920654,26.245115,26.505885,25.546731,25.271808,24.980308,25.002769,26.418461,26.005192,25.728,25.667539,26.364692,26.520077,25.901,25.181269,24.649731,27.025847,23.834077,16.760615,17.775616
26.403116,26.492,26.912461,21.3515,18.727154,18.798461,22.269577,22.094154,28.600192,26.546269,26.301808,27.852846,26.657115,26.584039,27.312807,27.017692,26.649269,27.3935,27.260461,28.555693,27.437692,27.73027,27.423154,26.403077,27.4205,26.537577,27.069808,26.584539,28.307077,26.387539
24.657,25.688731,24.134847,22.631115,14.760807,11.087231,14.336346,18.24027,15.971462,17.072847,16.638269,16.688731,19.155423,17.162154,18.318923,18.228231,16.760923,16.807731,15.548654,18.020616,18.426808,18.18627,16.7115,17.044077,15.576577,16.719577,16.066346,15.321077,18.009308,16.853808
26.767769,26.01177,27.283039,29.528692,28.721961,28.87927,27.579192,31.542423,26.695808,27.925038,29.158769,27.166077,27.646153,28.025346,28.863077,30.23173,27.960115,28.722269,28.058923,30.460346,29.528923,29.994308,29.160846,28.396192,27.998962,30.071577,28.568653,27.709461,27.255,29.501038
28.638692,28.280192,27.816231,28.615692,30.010231,34.867154,32.129038,26.012847,17.953192,20.94827,17.905039,22.093231,20.011808,18.945576,20.52023,32.472347,31.081038,29.270154,30.960461,29.7875,28.878423,30.802154,28.985192,29.484462,32.692769,27.272038,26.801,29.853539,28.952923,27.594307
19.808308,18.4775,18.447923,17.697769,17.48,18.1325,19.324731,22.731462,18.687462,18.909615,20.622847,19.879539,18.508885,19.725269,27.812538,18.013846,20.167885,18.676654,19.136846,20.202462,19.271385,20.155961,19.099693,18.440539,19.251885,19.406115,19.615577,19.511539,20.221616,20.843692
29.542038,27.797116,26.131577,24.541769,12.369231,12.232923,13.325269,12.775115,13.355308,12.071539,13.245962,12.439577,25.570923,26.458269,27.91573,28.3785,28.448231,27.867346,28.712654,27.305846,30.808846,30.390961,29.808308,31.107308,29.623462,29.2655,29.977231,33.403192,30.647462,29.234731
25.545308,25.878692,24.139615,25.610538,25.885961,25.932885,25.400308,26.365692,27.247807,27.647231,27.218423,26.398038,27.115807,25.588193,26.885461,26.144577,26.947115,26.634231,27.155731,28.043846,29.214884,27.900038,28.818346,27.587539,26.109577,26.418462,24.751115,16.702885,18.313385,17.573769
25.412731,24.871577,25.074538,25.725,26.3295,26.763154,26.591153,28.244115,26.674654,26.633654,26.882961,29.204808,26.722231,28.302961,27.04973,27.481846,27.179885,28.204154,28.799154,27.203462,30.644154,27.480654,26.246,26.337692,28.263231,28.786577,28.826115,26.824693,28.339116,26.962116
17.275116,18.340769,18.843154,17.544308,16.621539,17.291077,17.858808,18.011385,19.151346,20.486077,18.299192,20.124384,19.439693,18.473154,19.116231,19.579115,20.481077,19.132231,18.307038,16.918038,16.39027,18.127424,18.072,17.401154,18.083231,19.229923,17.265884,18.835654,18.162539,18.280384
22.223885,23.4245,25.086346,22.102116,21.379653,15.473193,11.485385,11.791385,19.222385,14.595307,20.479654,24.447539,22.778769,21.247308,20.287077,17.960269,18.384692,21.77527,21.919384,22.872192,22.366154,24.809577,26.604193,23.267577,23.827692,22.668115,23.876077,24.226077,25.220385,26.879884
28.656923,30.294231,29.015808,30.01723,29.681384,28.304115,31.171346,33.741461,31.318154,30.372731,31.731884,30.579116,30.887346,32.563384,33.435423,28.687577,30.136269,33.536692,33.483192,29.213577,30.498116,35.7945,32.699808,33.532,28.682923,27.652615,29.257038,30.265269,29.158961,29.709577
28.401769,27.719192,28.995577,29.088423,29.676115,31.032,29.349192,31.759999,29.785885,29.6245,31.145539,31.994961,29.072,28.397961,29.801885,28.701154,30.330885,30.422038,27.814269,29.595385,31.133423,31.498923,29.224577,28.717385,30.318077,27.197808,30.286654,29.901269,29.66177,31.2715
27.341308,28.091846,26.697538,26.461423,18.110038,17.253192,17.935307,16.935269,20.634116,19.430346,17.498923,17.722347,19.039961,24.1105,30.813039,28.729923,31.019692,27.471192,30.035692,29.60473,31.063885,29.430307,28.395884,26.977115,27.900231,26.970615,30.832539,31.214769,33.268038,29.445923
19.428346,17.952539,20.410231,18.491423,23.146884,21.087,22.283539,19.474115,19.674346,21.868192,22.239846,20.651193,20.262961,20.247077,23.728885,20.614923,19.9875,19.993192,19.962423,19.788385,26.254346,20.897769,21.342654,20.516615,21.292462,20.175461,22.190577,20.122115,21.427385,21.091961
27.91373,27.757962,28.301461,28.531807,28.478769,32.064461,28.519884,13.527846,14.922808,18.267192,27.256154,30.920423,32.754385,31.611731,34.297808,33.961731,31.310885,34.085577,30.860116,28.691539,29.041384,29.977462,30.981423,33.125038,31.774923,32.080885,33.704884,33.174616,31.65277,31.417192
18.000616,18.908038,20.266693,18.7935,19.015308,18.079077,18.652846,19.545654,22.764385,23.205769,19.253884,21.826769,19.966885,19.555884,20.583461,20.773885,22.15873,20.425538,20.630808,21.712808,22.105616,22.045577,18.697385,19.668462,21.185615,20.14,22.84527,20.066038,22.029808,24.71
28.353461,30.468346,29.317192,30.490347,30.352193,29.305539,31.061462,30.658077,32.708,32.982346,30.661423,29.773616,30.363077,31.481962,29.135692,31.694693,32.205654,30.701269,33.145346,29.879192,31.099654,32.709423,30.390615,34.625769,29.541308,32.929461,31.334153,29.64173,32.699539,29.727231
17.194154,19.321385,18.259192,18.604538,17.118308,17.609923,18.895461,19.004847,17.204,20.111577,18.376577,18.421577,18.865769,22.026731,20.101153,17.185884,21.197539,22.524962,17.740346,19.0485,19.982769,20.796808,20.417923,19.214116,19.877538,19.249846,19.877384,22.71827,19.988424,23.730385
27.662039,27.863538,23.726692,17.538269,17.717,17.849423,18.254385,18.021077,19.024116,17.942654,18.654423,18.323538,26.83,29.362577,29.167192,27.766269,29.560769,29.294154,28.111385,28.510692,30.125577,27.763962,28.698,34.824192,34.977577,29.643154,29.414847,31.392115,29.2005,30.853307
17.905,17.875847,16.371231,15.849615,17.175346,23.655731,16.588192,17.24777,15.596962,16.887077,15.812423,17.971577,17.170885,18.778846,17.915269,16.794384,18.335154,17.8095,24.847462,18.674884,20.950231,19.889423,20.256693,18.569231,18.832539,18.776423,20.014231,19.749961,19.622,18.250308
21.391923,20.440885,20.333538,19.526385,19.561115,20.643154,23.190423,22.504577,22.590385,21.356423,22.121962,24.118115,24.494423,21.858193,21.468192,21.360885,21.0215,21.974269,23.14,23.615423,22.667577,21.615308,22.138924,21.474077,22.577115,22.389308,22.043731,26.130192,24.469538,25.424307
18.112076,17.542,19.019385,18.157961,18.368846,23.3455,18.858769,19.911193,19.153731,20.815653,21.255231,19.630538,21.032654,21.667847,20.863654,20.582846,20.400884,21.668962,20.326539,19.809077,19.771384,21.747538,20.907846,19.706346,20.155462,18.722192,20.928307,18.766693,20.127616,19.443153
21.899884,23.019346,20.760423,19.963461,20.563692,21.739807,21.260961,24.716923,21.504269,23.4475,22.702347,24.305846,23.954192,21.949653,21.72,22.7345,25.479577,22.954539,24.278616,24.809269,21.704808,22.698654,22.420654,23.796847,21.76777,21.625577,24.138884,20.921923,21.1525,21.898
19.412654,19.229654,18.065,17.038885,16.639576,21.558961,17.383962,18.413077,16.508385,16.737076,17.856308,19.75473,19.944692,21.472962,19.917461,17.264808,18.69527,19.522039,20.245461,21.409077,20.291038,20.977692,18.919115,19.765116,24.513962,20.347731,18.393923,21.190038,20.592808,19.504307
24.907115,23.738692,25.656231,25.356615,26.268731,20.845731,13.975961,12.104154,16.624461,17.005962,17.255423,17.340884,16.130654,17.562269,19.264192,19.03923,23.361654,26.013961,24.786347,25.104538,25.130885,24.510384,23.988077,24.519193,25.808307,23.690654,26.659385,26.184192,24.9875,24.845539
21.215077,22.880577,20.062077,20.135577,21.310308,23.011653,24.086615,24.86,24.552462,25.328231,22.691346,25.378885,24.456462,23.0105,23.724961,23.984923,24.317923,23.881577,28.855923,21.781846,24.744961,24.419653,22.526462,21.603308,23.738846,21.772039,21.591,23.605538,23.524153,21.341692
15.532385,15.177423,15.114769,14.681039,16.132962,18.064654,13.561769,14.402885,14.838154,16.870961,15.291692,15.338269,17.039231,18.349231,16.329231,16.453808,15.502539,17.33177,15.5465,14.622039,17.877538,15.444077,16.461615,15.441192,16.24873,15.222461,14.888384,14.743461,14.730154,16.174462
28.733115,27.223731,27.685462,30.852077,29.029577,28.097692,28.523039,28.347231,28.477846,30.879654,29.047769,29.080538,29.927423,32.060538,29.480616,32.439538,28.515923,27.932346,27.885461,27.855461,28.3245,28.325192,29.613,30.552154,27.65,30.046961,31.113769,28.439846,28.588693,29.935884
17.726539,17.360192,17.745616,21.267423,16.680692,17.225731,17.079576,18.627615,19.695693,21.292577,21.268308,19.699539,19.805538,17.385115,20.878077,20.824385,20.395307,19.333269,17.297769,20.310346,18.7835,19.947461,18.406654,16.991192,17.899192,17.909154,18.490962,16.7925,17.548116,17.899346
19.2975,20.604962,20.436038,19.392116,18.657539,19.280731,18.616038,20.143808,20.611885,24.5635,20.3735,22.869731,20.479692,21.055269,20.421346,21.160808,21.569231,22.130692,21.988885,22.435423,22.239577,21.595116,22.013577,19.505961,21.842923,22.739731,22.064846,21.916769,26.621769,20.701962
24.052269,24.059192,23.693961,24.650692,24.260384,23.443,22.466423,11.055654,11.080846,11.546,11.616192,11.141153,12.875923,20.289231,16.986923,28.250615,25.174538,25.553346,24.906384,24.30527,20.433385,16.162308,16.549308,14.958269,16.036307,15.919577,17.743923,25.57,26.10073,26.799346
19.430847,19.627462,20.291885,18.797231,19.073653,21.398193,20.407384,19.781577,21.26723,20.533038,23.896154,20.813923,21.558769,20.963654,24.210116,19.294192,20.604961,22.123769,20.753269,21.598654,21.86077,23.130039,21.278577,23.7505,21.292577,25.539616,24.585807,21.917423,21.029269,21.460577
7.244038,6.401769,13.214346,10.008884,9.492115,7.727616,6.504039,6.168346,8.003154,7.476385,6.611731,9.619692,6.909193,7.288038,12.423038,9.586115,9.363538,10.756269,9.737116,9.720385,7.882962,10.178077,8.929116,10.605923,9.199461,8.2485,8.179077,8.273692,9.005347,9.398654
11.259154,10.672039,11.939,11.620615,10.880769,12.318192,12.294769,12.832076,10.969231,11.1355,13.858885,12.561616,11.832577,11.576076,11.051731,10.594231,14.194961,10.487654,15.873308,11.382616,12.566846,10.817769,10.149539,12.225577,10.529616,11.744731,12.837538,12.160923,12.563884,11.424885
19.044539,16.336077,16.939192,18.643384,17.695423,17.777538,19.4445,18.878115,19.644423,23.018231,17.766116,18.481115,19.541461,17.616,19.116423,17.419615,18.241077,19.156154,18.683538,18.503461,17.289039,17.832423,19.427731,17.644385,19.077154,19.6195,18.899231,19.461769,17.939154,19.021962
24.23573,23.452462,24.613385,23.972346,25.725653,25.383808,24.074962,23.974231,18.27277,16.115692,24.694077,25.355423,24.757423,24.308923,26.075884,26.536307,29.710654,26.6515,27.355153,28.281269,25.950923,23.952731,25.238808,30.704307,26.029769,25.520577,26.82627,26.257846,24.95577,26.8915
22.530808,21.448269,21.165923,20.560769,23.839077,22.682923,22.111808,21.634847,26.414192,24.383616,24.548654,27.153269,23.711039,24.255153,23.503654,24.97673,24.309461,23.528,23.311154,24.596923,22.744847,22.532808,21.983308,20.670615,25.750924,21.775961,23.316961,22.443692,21.361192,21.684693
25.680307,26.085038,24.709731,26.181462,26.493308,25.404885,25.582154,29.673769,25.156,25.029461,29.544346,27.967115,24.8395,26.290692,28.770807,27.016616,25.356116,27.914192,30.568115,24.945538,26.954038,27.877,29.579731,26.835116,28.230461,25.9625,25.964846,26.691577,27.9375,25.808539
28.852923,30.3755,28.862885,28.176115,29.270115,29.916346,31.018,31.181692,30.229923,31.842615,30.699654,33.454577,31.340923,30.609077,31.793731,32.098846,29.737808,30.526193,34.560693,31.389269,31.185692,31.276154,16.039961,14.612346,20.986769,29.734654,32.867962,29.5225,30.740654,34.792962
25.932231,25.572923,28.064731,25.86923,26.165692,27.055231,26.100615,27.922731,28.456846,28.222654,27.13177,27.489846,27.233038,25.154846,26.744269,27.298692,24.868615,26.777654,27.986,29.243769,24.42773,27.200615,28.393731,27.615692,28.663885,26.294769,26.965384,28.294116,26.018846,27.334192
37.498231,37.549769,41.872808,39.661692,39.049038,38.620307,37.674154,39.504077,40.6195,38.869077,43.421423,38.517424,39.461077,40.122654,40.970693,39.377808,40.265308,40.287462,37.810076,39.497923,19.52077,17.784654,26.243,24.876384,26.358577,24.033693,25.3655,23.202769,23.417115,24.030385
16.20727,13.734384,13.336385,12.328539,12.752846,12.335615,11.756193,12.9835,17.035,12.631961,12.352269,14.9975,12.186116,12.920731,15.607846,13.296192,12.851615,14.994154,10.969038,12.299269,12.294347,13.418077,16.32,13.80777,12.267423,11.648539,12.210654,14.478385,17.099115,12.473616
21.111692,20.429731,19.153385,21.047461,19.397153,20.640077,23.264692,23.571846,21.861769,20.666347,22.527577,21.575923,21.5825,19.910231,21.587923,20.34727,24.408038,21.804577,21.596692,24.193076,21.590346,19.938462,20.388231,23.861385,20.810077,21.4995,19.676923,20.523539,24.605692,22.724538
23.026884,23.292693,24.804885,23.367308,25.685038,22.766231,23.815962,24.340077,25.73777,24.442807,25.622615,27.847654,22.967616,25.368385,25.684077,24.816269,23.333962,23.968269,23.666077,26.807,23.175962,25.339692,27.428269,27.939461,25.269154,24.596423,23.645961,25.406846,27.364539,25.923077
32.7765,34.072615,34.062884,34.251038,35.491461,35.892269,35.81,35.261269,33.769192,24.759346,17.713231,16.242076,15.405846,16.120423,22.414384,21.159807,23.047885,34.168154,37.419654,34.862193,35.969423,34.872,36.604423,38.489807,35.495538,35.615154,37.845346,38.394462,36.044308,34.255193
42.982116,39.670846,41.585653,40.627193,18.453808,17.838462,19.691539,21.212923,28.525538,26.432116,37.796116,42.456962,19.210769,17.836961,20.303577,20.290077,25.284692,26.191269,25.908692,27.580308,26.793807,41.946731,21.240538,19.542693,25.698423,26.724269,28.429654,25.718077,26.368077,26.8545
24.365462,23.010154,23.1995,24.9515,24.171692,24.833923,25.435385,24.214423,23.698461,25.170346,26.820308,24.076615,22.379192,23.117731,26.299346,24.421577,23.34973,23.820577,23.317115,22.604961,22.229692,24.025154,27.495961,23.888692,23.103231,24.408231,23.685654,23.011192,23.315193,24.564308
18.580731,18.096462,21.510653,19.469461,16.4035,18.286384,17.885461,18.408846,18.519846,17.051692,20.522539,19.792346,20.897846,19.089692,22.458846,19.958576,18.517462,21.489307,20.11773,20.884077,17.811077,19.814615,20.742885,17.967923,19.871193,21.713308,21.797307,18.300885,19.025,22.957539
12.652577,13.913808,13.99,13.341653,12.882,12.612115,14.251039,13.910576,14.210654,13.555,14.673616,19.854423,12.949961,14.569192,13.557615,15.554116,13.198384,13.499769,13.930692,20.155,12.901346,14.925577,13.613,13.506615,14.870269,15.989154,14.275577,13.792461,15.855077,14.3445
9.089769,9.126269,9.870961,10.495,11.374115,9.909577,8.299154,9.667693,9.319,11.859116,10.975346,9.733077,9.54723,9.302346,9.466346,9.01427,11.5405,11.658077,10.885923,11.192077,14.447039,11.464884,13.152231,10.837346,10.962461,10.254423,9.273154,9.466962,10.478193,9.37677
42.655769,40.662577,17.938231,17.276231,19.131346,21.522846,17.969308,18.983885,20.508923,19.580269,21.371269,31.716731,31.071115,32.514346,30.915615,30.117808,29.419192,30.880577,29.404615,29.733577,30.340269,31.707692,30.291461,28.686423,28.411577,33.555616,43.182846,40.588115,19.115923,24.894693
62.071538,28.672654,40.949769,41.183077,33.083077,42.681038,28.866269,29.064692,26.828846,28.061346,25.776731,32.686462,29.184616,27.123462,24.124308,20.273076,20.180807,17.789039,21.712116,19.690884,16.655423,18.050038,17.686038,18.207385,18.49427,21.202,16.706424,20.730577,18.257423,19.087923
63.193347,42.290154,34.728769,35.218038,29.755423,31.426615,26.787269,24.077653,26.795654,24.151615,24.093807,25.021039,21.136,21.173462,21.926846,21.4175,21.601462,21.469923,24.259616,23.701038,25.366346,21.071308,20.904807,23.880154,21.158308,21.019462,29.014616,21.922,25.722731,20.846039
113.985539,50.504885,34.487192,32.028884,31.99227,30.961769,30.8355,31.583116,31.876962,34.772346,31.617423,32.770654,32.614693,34.84423,31.448308,31.498692,31.346308,31.267885,30.922269,32.952538,31.145731,35.233462,31.341462,35.922577,31.186654,35.819077,31.109269,31.718923,35.605346,34.029269
