17.883596,11.431094,10.600417,10.665938,10.872501,10.524793,10.35323,10.675835,10.305209,9.345573,9.281823,9.224636,8.936876,8.882709,8.638751,8.685678,8.604324,8.791564,8.67396,8.511147,8.637762,8.613387,8.714793,8.654324,8.522865,8.658543,8.741564,8.697605,8.79672,8.765053
9.832814,7.527761,8.264793,7.205418,7.166354,6.96547,7.235,6.979636,6.924323,7.015105,6.956876,6.878855,6.889011,6.940573,6.94724,6.987188,6.918177,6.918074,6.905365,6.916563,6.830261,6.885001,6.940521,6.867136,6.928073,6.929636,6.959428,6.982969,6.925209,6.912344
12.823959,10.132501,10.083022,9.972657,9.952189,9.985886,9.966824,9.947865,9.947553,9.941512,9.957605,9.968751,9.985209,9.94823,9.930053,9.941303,9.959168,9.953491,9.939428,9.956876,9.969376,9.971876,9.937762,9.933438,9.996251,9.99599,10.026407,10.000574,9.942761,9.973387
10.990522,9.058438,9.570157,8.87271,8.930991,8.91797,8.985157,8.909219,8.891667,8.913438,8.879116,8.968647,8.871459,8.88297,8.905938,8.88422,8.966459,8.860313,8.896199,8.837032,8.920418,8.952969,8.866668,8.917241,8.937188,8.911563,8.97323,8.923335,8.989272,8.947397
11.262293,9.102866,8.801407,8.942293,8.893386,8.86599,8.679793,8.721511,8.93823,8.713751,8.848959,8.850157,8.707397,8.936459,8.760313,8.641407,8.666563,8.660626,8.717605,8.704324,8.683126,8.670157,8.688334,8.654167,8.697813,8.677345,8.695366,8.733543,8.750521,8.64974
7.328646,7.040209,6.822292,6.96198,6.897552,6.797761,6.736407,6.833959,6.810001,6.757605,6.786147,6.80099,6.713334,6.754167,6.702136,6.823281,6.753594,6.774792,6.739792,6.745938,6.744115,6.77099,6.796147,6.769688,6.795834,6.737709,6.752396,6.736615,6.798125,6.777448
11.544376,9.89974,9.628282,9.016094,8.976823,9.021043,9.023647,8.977605,9.008647,9.009897,8.964272,9.00224,8.989688,8.957137,9.027762,8.977084,8.977865,8.968386,8.988959,8.981042,8.993073,9.049011,9.028907,8.982084,8.974845,9.044792,8.982344,9.001094,9.038438,9.030678
11.344532,9.251564,9.17849,9.21448,9.115938,9.163438,9.133543,9.119428,9.114949,9.10698,9.18198,9.144845,9.133803,9.170157,9.12646,9.156251,9.20771,9.139949,9.159844,9.093543,9.113438,9.100105,9.156771,9.098542,9.102553,9.104011,9.161824,9.134636,9.076824,9.104844
10.886303,8.105314,7.883491,7.898126,7.948178,7.839115,7.778751,7.832969,7.819532,7.784272,7.820105,7.79073,7.801199,7.939324,7.914219,7.964845,7.785313,7.803699,7.914636,7.792918,7.876511,7.941094,7.776928,7.871668,7.83323,7.814897,7.818855,7.832449,7.817657,7.869949
10.781615,8.601616,8.101043,8.094688,8.094637,8.036824,8.133647,8.141251,8.094219,8.037813,8.045001,8.051042,8.046668,8.009063,8.063803,8.036251,8.055418,8.056147,8.07948,8.148178,8.037761,8.064011,8.093125,8.034585,8.101147,8.008438,8.096459,8.040365,8.003803,8.012553
12.243647,10.291876,10.295365,10.191147,10.198334,10.239167,10.259116,10.198907,10.261824,10.187084,10.252709,10.227605,10.200782,10.195053,10.207397,10.206928,10.280887,10.298855,10.223386,10.211043,10.247918,10.283907,10.208699,10.214949,10.189011,10.230157,10.190887,10.224324,10.210105,10.256042
12.142345,9.099897,9.095261,8.987553,8.925313,9.023282,8.946094,8.955782,8.986928,8.988646,8.933543,9.047813,9.03073,8.96922,8.988335,9.023647,9.064688,8.965001,8.986563,8.974272,8.966303,8.975209,9.068438,8.995625,8.950522,9.032293,9.010261,9.066772,8.97448,9.042397
11.723386,9.619116,8.97974,9.028803,8.978178,9.012084,8.981824,9.08198,9.001042,9.003334,9.013959,8.962293,9.082345,9.004115,8.996407,8.992918,9.138282,9.048647,9.007553,8.915991,8.96172,9.002033,9.003595,9.058595,9.014949,8.98172,9.018698,9.02797,9.028855,9.057865
9.277137,9.107136,9.137241,9.332657,9.20922,9.112292,9.145834,9.127084,9.1225,9.128647,9.118699,9.127449,9.152709,9.142501,9.122657,9.259481,9.178073,9.178907,9.128907,9.120417,9.199428,9.146928,9.109428,9.100209,9.156928,9.18073,9.182344,9.178855,9.160886,9.155418
11.145418,8.417813,8.283074,8.396772,8.335626,8.301823,8.373021,8.361043,8.323855,8.286146,8.348751,8.357605,8.300782,8.252813,8.399219,8.299636,8.389116,8.317501,8.452396,8.329793,8.347084,8.422658,8.279324,8.487396,8.317761,8.38297,8.316459,8.311355,8.339845,8.467969
11.073282,11.121147,10.033334,10.161199,10.013179,10.01396,10.044219,9.998334,10.062501,9.982344,10.000469,9.996824,10.024063,10.065886,10.017032,10.000522,10.037397,10.002657,10.062866,10.047033,9.999533,10.022553,10.04297,10.105313,10.088438,10.041667,10.046772,10.071563,10.096772,10.060157
11.228491,10.774793,10.790209,10.718543,10.665678,10.69146,10.704012,10.733647,10.654688,10.710991,10.747449,10.798126,10.744897,10.694428,10.682137,10.766876,10.768647,10.684063,10.700522,10.729116,10.75271,10.69099,10.697293,10.766459,10.777605,10.757293,10.740835,10.715053,10.783855,10.697709
11.667866,8.590834,8.683334,8.475053,8.550782,8.595678,8.532241,8.576876,8.526303,8.543022,8.529741,8.569376,8.592865,8.543855,8.565261,8.528334,8.594271,8.580365,8.528022,8.596876,8.51646,8.548595,8.636563,8.530314,8.543907,8.502449,8.54323,8.598282,8.621147,8.559689
11.968439,10.702397,9.243594,9.223126,9.24896,9.326564,9.302189,9.185053,9.248595,9.235001,9.237917,9.169064,9.208907,9.260678,9.187032,9.200522,9.147188,9.471095,9.494897,9.831616,9.240313,9.399167,9.224063,9.38047,9.209896,9.238022,9.224584,9.182709,9.194115,9.28474
8.969168,8.895521,8.779167,9.010366,8.924115,8.912084,8.969844,8.956876,8.788803,8.941042,8.955574,8.823699,9.029167,9.077553,8.942241,8.833334,8.926408,8.873959,8.868282,8.896928,8.947188,8.865678,8.882188,8.903803,8.844532,8.875001,9.010001,8.84823,8.902241,8.884896
14.551148,9.687241,9.211303,9.174012,9.233646,9.284012,9.297865,9.342553,9.216407,9.238022,9.318699,9.326512,9.225574,9.187449,9.215678,9.246199,9.320522,9.174116,9.173698,9.218751,9.291511,9.334115,9.272189,9.326251,9.227918,9.277553,9.353699,9.203439,9.265522,9.264219
11.805262,11.671042,10.918074,10.769741,10.696668,10.794011,10.820313,10.753751,10.739116,10.717032,10.852553,10.815001,10.761824,10.782657,10.853022,10.732501,10.787866,10.755262,10.811616,10.843855,10.758022,10.730053,10.838751,10.723178,10.733543,10.742866,10.759897,10.793335,10.724792,10.798595
11.681616,9.61474,9.700366,9.602709,9.645418,9.638959,9.590886,9.611199,9.697033,9.666459,9.597865,9.629844,9.593126,9.633855,9.601511,9.655157,9.569428,9.624532,9.68448,9.66672,9.636147,9.590678,9.604168,9.720262,9.569167,9.672761,9.716251,9.623282,9.646615,9.676043
12.333387,8.969428,8.990834,8.898646,8.889168,8.838126,8.778959,8.819741,8.899167,8.854896,8.861563,8.830678,8.892761,8.847813,8.909063,8.83474,8.884949,8.912397,8.903074,8.839688,8.872032,8.868125,8.882553,8.824219,8.847137,8.899949,8.860678,8.882813,8.839897,8.864636
11.045418,9.194272,8.717032,8.781094,8.745105,8.779949,8.738178,8.837501,8.668907,8.641094,8.714167,8.718594,8.668439,8.724376,8.732709,8.657813,8.740262,8.638907,8.691355,8.681615,8.612293,8.710887,8.696719,8.704793,8.670783,8.681302,8.690261,8.68875,8.752865,8.691094
9.65698,9.299741,9.316251,9.285573,9.334636,9.295366,9.255261,9.294636,9.28922,9.335001,9.221511,9.345209,9.316511,9.300886,9.361512,9.304115,9.326459,9.31823,9.295939,9.311615,9.344219,9.322345,9.318543,9.287501,9.409636,9.362241,9.359376,9.316771,9.356198,9.366407
12.835783,9.640522,9.45396,9.560886,9.495939,9.466511,9.537553,9.496459,9.495157,9.473335,9.51672,9.481616,9.487188,9.535262,9.534897,9.516563,9.480469,9.470783,9.502761,9.47797,9.504949,9.535366,9.500105,9.488699,9.534845,9.553804,9.463439,9.488126,9.493594,9.568022
10.200522,9.492449,9.193647,9.020469,9.11672,9.046095,9.01573,9.006668,8.969845,9.040678,9.018855,8.969324,9.030522,9.014168,9.069845,9.092866,9.038178,9.031824,9.018022,9.015261,9.08724,9.027761,8.969064,9.052605,9.03021,9.03224,9.075522,9.114584,9.080938,9.01323
8.915886,8.190782,8.084689,8.032553,8.043959,7.969689,7.931251,8.092605,8.028698,7.953855,8.049792,8.010105,8.090209,8.083386,7.992137,7.97797,8.005834,8.00599,7.940261,8.089167,8.042188,8.040053,8.025053,7.970313,8.048595,8.041616,8.038073,7.944844,8.079115,7.916302
12.414949,9.997762,9.935157,9.870626,9.920887,9.944428,9.884793,9.873074,9.891199,9.950834,9.997866,9.937917,9.87547,9.890105,9.902189,9.947709,9.872605,9.880053,9.888439,9.866095,9.954688,9.949168,9.903178,9.900887,9.944844,9.924793,9.903855,9.90224,9.912917,9.853126
11.698594,10.054741,9.198855,9.310366,9.308699,9.286772,9.196668,9.242241,9.223282,9.247814,9.219323,9.152709,9.176928,9.196511,9.20073,9.290678,9.25698,9.26797,9.170001,9.198595,9.218803,9.214637,9.182032,9.285626,9.244532,9.232917,9.342709,9.278803,9.232085,9.284845
9.221928,9.139793,9.024845,8.985001,9.049167,9.106251,9.015521,8.978334,8.940625,8.978334,8.940574,8.942345,9.038542,9.004532,8.978907,8.926824,8.97698,9.027345,8.93573,9.014323,8.995887,9.031668,8.92448,9.005574,8.975834,8.941408,9.002448,8.982345,8.977605,8.979896
12.60495,8.927918,8.920001,8.916042,8.824689,8.905313,8.894063,8.852866,8.94172,8.914063,8.811147,8.850938,8.860209,8.817241,8.948595,8.932345,8.870835,8.834792,8.906095,8.884948,8.833542,8.880886,8.898126,8.857501,8.885626,8.927814,8.887761,8.938334,8.885469,8.832501
38.663702,33.96766,33.910159,33.837503,33.959535,33.953076,33.831513,33.940889,33.960368,33.863337,33.948753,34.006409,33.902451,33.929274,33.925889,34.185055,33.867972,33.755473,33.709952,33.893597,33.857972,33.801931,33.767504,33.775107,33.817503,33.823024,34.054065,33.905211,33.865368,33.867712
39.815681,38.514848,38.372972,38.5224,38.366514,38.569378,38.508233,38.2799,38.407816,38.431254,38.387816,38.36516,38.511983,38.439067,38.38266,38.440733,38.470421,38.425264,38.482556,38.424535,38.4474,38.43891,38.409118,38.227452,38.265942,38.48792,38.33714,38.262087,38.397243,38.474796
31.357138,28.452399,28.607034,28.459429,28.407972,28.551097,28.51745,28.522554,28.567867,28.440992,28.49318,28.57568,28.53469,28.456149,28.555315,28.496357,28.586409,28.565055,28.446045,28.557242,28.523284,28.425211,28.389066,28.613388,28.517034,28.59042,28.547868,28.453909,28.628128,28.459691
42.594431,37.912712,37.87943,37.783233,37.933806,37.82115,37.949639,37.998598,37.987817,37.787556,37.975473,37.862504,37.94167,37.834744,37.925317,37.917556,37.973858,37.937556,37.898494,37.90266,37.900316,37.809795,37.825576,37.896878,37.961305,37.9574,37.814639,37.842191,37.874743,37.840993
30.938701,30.516149,30.870888,30.812086,30.715212,30.622867,30.705576,30.803701,30.836461,30.884795,30.687347,30.745368,30.750107,30.736878,30.821982,30.913076,30.855368,30.805784,30.626566,30.876201,30.797503,30.785785,30.855003,30.880211,30.649482,30.512608,30.620732,30.694794,30.678753,30.475524
39.936515,35.046045,35.097607,35.066097,34.991566,35.156046,35.003493,35.046774,35.107191,35.067607,34.95391,35.027921,35.079795,35.253076,35.317764,35.087503,34.966046,35.007139,35.058441,35.16667,35.058389,35.19167,35.153284,35.208337,35.028337,35.141566,35.020524,35.04865,35.110941,35.086514
36.085107,32.846097,32.719951,32.564847,32.621358,32.692868,32.593961,32.719899,32.680941,32.564691,32.592035,32.643701,32.625629,32.649847,32.68266,32.567972,32.73667,32.543181,32.684482,32.613129,32.607451,32.643857,32.77693,32.725159,32.624327,32.51167,32.623129,32.680212,32.754066,32.642034
29.003388,28.444846,28.229691,28.322347,28.381201,28.293127,28.383285,28.275367,28.482503,28.231305,28.432451,28.191045,28.504066,28.333127,28.317399,28.375992,28.357502,28.518909,28.415836,28.348544,28.362295,28.277294,28.356305,28.297503,28.281252,28.233544,28.464898,28.242972,28.417971,28.447659
43.834015,38.605421,38.563181,38.581931,38.729848,38.567399,38.542452,38.676827,38.51766,38.598389,38.475576,38.473805,38.772243,38.599848,38.759275,38.774379,38.609014,38.700525,38.621775,38.549067,38.606774,38.659275,38.664847,38.416097,38.566515,38.623233,38.460577,38.545889,38.58391,38.686775
40.60141,34.534639,34.371566,34.467087,34.528597,34.410055,34.443546,34.869951,34.48792,34.408284,34.360003,34.641774,34.501149,34.467763,34.486045,34.398754,34.566879,34.43042,34.519951,34.482139,34.405211,34.562295,34.333076,34.584638,34.476358,34.559952,34.492243,34.489847,34.617243,34.478441
38.755004,37.942608,38.098546,38.011827,38.084327,38.161411,37.88417,37.972399,37.978233,38.220369,38.065785,38.016619,38.068858,38.198181,38.082973,37.928858,37.957556,38.132869,38.034483,38.04417,37.987035,38.042868,38.194014,38.126983,37.909483,38.097452,38.142712,38.048337,38.118806,38.084847
42.246566,39.665993,39.891098,39.588338,39.853806,39.769847,39.750629,39.720629,40.065577,39.641931,39.949691,39.820212,39.840316,39.768702,39.624535,39.828859,39.803598,40.212712,39.647296,39.321514,39.525004,39.432973,39.592816,39.817503,39.434744,39.634587,39.766515,39.687348,39.741827,39.651931
24.032502,23.054065,22.696825,22.595888,23.028075,22.881617,22.7537,22.984586,22.885784,22.85193,22.799273,22.765992,22.894794,22.943908,22.771981,22.995731,22.911825,22.963491,22.966304,23.030783,22.890263,22.941773,23.090679,22.976565,23.037815,22.968544,22.99844,22.961669,22.914429,22.822346
41.561463,41.035421,40.917087,41.123338,40.92365,40.909118,41.009535,41.102192,40.986722,41.038338,40.926045,40.923494,41.109379,40.996775,41.010473,40.855161,41.050681,41.010421,41.000525,41.071775,41.045421,40.901723,41.035577,41.100577,40.95141,40.989639,41.06365,40.954067,40.931359,41.042192
40.321723,34.839379,34.855628,34.774222,34.802451,34.687503,34.803649,34.890316,34.889899,34.853858,34.925524,35.0449,34.809066,34.802243,34.880785,34.771722,34.851253,34.889951,34.785316,34.8174,34.827451,34.889691,34.840056,34.75844,34.869899,34.812972,34.767139,34.733493,34.932191,34.698077
39.853389,37.933546,37.677712,37.726045,37.819171,37.787295,37.767868,37.725577,37.688806,37.598597,37.754639,37.94417,37.550993,37.854015,37.727399,37.763389,37.914223,37.808129,37.747035,37.938963,37.500942,37.660473,37.827035,37.62865,37.789379,37.842503,37.803701,37.850056,37.809066,37.638753
33.467347,33.228806,33.178493,33.232764,33.302555,33.112243,33.292556,33.363441,33.199378,33.316931,33.32516,33.144274,33.20141,33.128493,33.265524,33.460993,33.27766,33.312295,33.331775,33.188545,33.361306,33.32792,33.10792,33.265316,33.272711,33.251409,33.240576,33.415003,33.287659,33.302972
28.915628,28.172034,28.087867,28.217346,28.127451,28.099482,28.089534,28.09969,28.13318,28.134117,28.138024,28.093336,28.080628,28.136566,28.077294,28.040888,28.090055,28.158805,27.989795,28.237815,28.136409,28.155888,28.096617,28.125888,28.074794,28.115211,28.216409,28.007086,28.174847,28.050785
42.624535,37.30891,37.418233,37.468233,37.453962,37.48391,37.446723,37.584222,37.513702,37.438858,37.534067,37.418285,37.431202,37.52167,37.409951,37.453598,37.445889,37.620421,37.437608,37.458442,37.408701,37.524535,37.380108,37.442244,37.412868,37.401774,37.477296,37.304692,37.25818,37.386566
34.476097,30.771721,30.854222,30.856722,30.872972,30.858076,30.749378,30.961721,30.921409,30.845785,30.75719,30.981669,30.909899,30.803441,30.837607,30.851722,30.903701,30.759691,30.963597,30.912243,30.766461,30.914899,30.849847,30.923857,30.892972,30.880472,30.889794,30.928806,30.891878,30.866514
38.967244,35.696774,35.67193,35.735316,35.755889,35.525994,35.884118,35.838337,35.49292,35.790368,35.828337,35.665525,35.871201,36.001671,35.600473,35.637608,35.59292,35.803962,35.844327,35.775107,35.695108,35.827035,35.736983,35.649535,35.609743,35.770889,35.612972,35.662921,35.710785,35.737868
43.150369,37.780524,37.682608,37.660473,37.643702,37.512608,37.626827,37.650993,37.595785,37.550942,37.66292,37.649274,37.636774,37.534119,37.749274,37.55042,37.671826,37.672035,37.592972,37.784796,37.596566,37.602764,37.660576,37.637452,37.646723,37.635941,37.698389,37.58792,37.683702,37.608129
42.342087,41.224639,41.339327,41.277504,41.392087,40.934379,41.0774,40.991358,41.070525,41.110889,41.089431,41.27667,41.172712,41.276098,41.115056,41.403077,41.263598,41.139119,41.211098,41.350681,41.314847,41.275265,41.301514,41.001358,41.228233,41.263077,41.287973,41.361045,41.222608,41.188493
33.594952,27.5887,27.345992,27.337451,27.234273,27.437659,27.323127,27.421304,27.42042,27.33745,27.400055,27.314169,27.401305,27.268857,27.444534,27.258232,27.449273,27.312451,27.505315,27.358336,27.338127,27.361826,27.363961,27.479325,27.367138,27.35443,27.29042,27.428284,27.322138,27.371304
29.433128,26.446878,26.380003,26.41594,26.438648,26.2637,26.485315,26.373909,26.485106,26.576773,26.413024,26.47318,26.571201,26.387555,26.264638,26.407347,26.386877,26.435992,26.424326,26.296253,26.444742,26.349794,26.330002,26.355211,26.433909,26.314429,26.411149,26.408544,26.695628,26.371097
42.188181,34.370525,34.345941,34.443649,34.554952,34.38792,34.483129,34.295056,34.370681,34.460681,34.515524,34.312659,34.394222,34.437451,34.434639,34.401722,34.326358,34.453493,34.455889,34.301201,34.449066,34.523024,34.513076,34.434899,34.569222,34.324535,34.366774,34.465629,34.456826,34.374223
38.589431,35.489274,35.272399,35.228806,35.295264,35.314274,35.252399,35.280733,35.420368,35.327555,35.256566,35.343702,35.371514,35.031462,35.16141,35.243545,35.351774,35.159952,35.413337,35.337816,35.200524,35.422452,35.203025,35.300994,35.489379,35.473545,35.061879,35.333337,35.133285,35.056774
36.52016,35.557191,36.095316,35.877399,36.030003,36.87391,36.205525,35.844743,35.674014,35.844066,35.74667,35.689066,35.770108,35.912868,35.622972,35.696254,35.90016,35.824222,35.579118,35.747712,35.83016,35.724066,35.87943,35.63016,35.750368,35.665108,35.704743,35.756254,36.016514,35.868285
28.579274,24.412034,24.074169,24.297242,24.267971,24.273961,24.423336,24.270992,24.245783,24.245992,24.323284,24.168335,24.360107,24.373544,24.494586,24.276096,24.419846,24.326981,24.421929,24.40219,24.347659,24.330003,24.320002,24.429169,24.397711,24.40542,24.300211,24.248857,24.386617,24.148284
39.583129,38.289014,38.132921,37.954483,38.220628,38.217504,38.249483,37.952035,38.25292,38.080681,37.975317,37.938962,38.182556,38.201566,38.221618,38.202816,38.114535,38.141983,38.129483,38.232817,37.996254,38.212139,38.197035,38.085577,38.070056,38.165368,38.116149,38.098025,38.202035,38.126097
31.693805,31.14719,31.23094,31.072659,30.996409,30.890784,31.053701,30.999847,31.281306,31.248545,31.259899,31.139743,31.124274,31.08344,31.035316,30.967607,31.283857,31.281044,31.212242,31.47594,31.192659,31.32917,31.135524,31.026305,31.040108,31.121774,31.016669,31.278858,31.029014,31.237086
35.62292,30.497086,30.53516,30.542711,30.581305,30.527294,30.50745,30.550264,30.604795,30.638909,30.431097,30.539691,30.440681,30.523909,30.540472,30.651305,30.548805,30.539274,30.490576,30.543128,30.442816,30.60917,30.479638,30.66443,30.590993,30.387347,30.549951,30.598493,30.492659,30.556878
34.202764,29.49318,29.563389,29.573857,29.714534,29.595576,29.425836,29.549118,29.558076,29.615211,29.575472,29.64594,29.622243,29.693336,29.628597,29.570211,29.577295,29.65292,29.570472,29.616148,29.536253,29.642086,29.594065,29.540575,29.637346,29.612503,29.617294,29.566722,29.588076,29.610889
33.422399,30.817503,30.733284,30.64443,30.679117,30.712972,30.468805,30.759378,30.66568,30.618232,30.75844,30.659847,30.682972,30.718337,30.620004,30.721774,30.673753,30.69042,30.686826,30.659378,30.766826,30.633857,30.635993,30.690315,30.72068,30.634534,30.739222,30.645732,30.681721,30.655889
38.686826,33.81542,33.512451,33.556201,33.68016,33.638025,33.593337,33.679795,33.645472,33.66042,33.756305,33.758337,33.790003,33.687243,33.83068,33.623233,33.638597,33.639222,33.536409,33.708284,33.635785,33.651878,33.678909,33.723753,33.74594,33.722243,33.740577,33.705785,33.681201,33.833962
40.433181,36.998493,36.805889,36.891514,36.945264,36.934535,36.960212,36.982243,36.897816,37.2149,36.677816,36.685837,36.673805,36.686722,36.728858,36.73516,36.527243,36.722973,36.85464,36.783442,36.973077,36.688545,36.724796,36.92766,36.945993,36.85167,36.994847,36.9049,36.952347,36.813129
34.571306,33.696202,33.960107,33.670993,33.691253,33.648284,33.587295,33.825107,33.853961,33.898493,33.918024,34.125784,33.667972,33.679534,33.870472,33.78042,33.702087,33.723806,33.692608,33.760003,33.784899,33.718441,33.818024,33.807556,33.687555,33.691618,33.732763,33.735004,33.739691,33.738857
32.703232,29.516357,29.66542,29.542346,29.538076,29.570472,29.671721,29.597972,29.518857,29.549222,29.54792,29.467086,29.637502,29.521045,29.62344,29.582295,29.652138,29.703232,29.563962,29.601305,29.497399,29.57219,29.532347,29.567191,29.647242,29.625055,29.587764,29.642035,29.616669,29.520889
39.442348,37.563389,37.500264,37.571462,37.66766,37.444223,37.570108,37.577556,37.468389,37.471722,37.54391,37.583598,37.603962,37.616462,37.726514,37.554274,37.541201,37.74016,37.351774,37.59266,37.646879,37.528181,37.544014,37.593285,37.600942,37.636306,37.588806,37.574327,37.497139,37.657243
37.112139,36.455472,36.573285,36.689899,36.689118,36.754379,36.723545,36.674899,36.709379,36.775056,36.67365,36.647504,36.538806,36.581046,36.693806,36.656722,36.590993,36.681045,36.748545,36.567295,36.880264,36.722607,36.690889,36.608702,36.715056,36.633076,36.597139,36.705421,36.76141,36.835056
43.576254,39.171098,38.92391,38.957191,38.950056,38.810525,39.040889,38.998181,39.002816,38.986097,38.939223,38.964275,38.968806,38.905993,38.940264,39.039015,38.978962,38.991879,38.970524,38.964014,39.016462,38.913129,38.968338,38.872921,38.910004,38.871722,38.857452,38.99339,38.941202,38.875733
47.110682,37.061878,36.991462,37.04292,37.017972,37.230212,37.164483,37.095108,37.089639,37.091566,37.046878,37.058597,36.935108,37.209379,37.199639,37.10818,37.109171,36.997296,37.075472,37.047244,37.063129,37.04667,37.04141,37.045212,37.130628,37.133128,37.118024,36.96667,37.183753,37.102712
40.311202,38.274952,38.113077,38.106878,38.086983,38.289848,38.076827,38.094587,38.131098,38.18391,38.100994,38.201618,38.21516,38.203181,38.112243,38.014014,38.044587,38.101358,38.062972,38.081358,38.04964,38.146931,38.127869,38.235212,38.131722,38.239274,38.021566,38.265576,38.080212,38.28266
32.84792,29.534795,29.41719,29.481097,29.566513,29.550264,29.542555,29.622502,29.580524,29.412607,29.478648,29.330316,29.490108,29.541774,29.509847,29.497346,29.474013,29.511357,29.281305,29.532398,29.619326,29.349638,29.572242,29.474795,29.415367,29.557919,29.469221,29.624013,29.54844,29.568805
32.527034,32.080628,32.005628,31.94094,31.937295,32.154482,31.96068,32.054847,32.13891,32.066513,32.089691,32.087399,32.059795,32.22318,31.841253,31.90792,31.895368,31.985003,31.922659,32.178128,32.113389,32.032607,32.150941,32.000836,32.070941,32.05917,32.026982,32.062035,32.04292,31.941253
43.617921,41.195889,41.317608,41.351515,41.166202,41.574536,41.166723,41.257608,41.003598,41.141463,41.395525,41.113858,41.265421,41.139379,41.287452,41.429431,41.048494,41.394692,41.245681,41.130524,41.350629,41.219379,41.163129,41.21865,41.401619,41.428181,41.359014,41.322973,41.390785,41.2799
42.664275,36.520889,36.585368,36.548806,36.388494,36.506358,36.522764,36.453806,36.450785,36.500629,36.494014,36.476097,36.333598,36.605681,36.507816,36.4949,36.47792,36.526358,36.598233,36.558754,36.570993,36.625524,36.628806,36.550889,36.574014,36.564639,36.530056,36.527347,36.474222,36.596722
33.505889,33.053754,33.103129,32.978076,32.999847,33.03719,32.966826,33.074274,32.830212,32.890524,33.016044,33.028858,33.027243,33.000211,33.015524,32.990888,32.856931,33.007451,32.889014,32.970315,32.971357,32.960993,33.108128,32.986201,32.950889,33.093961,32.998181,32.914691,33.119951,33.108285
36.489691,33.118232,33.125681,33.046149,32.958806,33.067815,33.283441,33.106254,33.102243,33.099899,32.949118,33.11818,33.115681,33.093128,33.156045,33.041462,33.111253,33.313336,33.304482,32.944014,33.003597,32.91068,32.997608,33.016097,33.10568,33.005576,33.040108,32.906149,33.103181,33.228649
39.611618,37.959743,37.840368,37.943233,37.799639,37.898025,37.863337,37.901462,37.912348,37.821878,37.832244,37.92641,37.872713,37.879483,37.829952,37.7899,37.91016,37.90068,37.886566,37.815212,37.978442,37.896722,37.865837,37.894744,37.95542,37.840369,37.944691,37.93016,37.88667,37.97141
41.053234,40.430473,40.530785,40.614744,40.570629,40.467869,40.433233,40.570213,40.582556,40.429952,40.515941,40.291618,41.132661,40.687869,40.29167,40.369431,40.543702,40.55167,40.457609,40.513702,40.530785,40.521202,40.302764,40.559795,40.582556,40.51438,40.53141,40.56891,40.403024,40.496202
46.428703,42.093441,41.340577,41.444327,41.579014,41.730942,41.579327,41.479692,42.058233,42.899796,42.381462,42.051358,41.859327,41.548598,41.626515,41.680525,41.668181,41.661775,41.571462,41.693338,41.477452,41.532036,41.492765,41.643962,41.439275,41.546359,41.494432,41.603286,41.513286,41.615577
38.612139,36.364431,36.294275,36.085212,36.123441,36.20641,36.286409,36.196357,36.253962,36.223285,36.268493,36.214639,36.167451,36.36016,36.17068,36.126931,36.265681,36.262764,36.233025,36.209743,36.294066,36.223285,36.233857,36.197035,36.15516,36.23943,36.181931,36.240785,36.250993,36.2799
43.101515,41.981463,41.917036,42.144379,42.125369,42.150317,42.137452,41.908859,42.045577,42.060681,42.009327,42.098129,42.031098,41.990785,42.033233,41.890421,42.034223,42.112348,42.137452,42.096359,42.189639,41.959692,41.980525,42.068702,42.070838,42.172713,42.112816,42.120577,42.171202,42.106202
31.189638,27.019638,26.895836,26.942347,26.833856,26.883492,26.965523,27.050575,26.867034,26.933597,26.827607,26.867711,26.94495,26.87917,26.808804,26.923024,26.954117,27.002398,26.959118,26.806097,26.922086,26.813596,27.021461,27.00969,26.889586,26.73917,27.069743,26.994274,27.011149,26.94818
35.697764,35.284066,35.020733,35.272607,35.125368,35.131462,35.242087,35.19417,35.160784,35.075368,35.139014,34.90792,35.15641,35.199222,34.981722,35.198909,34.967191,35.069274,35.189222,35.147295,34.910472,35.229379,35.188337,35.184847,35.006722,35.165472,35.094691,35.080993,35.198598,35.069378
34.303858,33.901097,33.830055,33.885003,33.851827,33.942139,33.764118,33.9399,33.959535,34.003389,33.881462,33.967764,33.925212,33.879587,34.096722,33.996878,33.89792,34.020368,33.98615,33.958805,33.913597,34.033597,34.070055,33.797086,33.895628,33.977191,33.794013,33.909118,33.844483,33.986097
38.577244,35.96193,35.925837,35.859067,35.793441,35.883701,35.923077,35.903024,35.921722,35.802972,35.864223,35.936566,35.920212,35.887556,35.83615,35.871305,35.797972,35.953702,35.844118,35.856879,35.926097,35.867764,35.926462,35.720316,35.818025,35.722972,35.697035,35.855316,35.802868,35.909222
35.176618,33.923232,33.729326,33.601618,33.675681,33.782295,33.740524,33.747399,33.8674,33.709639,33.866462,33.704587,33.867868,33.799482,33.77016,33.837607,33.684014,33.70141,33.759222,33.858545,33.759066,33.810472,33.921618,33.757295,33.769014,33.719951,33.88042,33.749171,33.748598,33.868806
40.365941,36.379483,36.465316,36.35016,36.431514,36.480889,36.304535,36.491931,36.363285,36.442868,36.568962,36.439378,36.387139,36.57167,36.515472,36.433545,36.6924,36.617035,36.342451,36.235576,36.562451,36.350369,36.575629,36.395837,36.556202,36.450525,36.46667,36.568129,36.442035,36.551305
43.559431,39.430264,39.238858,39.46417,39.303754,39.363754,39.378233,39.274014,39.279483,39.318597,39.31891,39.340056,39.279483,39.239483,39.198494,39.286149,39.30266,39.312973,39.572973,39.550681,39.307765,39.337139,39.400629,39.261254,39.325472,39.357452,39.378286,39.38141,39.321774,39.343754
25.577555,24.671721,24.602763,24.635158,24.722815,24.809846,24.755002,24.656878,24.750471,24.59068,24.730263,24.717867,24.584117,24.650523,24.684274,24.713232,24.72068,24.673075,24.730211,24.792398,24.73969,24.728701,24.605628,24.629221,24.586148,24.720419,24.669638,24.757086,24.642763,24.664169
44.651671,40.506566,40.536983,40.597087,40.618598,40.662504,40.699431,40.565681,40.767088,40.668806,40.60641,40.555994,40.655786,40.517504,40.57865,40.659171,40.673806,40.457764,40.63865,40.643754,40.736879,40.692504,40.65365,40.728911,40.688858,40.549848,40.722504,40.629691,40.559588,40.539847
35.389171,31.911461,31.539274,31.716149,31.577763,31.645367,31.663806,31.818754,31.692138,31.749482,31.650108,31.731097,31.68969,31.608076,31.558545,31.595472,31.548024,31.652763,31.618909,31.683753,31.734795,31.683597,31.526253,31.567451,31.595159,31.710524,31.617451,31.648753,31.64042,31.392972
33.975003,33.44042,33.242711,33.078232,33.403336,33.352868,33.280315,33.332295,33.133076,33.284951,33.328857,33.238493,33.315316,33.356774,33.345993,33.266722,33.365368,33.203753,33.18193,33.388337,33.308337,33.251982,33.341097,33.201982,33.200316,33.360055,33.293076,33.324066,33.39766,33.393702
28.93318,28.40943,28.114899,28.112763,28.202398,28.135732,28.149221,28.088128,28.222399,28.135523,28.195419,28.092867,28.091409,28.119326,28.493545,28.138336,27.933857,28.152971,28.091669,28.116044,28.152867,28.022555,28.122294,28.04943,28.175472,28.123336,28.078023,28.150628,28.098284,28.120472
47.035369,42.736931,42.529587,42.691098,42.45115,42.563337,42.817921,42.656827,42.697505,42.569952,42.594952,42.551515,42.842348,42.680525,42.479744,42.578494,42.625005,42.705004,42.590056,42.544119,42.593806,42.525682,42.883442,42.489484,42.339692,42.514067,42.694379,42.722348,42.717244,42.591671
6.987396,7.905887,6.522345,6.574636,6.453438,6.616563,6.524271,6.500417,6.473803,6.513386,6.549949,6.518229,6.565677,6.573751,6.524792,6.50849,6.583647,6.531355,6.520261,6.520001,6.572501,6.554948,6.467448,6.522709,6.576146,6.521876,6.519689,6.655678,6.522189,6.562709
12.234115,11.985105,12.106564,11.951356,12.012344,11.942605,12.036981,12.025105,11.965627,12.040678,12.063334,12.009845,12.077189,11.93047,12.080106,12.030366,11.971095,12.030158,11.989481,12.070886,11.971824,11.887606,12.09021,12.068751,11.96146,12.030731,11.93797,12.116251,12.125261,11.884429
20.87146,17.933387,17.910991,17.863335,17.821825,17.92922,17.827554,17.852346,17.897293,17.901824,17.839429,17.913023,17.878804,17.840366,17.925731,17.927554,17.687138,17.871668,17.897814,17.744638,17.865678,17.865366,17.780731,17.882241,17.835262,17.938596,17.806981,17.814845,17.924845,17.901669
29.485368,25.393544,24.416304,24.551097,24.335732,24.403857,24.52318,24.390992,24.54719,24.691722,24.459429,24.425211,24.463805,24.420679,24.470367,24.353179,24.450315,24.509065,24.586408,24.438804,24.475211,24.35344,24.386044,24.476513,24.486617,24.383753,24.526045,24.350419,24.543648,24.449481
32.603701,28.708388,28.518597,28.63568,28.577815,28.570211,28.564117,28.640003,28.595055,28.595784,28.53193,28.575263,28.554066,28.488336,28.581565,28.475732,28.552242,28.583389,28.585785,28.538961,28.567242,28.680732,28.558857,28.508128,28.615628,28.554899,28.569847,28.576566,28.6312,28.55495
34.404066,29.822503,29.534743,29.471148,29.579118,29.459535,29.611669,29.495107,29.557919,29.591826,29.605992,29.548597,29.483649,29.515159,29.549222,29.548962,29.61943,29.43568,29.56818,29.500784,29.435055,29.45844,29.493597,29.532868,29.530159,29.558753,29.685159,29.505107,29.603544,29.434326
38.286306,33.803024,33.686149,33.717816,33.545993,33.747816,33.62917,33.587035,33.864743,33.671775,33.558493,33.766462,33.688128,33.627972,33.746514,33.627243,33.51292,33.562712,33.785003,33.566097,33.816774,33.610368,33.614847,33.575368,33.826097,33.597034,33.816722,33.646253,33.686775,33.648024
29.634951,29.134274,29.243753,29.004326,29.157347,29.144326,29.094534,29.259743,29.155003,29.190471,29.149326,29.176148,29.160784,29.008024,29.12193,29.17766,29.107451,29.20969,29.097242,29.163544,29.203961,29.234377,29.221878,29.138545,29.244847,29.151097,29.124899,29.02719,29.034847,29.119534
52.993703,47.535994,47.518755,47.407192,47.53287,47.563547,47.481775,47.541932,47.541255,47.531515,47.425161,47.463702,47.534797,47.466307,47.544692,47.471775,47.485004,47.59938,47.513598,47.367817,47.559015,47.524223,47.567192,47.507557,47.556202,47.510734,47.508286,47.52412,47.476567,47.495057
13.589168,13.585627,13.078178,13.134584,13.044845,13.052137,13.041668,12.970157,12.896616,13.018126,13.095574,13.068334,13.007762,13.04172,13.031096,13.04396,12.974481,13.001928,13.13047,13.027605,13.071824,12.966668,13.054585,13.007032,12.865262,13.024272,13.060002,12.945262,13.006668,13.060418
22.952086,22.649273,22.558023,22.615003,22.559846,22.512762,22.815367,22.533648,22.581148,22.526513,22.478127,22.614377,22.627658,22.572398,22.500263,22.721981,22.543805,22.543387,22.572138,22.641669,22.55646,22.65745,22.573075,22.631305,22.578439,22.589273,22.720315,22.519742,22.506148,22.59943
30.95792,27.005784,26.577399,26.686148,26.727034,26.843805,26.614534,26.705732,26.651045,26.703128,26.645107,26.630263,26.587607,26.623076,26.699794,26.698857,26.627294,26.638336,26.755055,26.512711,26.614169,26.535576,26.578805,26.619169,26.627086,26.551045,26.624118,26.64042,26.653023,26.670159
43.332556,38.906826,39.013338,39.182087,39.008233,39.096306,39.038546,39.066514,39.128025,39.047452,38.946879,39.080212,39.021618,39.04865,39.009483,39.149223,39.139795,38.951723,39.007816,39.125317,39.131775,39.139171,39.085264,38.986619,38.963129,38.884015,39.174379,39.031306,38.940941,39.070941
36.631045,32.262763,31.959847,32.067867,31.995732,31.975785,31.918128,32.150524,32.508909,32.015576,32.043805,32.043909,32.032346,32.026149,32.127243,32.156462,31.942346,31.982972,31.988544,32.077139,31.982295,32.092087,31.948285,32.058076,32.056253,31.98391,31.926149,32.096461,31.96693,32.112035
22.558492,19.313335,19.139533,19.128283,19.14047,19.252554,19.398231,19.21172,19.09672,19.212658,19.132398,19.226096,19.131929,19.169533,19.249481,19.36344,19.384689,19.56495,19.12969,19.199012,19.308544,19.280314,19.075263,19.145366,19.447242,19.193179,19.23344,19.222711,19.183908,19.258492
26.764118,25.290575,24.87344,25.001565,24.761096,24.903232,24.786669,24.993753,24.857555,24.97219,24.829899,24.963804,24.862398,24.990732,24.852138,24.963804,24.907971,24.926669,24.815887,25.003231,24.872867,24.926513,24.788909,24.924482,24.836722,24.881461,24.861044,24.923544,24.913596,24.968179
14.420001,14.122345,14.176616,14.14323,14.113595,14.111564,14.168491,14.104741,14.138543,14.229481,14.193439,14.189168,14.130523,14.104221,14.168804,14.140522,14.209533,14.207084,14.174637,14.194793,14.11948,14.18422,14.114116,14.235887,14.110991,14.153231,14.127918,14.128439,14.205262,14.175679
10.552136,7.778803,7.662709,7.447449,7.451511,7.512709,7.48198,7.501042,7.483803,7.516095,7.512813,7.514897,7.541771,7.543647,7.535678,7.510053,7.548699,7.511251,7.566928,7.524897,7.494115,7.517449,7.542605,7.444376,7.544636,7.549793,7.473646,7.475938,7.50896,7.547449
96.816937,88.693446,88.470009,88.17303,88.458082,88.710321,88.686363,88.552769,88.692665,88.309071,88.751311,88.271623,88.670686,88.854123,88.265998,88.392769,88.431363,88.476519,88.236988,88.861623,88.737249,88.166519,88.351103,88.359853,88.965478,88.312092,88.568342,88.948498,88.480998,88.278446
157.422151,150.759129,150.444807,149.936004,151.171681,150.212671,150.638088,150.332931,150.228661,149.606525,149.660015,150.421473,150.63038,150.559546,150.859911,150.651421,150.579026,150.316161,150.43439,150.501785,150.532619,150.761212,150.106473,150.705536,150.114754,150.445848,150.995953,150.358921,150.50064,150.483817
205.721062,195.74403,196.125436,195.926894,196.294967,195.59002,196.070801,195.984447,195.918405,196.02127,196.212728,199.716895,196.150592,196.081113,196.088509,196.650957,196.39403,195.943457,195.836947,195.842155,196.409186,197.416009,195.668978,195.92528,196.352519,195.855436,195.857416,195.945905,196.054603,195.909603
360.482952,346.518264,343.901597,351.251337,345.504878,350.082431,342.721336,348.401128,347.417066,344.177534,348.15441,342.743941,347.406493,346.621545,344.895503,345.62717,340.343263,338.345503,345.529149,349.627848,347.424566,343.864097,346.219305,347.464826,343.198211,341.536232,346.873264,343.433628,346.044045,348.64191
