14.219688,10.204219,8.350052,8.252188,8.46125,8.24698,8.388178,8.350052,8.667813,8.64474,17.604218,18.640886,10.131407,26.019843,10.235104,10.802656,9.999115,10.090053,10.244375,9.897188,10.386094,12.876875,8.892969,9.228229,8.781094,9.773021,9.216667,9.63724,9.606407,8.532083
11.891042,8.62849,8.555209,8.503229,9.085781,8.33875,8.464792,8.451563,8.460833,8.378906,8.40125,7.549062,7.947864,7.058594,7.046563,7.066718,6.92776,6.868646,7.026927,6.957292,6.997813,6.940521,6.923958,7.023333,7.038073,7.019375,7.101354,7.144583,7.128907,7.240782
13.962916,9.945104,9.981458,9.932552,10.010834,9.864011,9.832239,9.841354,9.81401,9.687708,9.618854,9.570625,9.731354,9.639635,9.670886,9.724375,9.778437,9.786354,9.867396,9.912291,9.571354,9.599479,9.499895,9.532604,9.743906,9.602344,9.611875,9.62474,9.612552,9.549479
13.536094,9.010729,8.702396,8.994479,8.730886,8.908125,8.561979,8.832553,8.572813,8.807709,8.655729,8.773802,8.620104,8.657344,8.670104,8.72875,8.725208,8.61302,8.577135,8.664218,8.649323,8.688906,8.64875,8.786511,8.766719,8.55125,8.920677,8.825313,8.702032,8.543855
12.874583,8.735416,8.452239,8.484427,8.448698,8.514531,8.31677,8.400885,8.496667,8.361146,8.499948,8.41125,8.467188,8.264531,8.454427,8.387083,8.496198,8.527813,8.490625,8.485,8.615364,8.330938,8.581198,8.503229,8.488073,8.506875,8.514843,8.528802,8.345,8.520833
10.218958,7.58151,6.708229,6.568438,6.535521,6.791822,6.577553,6.691614,6.667448,6.48375,6.63875,6.796562,6.692916,6.564115,6.92875,6.694948,6.538594,6.722969,6.672917,6.467656,6.713437,6.670105,6.594584,6.642552,6.626302,6.56375,6.741979,6.715677,6.51901,6.691146
8.904011,8.826146,8.500677,8.700469,8.629636,8.606406,8.778177,8.718385,8.740989,8.774375,8.814167,9.079063,8.6375,8.602761,8.695365,8.565261,8.715365,8.656406,8.614844,8.612292,8.566667,8.615104,8.545364,8.742188,8.644948,8.679479,8.602344,8.64276,8.504896,8.635834
15.276927,9.082343,8.794375,8.71474,8.973437,8.94349,8.714063,8.733958,8.714531,8.866302,8.776823,8.776041,8.684427,8.771875,8.737604,8.761198,8.821875,8.821354,8.796198,8.721094,8.77125,8.653854,8.711979,8.742239,8.680052,8.761302,8.845365,8.910208,8.777552,8.774219
10.576042,8.333698,7.828802,7.678646,7.639167,7.598802,7.687916,7.637604,7.675156,7.59776,7.660677,7.661666,7.578541,7.654687,7.538594,7.573802,7.666094,7.621511,7.560416,7.531823,7.610834,7.770209,7.652656,7.735105,7.69474,7.64125,7.711198,7.656355,7.492968,7.719792
8.613854,7.730156,7.906927,7.835886,7.76,7.788334,7.743959,7.870468,7.928646,7.850729,7.821459,7.670938,7.844219,7.785521,7.858958,7.776406,7.666823,7.922604,7.849479,8.000989,7.830989,7.668698,7.907708,7.811614,7.984895,7.857605,7.701093,7.855417,7.841562,7.893697
16.715625,10.271979,9.742395,9.730208,9.711771,9.763333,9.741459,9.786614,9.677708,9.896094,9.738906,10.224947,9.646979,9.681302,9.696823,9.735521,9.775989,9.761355,9.777188,9.695886,9.700417,9.789583,9.690885,9.75125,9.790938,9.738177,9.695156,9.730105,9.760573,9.763959
11.838125,9.308229,8.89875,8.574271,8.572344,8.438177,8.52099,8.615208,8.532448,8.556615,8.504427,8.606875,8.582708,8.42323,8.50974,8.521458,8.618593,8.522083,8.568542,8.519167,8.561303,8.420052,8.565417,8.620156,8.561302,8.549791,8.556927,8.633073,8.450156,8.552448
9.184584,8.712135,8.778125,8.765937,8.521094,8.505156,8.658021,8.559896,8.62052,8.601875,8.593281,8.551094,8.495521,8.606875,8.596979,8.642083,8.586875,8.585573,8.576822,8.588229,8.505573,8.539323,8.609635,8.647396,8.644895,8.606198,8.657396,8.62875,8.475313,8.597656
12.684948,8.723334,8.836927,8.717656,8.775261,8.752187,8.769063,8.719687,8.734688,8.643958,8.745833,8.783594,8.71823,8.784531,8.729479,8.758958,8.666406,8.63026,8.636354,8.73099,8.712969,8.729583,8.734271,8.711927,8.760469,8.715885,8.672188,8.765313,8.685625,8.806042
8.84375,8.281511,8.805416,8.003854,8.007136,7.978229,7.910261,8.006927,7.8425,7.938229,8.01151,7.955104,7.972344,7.892291,7.956145,8.002396,7.961354,7.958385,7.944792,7.888854,7.941302,7.925781,8.025833,7.912864,7.847656,7.992969,7.946355,8.001927,7.964375,7.864532
10.267656,9.772187,9.560261,9.755521,9.542083,9.626354,9.539792,9.53776,9.590469,9.537083,9.553907,9.638125,9.561823,9.678437,9.517188,9.569114,9.533854,9.569531,9.549583,9.600156,9.557448,9.58224,9.50401,9.487552,9.66776,9.590885,9.542292,9.548072,9.59224,9.539791
10.891979,10.331406,10.135677,10.222083,10.195364,10.242968,10.174218,10.200937,10.360104,10.276145,10.235416,10.339063,10.416614,10.308542,10.548437,10.215729,10.25625,10.296667,10.254323,10.258907,10.278541,10.23,10.256354,10.321198,10.190416,10.386979,10.236614,10.621407,10.250938,10.253698
9.060938,8.729479,8.270573,8.276406,8.165313,8.075053,8.122084,8.19927,8.166615,8.151459,8.075677,8.07151,8.176198,8.254636,8.128333,8.141562,8.089948,8.153281,8.165417,8.152917,8.181355,8.167656,8.075104,8.2475,8.158802,8.284896,8.193229,8.244844,8.030364,8.22125
9.555157,8.781302,8.985261,8.795312,8.769271,8.67875,8.820156,8.718438,8.809791,8.769479,8.804583,8.731614,8.772969,8.788907,8.662604,8.834219,8.741927,8.856511,8.76375,8.722136,8.795625,8.807865,8.760052,8.679063,8.775521,8.753542,8.770573,8.797813,8.840469,8.752343
8.901927,8.506562,8.489427,8.38448,8.430104,8.421145,8.406927,8.297395,8.352084,8.453958,8.412031,8.568541,8.367291,8.422447,8.312708,8.502292,8.601042,8.424167,8.507604,8.492136,8.521563,8.332969,8.403958,8.447708,8.45151,8.492708,8.435208,8.464948,8.312657,8.43901
10.182291,10.065573,9.006094,8.975937,8.913073,8.946302,8.946615,9.046771,8.926146,8.893177,8.952656,8.95125,9.086511,8.976875,8.957917,8.995104,8.884063,8.893438,8.942448,8.754948,8.973021,8.944271,8.96677,8.959271,8.928385,8.847813,8.989531,8.864479,8.950782,8.917812
11.146459,10.314636,10.390833,10.207604,10.249687,10.214218,10.231042,10.212916,10.294531,10.259479,10.322969,10.183593,10.318802,10.249948,10.257188,10.283282,10.286719,10.270833,10.276823,10.270104,10.269323,10.280208,10.304635,10.27052,10.317291,10.204375,10.236459,10.221094,10.294531,10.305677
10.18901,9.39026,9.317187,9.140365,9.209323,9.178385,9.163229,9.19552,9.13625,9.233646,9.17375,9.21599,9.124219,9.167344,9.11625,9.205104,9.21276,9.195989,9.283333,9.16073,9.217916,9.150937,9.224011,9.172292,9.220416,9.216771,9.261823,9.163646,9.083229,9.18927
9.695469,8.769843,9.391563,8.402552,8.472448,8.379791,8.309375,8.439948,8.403698,8.48526,8.426563,8.451771,8.370833,8.381979,8.453229,8.461146,8.436822,8.427084,8.417084,8.415938,8.391302,8.438333,8.42849,8.481614,8.455521,8.439479,8.328541,8.433594,8.474791,8.421979
10.9775,8.695416,8.486719,8.255156,8.422916,8.428386,8.380104,8.351145,8.319792,8.355417,8.268073,8.432188,8.34776,8.344427,8.35349,8.327448,8.230625,8.402448,8.505938,8.405104,8.440729,8.336771,8.393334,8.193333,8.315573,8.384635,8.443177,8.478437,8.465417,8.337083
12.763073,9.444583,8.872292,8.867969,17.298906,9.304323,8.848073,8.798177,8.906823,8.822187,8.881666,8.765208,8.848073,8.885573,8.854011,8.864948,8.890521,8.866927,8.849375,8.896459,8.744635,8.860417,8.877187,8.861615,8.914479,8.87698,8.869896,8.875781,8.861354,8.860521
10.004427,10.178125,9.159011,8.997344,9.038229,9.004531,9.030365,8.973542,9.007604,9.034167,9.050364,8.908594,9.016042,9.022239,8.96724,9.038021,8.998177,9.025417,9.024479,9.00552,8.982916,8.99651,8.909063,9.003542,9.010052,8.985417,9.067447,9.038802,9.031458,8.986823
12.301667,9.447083,8.811719,8.589844,8.49849,8.593958,8.607656,8.6725,8.608854,8.594114,8.614063,8.618073,8.47927,8.681667,8.593959,8.619114,8.632552,8.636615,8.57599,8.564167,8.493072,8.599948,8.588906,8.603438,8.642187,8.573177,8.568125,8.529167,8.597656,8.586979
9.356563,7.815937,7.75776,7.79724,7.917083,7.845625,7.695886,7.588386,7.851979,7.705156,7.729531,7.795208,7.682187,7.739479,7.715729,7.730573,7.595938,7.606406,7.748229,7.701406,7.7825,7.663437,7.733073,7.807396,7.740052,7.786823,7.610781,7.745521,7.799792,7.738646
11.201302,9.985886,9.560417,9.330833,9.491563,9.498437,9.488333,9.492761,9.493281,9.42875,9.529167,9.50302,9.481302,9.480156,9.532292,9.517032,9.520469,9.443282,9.573125,9.427187,9.527344,9.47526,9.501615,9.574062,9.549479,9.479791,9.465729,9.485364,9.427344,9.491927
12.431563,9.592552,9.034375,8.946406,8.995104,8.801198,8.884219,8.786511,8.948958,8.81349,9.011406,8.887032,8.851563,8.897552,8.807969,8.876146,8.907448,8.878698,8.873802,8.857864,8.861042,8.854427,8.948698,8.876354,8.87448,8.871094,8.840469,8.969636,8.879271,8.843646
10.051354,8.631927,8.793177,8.638698,8.603177,8.635104,8.629896,8.565833,8.512917,8.671562,8.57401,8.666093,8.592344,8.626771,8.551354,8.555989,8.669219,8.656094,8.611146,8.563906,8.611823,8.588333,8.600312,8.455521,8.591667,8.697604,8.628594,8.64776,8.563906,8.56
9.15724,8.542344,8.463073,8.6275,8.458021,8.558125,8.448073,8.394063,8.477343,8.471927,8.469219,8.434636,8.496667,8.450417,8.345729,8.474322,8.407344,8.516771,8.425416,8.447657,8.393125,8.354844,8.425781,8.454375,8.444219,8.430885,8.397135,8.436875,8.345573,8.537864
40.829323,32.023125,32.043646,31.928594,32.037448,32.016927,31.982917,32.110781,31.983803,31.888906,31.952136,31.953177,32.011302,31.868646,31.941354,32.01099,32.075886,31.988855,32.007032,32.007708,32.011771,32.078333,31.986979,32.020573,31.989115,31.910312,32.058542,32.07276,32.005885,31.95724
38.325677,36.465,36.378958,36.426927,36.46276,36.360521,36.461094,36.472344,36.379167,36.43599,36.315053,36.44224,36.693646,36.757864,36.61526,36.650156,36.68948,36.648646,36.36651,36.433333,36.40802,36.481145,36.328698,36.476302,36.470052,36.314532,36.378802,36.577916,36.359323,36.406667
32.670052,27.316407,26.925729,26.910208,26.923177,26.9875,26.885053,27.025417,26.972032,27.039323,26.975937,27.017344,27.05026,26.977447,27.00599,27.01802,27.022813,26.972448,27.126615,26.893802,26.931354,27.010938,26.971718,26.930989,26.882969,27.131979,27.03823,27.035468,27.009999,27.088125
42.444583,35.962448,35.875625,36.086719,35.912031,35.950937,36.059271,35.978906,35.940052,35.8275,35.981302,35.9,35.961094,35.915834,35.874636,36.020729,35.943177,35.902187,35.977813,35.912916,35.969844,35.970885,35.84375,36.001511,35.889219,35.967552,36.081042,35.854271,36.000208,40.080729
33.568594,29.515886,29.720416,29.377396,29.550885,29.472291,29.677136,29.351563,29.778594,29.249479,29.534063,29.271302,29.636407,29.389583,29.812708,29.462344,29.672865,29.424271,29.72526,29.496303,29.680156,29.368281,29.835625,29.764584,29.761511,29.907448,29.919584,29.969219,30.309531,29.971041
40.971458,34.192292,33.59375,33.460157,33.564687,33.484895,33.639948,34.056563,33.661459,33.9575,33.78474,33.678386,34.047865,33.518594,33.432917,33.401354,34.564479,33.525573,33.470521,33.548385,33.570209,33.476042,33.383541,33.494166,33.319114,33.730312,33.38401,33.394115,33.572239,33.371458
37.114115,31.257865,31.287865,31.448489,31.462552,31.451406,31.274844,31.716615,31.862032,31.033125,31.087031,31.089792,30.94026,31.118854,30.988594,31.080365,31.09974,31.022917,31.027032,31.059218,31.090417,30.965261,31.106875,31.209375,30.996562,31.081354,31.048177,31.026771,30.943437,31.032917
28.910729,26.844427,26.802917,26.967031,26.861198,26.785677,26.955104,26.886198,26.880521,26.933437,26.953542,26.939375,26.873959,26.915208,26.923385,26.833021,26.885156,26.99125,26.828177,26.877396,26.997291,26.993333,26.808698,26.818281,26.85625,26.81276,26.93724,26.900677,26.788594,26.932188
44.281198,36.877604,36.707865,36.649166,36.775521,36.747604,36.712136,36.750834,40.366666,36.741771,36.672187,36.666823,36.778958,36.744948,36.607813,36.64776,36.685625,36.7075,36.658178,36.782344,36.634687,36.639115,36.730886,36.696094,36.713594,36.657604,36.599584,36.681458,36.649271,36.706197
39.763803,32.682396,32.677344,32.612083,32.694584,32.716771,32.781875,32.795,32.859427,32.638177,32.678594,32.599271,32.678593,32.772813,32.690989,32.780729,32.631042,32.675521,32.49349,32.782969,32.643438,32.509531,32.751094,32.707344,32.755156,32.642865,32.66849,32.700834,32.805625,32.601875
44.088177,36.056718,35.9525,35.935573,36.030416,35.925833,36.068802,36.016094,36.046718,36.193334,36.044688,35.968177,36.048959,36.074792,36.100053,35.977187,35.842864,36.094167,36.093906,35.885312,36.056822,35.987812,35.929115,36.140469,35.952292,36.03099,35.914167,36.948021,37.779532,36.882344
40.119895,38.964583,38.51,38.291093,38.249167,38.18849,38.371823,38.246614,38.217656,38.161458,38.331094,38.043281,38.414219,38.172135,38.150677,38.193697,38.287343,38.172032,38.205886,38.227916,38.151563,38.556979,38.441719,38.005989,38.028125,37.923334,37.958438,38.163854,38.13625,38.241458
26.475416,21.82,21.820677,21.91448,21.820521,21.885052,21.846042,21.750625,21.839062,21.746198,21.811822,21.943594,21.776771,21.742188,21.845052,21.809583,21.890677,21.729427,21.808281,21.880781,21.804115,22.034948,21.829167,21.823854,21.878698,21.787969,21.889739,21.818125,21.783021,21.780573
40.01625,39.535469,39.556407,39.501146,39.521927,39.996198,39.564115,40.227344,39.973281,39.621094,39.669479,39.755157,39.377865,39.672552,39.531406,39.777865,39.612969,39.847396,39.676615,39.637864,39.370677,39.565521,39.579531,39.911823,39.538177,39.737084,39.351354,39.65474,39.396719,39.615521
35.513802,33.117865,33.03026,33.330781,33.510104,34.629479,34.085208,34.535468,34.748072,34.169584,35.487083,36.658855,34.540729,33.384427,33.48099,33.347865,33.027448,33.459583,33.187136,33.2,33.561719,33.21599,33.208125,33.35901,33.284323,33.125989,33.237604,32.978906,33.001459,33.110469
40.319792,36.008907,36.130781,36.054323,36.101875,35.996511,36.021354,36.062604,35.832813,36.065416,36.140729,35.868386,36.10073,36.091354,36.166927,36.048438,35.980052,36.050937,36.003178,35.966823,36.172864,35.985625,36.066146,36.015833,36.018489,36.113073,35.937291,36.075521,36.137083,35.924063
33.086875,31.807395,31.862448,31.65276,31.811823,31.786146,31.845208,31.887136,31.927239,31.814271,31.880573,31.800052,31.967917,31.754271,31.724219,31.791458,31.827656,31.847656,31.800416,31.772709,31.790312,31.871823,31.948281,31.809583,31.806458,31.735365,31.803697,31.837813,31.887135,31.723594
32.468959,27.001406,26.645209,26.778698,26.776875,26.798489,26.768541,26.7725,26.678854,26.779323,26.744636,26.634948,26.669739,26.76974,26.760104,26.757083,26.733177,26.675625,26.752761,26.858178,26.649583,26.717968,26.774635,26.810729,26.633802,26.781614,26.739114,26.716354,26.745,26.760937
43.28224,35.482135,35.488021,35.428855,35.336667,35.439896,35.280417,35.420104,35.375208,35.345938,35.363021,35.410521,35.302656,35.423646,35.566355,35.291823,35.38776,35.282083,35.377031,35.409323,35.41776,35.36401,35.398229,35.303959,35.417865,35.399479,35.377448,35.417604,35.331562,35.530469
31.079427,29.210625,29.111666,29.257084,29.315208,29.229479,29.23875,29.280625,29.313281,29.235156,29.330729,29.259375,29.277969,29.279635,29.664063,32.247396,40.681407,36.129636,37.419843,38.561875,36.099271,37.037187,36.217135,37.178542,35.534896,35.628177,36.072448,35.769375,35.800365,35.680417
45.588698,42.898959,42.280938,42.831875,42.138021,42.756198,43.309584,48.949375,43.939479,41.897292,42.315833,45.359635,43.525573,43.12948,44.588959,43.616927,44.146511,42.239948,42.080364,42.984166,44.025313,42.638594,43.667136,43.582292,178.943073,179.83526,184.604895,184.332761,206.77,187.838854
232.46349,202.404322,202.206875,213.370625,205.601719,199.72073,200.838542,219.761458,226.961198,215.782916,230.18375,199.152604,225.76052,218.378906,198.823593,213.03349,211.93677,213.584271,214.680104,208.077812,204.820364,205.640209,206.479636,209.613281,212.848437,211.622761,211.173802,200.768959,200.653698,198.888698
265.265677,253.847917,251.321094,253.210938,252.741614,246.136407,251.933229,249.416719,241.528541,252.571146,252.636407,242.656771,254.369427,244.908698,250.729375,256.00651,256.967604,260.780313,250.16776,244.446874,251.816146,261.627083,259.822344,255.704063,253.643489,245.009791,241.477708,243.840677,241.631198,248.225677
171.531666,161.344948,159.967031,157.481823,154.439166,156.180208,161.339166,157.441771,157.488698,156.295416,158.14427,156.294011,160.075885,154.812239,149.936146,150.330312,154.233333,155.980521,161.321511,155.212188,162.231197,149.954218,154.944947,152.62526,157.772396,155.712344,159.905781,158.770104,150.297239,153.845052
163.527917,151.56401,146.704322,148.18125,150.636302,157.896406,160.072656,159.698072,157.428386,155.868698,162.164323,154.324166,153.099271,152.439323,150.114427,150.888646,162.723958,153.70099,163.89901,153.628854,162.553959,152.392187,162.005625,156.477448,156.285625,146.27776,147.079114,146.522969,144.737187,146.115677
213.083906,183.106354,186.491041,191.483489,191.319948,195.757604,201.617292,84.027343,37.947657,36.917448,34.455729,33.406615,32.975937,33.123386,32.620729,32.624947,32.623698,32.933594,32.800052,32.792187,32.805521,33.071615,33.016302,33.100729,33.23776,33.657552,34.296198,33.596979,33.530521,33.199635
39.346823,34.743281,33.987813,33.773854,34.093229,33.518229,33.670938,33.649427,33.587344,33.662864,33.556042,33.712813,33.616146,33.512865,33.655312,33.50276,33.607083,33.500885,33.496146,33.564114,33.715365,33.546146,33.459166,33.652239,33.47625,33.617344,33.522969,33.468229,33.67849,33.521354
36.298855,33.697031,33.65125,33.782916,33.769948,33.817656,33.797239,33.876354,33.855052,33.77,33.767812,33.733542,33.73625,33.653125,33.689791,33.616771,33.81875,33.584375,33.583177,33.729948,33.588854,33.610156,33.836094,33.68823,33.804428,33.580625,33.644791,33.744166,33.644115,33.752344
28.247812,23.333125,23.202916,23.055885,23.027865,23.13526,23.067657,22.983385,23.183386,23.055417,23.410261,23.163021,23.160156,23.077916,23.064688,23.115833,23.21,23.254688,22.987187,23.04599,23.079479,23.052187,23.033125,23.216615,23.025729,23.069896,23.081927,23.01,23.068906,23.036354
38.686927,36.054375,35.849218,36.070625,35.840521,36.035678,35.924687,35.92375,36.056042,35.905573,35.977552,35.910573,35.79375,35.967812,35.886094,35.951094,36.015573,35.961198,35.891823,35.929531,36.024531,35.888489,35.885834,35.936719,35.864114,35.927813,35.903438,35.881823,35.95724,35.884843
34.766875,29.625417,29.382135,29.581719,29.512188,29.542448,29.368802,29.496771,29.441979,29.370938,29.496666,29.365261,29.449166,29.388646,29.509791,29.453646,29.459375,29.519792,29.487188,29.603646,29.738593,29.511145,29.483281,29.443177,29.524271,29.479115,29.406094,29.441354,29.404792,29.359219
36.405104,29.136979,28.883802,29.025573,28.92724,28.955468,29.009218,29.013542,29.101563,28.886198,28.881875,28.880782,28.916511,28.832239,29.014271,28.906459,29.025885,29.265834,29.069635,29.191094,29.280416,28.986354,29.103802,29.13151,29.343958,28.958385,28.919271,29.028333,28.891563,28.951042
35.648281,28.065521,28.025781,28.090885,28.026303,28.017864,28.050677,28.078958,28.092135,28.006615,28.043542,28.056614,28.102032,28.11526,28.118177,28.022916,28.0625,28.205052,28.121459,28.107604,27.970052,28.120521,28.084375,27.996562,28.114792,28.072656,27.998854,28.075781,28.006979,28.06875
34.058854,29.200989,29.077448,29.021927,29.017187,29.018125,28.888282,29.032865,29.039323,29.05526,29.038542,29.011354,29.090625,28.97224,28.976614,29.096198,29.043907,28.928386,28.99474,29.150886,29.157656,29.033021,29.063333,28.970625,29.050417,29.001145,29.037656,29.010208,28.969427,29.096302
34.840468,31.688021,31.814062,31.764531,31.759427,31.86474,31.727968,31.689635,31.734323,31.691615,31.707188,31.789219,31.732448,31.784167,31.744792,31.803541,31.856875,31.729062,31.745781,31.742604,31.64776,31.812917,31.72901,31.968541,31.814687,31.683021,31.757917,31.825,31.870313,31.761094
41.006354,35.103645,35.023072,35.107968,35.189271,34.998177,34.993854,34.916875,35.062396,34.911875,35.015677,34.982709,35.032395,34.805573,35.159323,35.808021,35.703177,35.442812,35.451771,35.285,35.755156,35.988072,35.514375,35.519739,35.588021,35.512657,34.993646,34.948281,35.160989,34.963282
33.882448,32.148437,31.979531,31.995833,31.995156,32.01,32.128229,32.10427,31.963802,32.085104,32.152864,32.022448,31.98901,32.039687,32.081614,32.230104,32.117656,31.98,32.040677,31.900729,34.083385,32.004896,31.90776,32.10776,32.081875,32.01875,32.028386,31.960521,32.161875,31.971146
33.984375,28.19677,28.146562,27.992761,27.944375,28.073907,27.965782,28.047604,28.021562,28.005156,28.044428,27.999219,28.190782,27.981406,28.02099,27.963438,28.011459,28.063594,28.085208,27.937812,28.145261,27.997083,27.971042,28.052187,28.008282,27.923646,28.051458,28.074896,27.960468,28.103802
38.753229,35.846198,35.566042,35.621042,35.626563,35.555313,35.595781,35.551459,35.681093,35.532083,35.566562,35.695833,35.462084,35.609479,35.591563,35.600677,35.573177,35.649688,35.595104,35.610573,35.618021,35.557083,35.673907,35.538073,35.646458,35.69099,35.491875,35.686927,35.549375,35.634791
39.974635,34.945312,34.811458,34.829219,34.86125,34.860625,34.93349,34.789375,34.822448,34.832708,34.853802,34.756718,34.85198,34.846979,34.996875,34.765365,34.857917,34.910729,34.898229,34.713021,34.838333,34.863333,34.866979,34.826198,34.84625,34.774791,34.938646,34.769063,34.948021,34.877343
44.896979,37.190208,36.89052,36.933854,36.928542,36.921823,37.024688,36.819895,36.892864,36.998021,36.863802,36.889427,36.949844,36.906875,36.859843,36.916823,36.874531,36.95052,36.942292,37.006562,36.843177,36.937396,36.839271,36.965782,36.954375,37.043489,36.941563,36.777083,37.300677,37.31026
43.330573,35.478541,35.357187,35.361406,35.701146,35.152448,35.224062,35.165417,35.092552,35.201666,35.075833,35.06625,35.114271,35.183698,35.091614,35.223594,35.121511,35.202083,35.058854,35.248229,35.193907,37.210729,35.176563,35.159688,35.208333,35.112708,35.313021,35.165937,35.208385,35.179375
44.211927,36.202239,36.12401,36.131302,36.143125,36.050989,36.015052,36.099167,35.907448,36.142084,36.067448,35.913333,36.176354,36.061666,36.004843,36.039323,36.05875,36.07026,36.031563,35.992239,36.192032,35.953073,36.101354,36.185313,35.911614,36.040313,35.992395,36.046927,35.938282,36.016094
32.340625,28.242552,28.132344,28.087083,28.103073,28.054428,28.088178,28.15974,28.062865,28.230521,28.05849,28.045364,28.125469,28.181458,28.059323,28.116875,28.047708,28.407135,28.0325,28.201719,28.080416,28.096875,28.049896,28.180729,28.10901,28.132812,28.129063,27.978073,28.056979,28.134584
32.435677,30.239062,30.248282,30.313646,30.282604,30.282343,30.340312,30.192396,30.306563,30.205573,30.47901,30.292657,30.238959,30.329947,30.26698,30.33401,30.311614,30.301563,30.259843,30.332604,30.256406,30.219896,30.287448,30.302343,30.363177,30.252865,30.255885,30.279948,30.20625,30.32474
46.998698,39.365313,39.013386,39.148959,39.055677,38.97526,39.152083,39.042761,39.042656,39.171198,39.046302,39.038229,39.310833,39.069948,39.028907,39.133125,39.094895,39.128438,39.152865,39.083646,39.051719,39.109479,39.15599,39.060885,39.270886,39.190053,39.032344,39.384791,39.109895,39.138385
37.695729,34.397708,34.553489,34.465104,34.709583,34.546562,34.487188,34.537188,34.495,34.624792,34.517552,34.587083,34.490261,34.593645,34.590937,34.529531,34.467187,34.654375,34.456771,34.600677,34.455677,34.909323,34.829115,34.894427,34.94,34.737813,34.874167,35.041875,34.635468,34.432239
37.257657,31.5575,31.200938,31.256458,31.283437,31.35125,31.23125,31.342864,31.286771,31.269844,31.26474,31.256302,31.345573,31.510886,31.240937,31.281875,31.264271,31.29875,31.251458,32.970885,31.410364,31.257291,31.320781,31.316459,31.315886,31.26625,31.363489,31.292343,31.289948,31.310468
35.534323,31.830677,31.529688,31.552396,31.55776,31.639479,31.606198,31.595937,31.589792,31.480156,31.536823,31.566042,31.604687,31.52625,31.561354,31.621458,31.594844,31.547396,31.79401,31.703958,31.5825,31.56974,31.6375,31.574323,31.704479,31.524427,31.578334,31.504531,31.530157,31.582916
41.868854,35.99724,35.87276,35.789948,35.89849,35.692656,35.914114,35.841979,35.81349,35.876719,35.690156,35.921146,35.788802,35.775833,35.929375,35.767344,35.783281,35.819479,35.876302,35.889531,35.768125,35.951355,35.875729,35.876302,35.842395,35.742031,35.813594,35.79599,35.939687,35.853334
43.176615,38.778854,38.590625,38.638854,38.635833,38.633385,38.604219,38.680729,38.680885,38.643959,38.570156,38.649584,38.538073,38.585313,38.603698,38.621094,38.63526,38.581407,38.674323,38.644687,38.604219,38.683958,38.653958,38.60349,38.588386,38.546718,38.580886,38.642916,38.551145,38.655625
47.172396,39.484791,39.230365,39.306458,39.243177,39.210417,39.34901,39.211302,39.259218,39.26,39.214271,39.215573,39.280364,39.312812,39.168802,39.159687,39.245104,39.244011,39.255156,39.40974,39.254896,39.295625,39.259427,39.21948,39.316719,39.337708,39.293646,39.225782,39.191302,39.269271
36.594584,34.455782,34.483802,34.39599,34.403333,34.518906,34.504219,34.346302,34.52125,34.389635,34.41849,34.496511,34.447031,34.57974,34.439687,34.493907,34.53276,34.478646,34.387031,34.570156,34.365677,34.410729,34.540886,34.412396,34.435833,34.292813,34.504583,34.393802,34.491615,34.461354
47.551823,40.081823,39.951823,39.838958,39.925469,39.994166,39.86375,39.913906,39.887708,39.916406,39.918802,39.830417,40.043594,39.84948,39.888594,39.958802,39.834166,39.909583,39.928281,39.84552,40.114948,39.9325,40.021406,39.951249,39.921719,39.902239,39.90375,39.957135,39.902969,40.087187
27.143854,25.508385,25.521458,25.592709,25.501511,25.534896,25.53901,25.66375,25.453229,25.526406,25.57375,25.485468,25.541042,25.413854,25.53026,25.436302,25.553645,25.592292,25.38224,25.651094,25.401823,25.558958,25.458646,25.667657,25.456094,25.560052,25.545208,25.465052,25.630469,25.483959
38.71052,33.506874,33.329219,33.330104,33.328594,33.342084,33.246355,33.232813,33.363177,33.221615,33.44875,33.264219,33.368906,33.423333,33.709011,33.45401,33.419063,33.735052,33.388021,33.366354,33.337813,33.294219,33.441927,33.342239,33.353385,33.304167,33.424114,33.296979,33.314739,33.347032
37.324375,32.305312,32.190625,32.122343,32.255886,32.15849,32.259687,32.239791,32.145104,32.27625,32.124843,32.151041,32.267552,32.164583,32.12125,32.19125,32.184063,32.238749,32.121406,32.183646,32.137239,32.290573,32.197552,32.140313,32.178438,32.222239,32.138802,32.224688,32.059062,32.2125
38.792448,34.438594,34.37073,34.341771,34.308073,34.324062,34.393021,34.20875,34.352708,34.279323,34.288906,34.303281,34.337135,34.310052,34.275989,34.391302,34.244636,34.239792,34.385417,34.335625,34.337917,34.32224,34.267552,34.325469,34.354375,34.166094,34.242709,34.268437,34.264688,34.290677
34.988073,32.199115,32.176302,32.385104,32.117552,32.136875,32.185781,32.270104,32.118073,32.122604,32.112813,32.27776,32.187812,32.132656,32.243073,32.157083,32.292396,32.119687,32.08974,32.210625,32.264219,32.127396,32.112343,32.126875,32.215937,32.23901,32.149479,32.18974,32.179219,32.3125
42.445261,34.771042,34.650885,34.51599,34.455104,34.669635,34.534375,34.637135,34.681093,34.569323,34.592448,34.754167,34.557812,34.610521,34.503125,34.629219,34.560677,34.568854,34.56776,34.526458,34.692084,34.716562,34.647187,34.52224,34.602343,34.659687,34.68724,34.592656,34.692031,34.572917
39.570261,37.590468,37.519531,37.700573,37.585156,37.581042,37.640365,37.619271,37.571094,37.621927,37.509583,37.574896,37.55776,37.575885,37.658698,37.452604,37.584167,37.599844,37.55,37.593698,37.630938,37.567135,37.652187,37.500469,37.586719,37.594531,37.61276,37.592448,37.476094,37.631041
28.481979,23.509167,23.573333,23.605208,23.495208,23.44651,23.51276,23.483542,23.644791,23.417239,23.560885,23.608802,23.598854,23.631979,23.56776,23.544792,23.595312,23.802552,23.529271,23.510834,23.412084,23.532448,23.503386,23.350625,23.402552,23.510781,23.448802,23.451458,23.451979,23.420729
40.412396,38.373386,38.330937,38.271093,38.350886,38.358125,38.400521,38.441823,38.313073,38.228073,38.497812,38.32526,38.401093,38.348854,38.444635,38.338438,38.315729,38.435156,38.364167,38.452083,38.398333,38.350573,38.246094,38.305156,38.32276,38.379583,38.39198,38.37,38.401979,38.365
34.202865,30.406198,30.243281,30.221823,30.204531,30.14401,30.264583,30.311823,30.199636,30.137031,30.215989,30.20427,30.204635,30.25349,30.107344,30.236093,30.16302,30.322552,30.051198,30.232813,30.282812,30.180104,30.229636,30.288072,30.256823,30.142344,30.178646,30.145104,30.218177,30.127552
33.639531,31.891771,31.712709,31.794271,31.716458,31.72125,31.827708,31.657343,31.6775,31.724583,31.742917,31.707657,31.865989,31.780052,31.801198,31.78198,31.723334,31.780885,31.704167,31.761979,31.732813,31.687708,31.7975,31.832083,31.597084,31.753333,31.660468,31.630365,31.791041,31.675469
32.644271,26.858646,26.745573,26.640625,26.569114,26.72026,26.617135,26.538385,26.708959,26.699583,26.585,26.647135,26.626875,26.544583,26.680521,26.63,26.606563,26.616042,26.616146,26.5725,26.687395,26.595573,26.571459,26.655469,26.610782,26.595989,26.625781,26.686927,26.545312,26.637031
45.742969,40.79625,40.80375,40.699531,40.695052,40.671614,40.546875,40.738646,40.504479,40.768021,40.696511,40.454792,40.769843,40.697239,40.75099,40.692552,40.679062,40.678542,40.720729,40.696667,40.69302,40.722135,40.718698,40.414583,40.675364,40.67,40.694636,40.77375,40.750782,40.674062
9.364375,6.686615,6.266094,6.348906,6.20875,6.098281,6.039948,6.100989,6.070417,6.052604,6.154011,6.064167,6.021563,6.152917,6.01927,6.093282,6.111823,6.091823,6.078646,6.001875,6.199375,6.084062,6.01599,6.151719,6.083802,6.055416,6.143489,6.022396,6.146198,6.159948
12.739375,12.16099,11.282552,11.237448,11.316614,11.228542,11.314791,11.370208,11.25724,11.295364,11.26,11.330104,11.24427,11.264687,11.397344,11.211302,11.335833,11.286198,11.271198,11.273958,11.388698,11.452969,11.251875,11.30125,11.241615,11.373229,11.24974,11.25625,11.341407,11.248802
24.189792,17.775781,16.891718,16.949271,16.946666,16.935417,16.992188,17.037031,16.9525,16.928646,17.051927,16.997291,16.933489,17.004062,16.991614,16.890625,16.983334,17.029687,16.963854,17.017344,16.985937,16.959583,16.870156,16.982291,16.984323,16.912396,17.01474,16.95125,16.99427,16.885312
28.124739,23.175104,23.086458,23.123385,23.150677,23.082761,23.097343,23.128958,23.074479,23.217448,23.183802,23.056094,23.15599,23.142604,23.107396,23.231615,23.090364,23.124062,23.202031,23.11474,23.125052,23.276355,23.099583,23.046198,23.065052,23.099427,23.085573,23.093855,23.225886,23.096458
34.322813,27.587448,27.148334,27.215938,26.919688,27.12224,27.121875,27.09875,27.141146,27.004687,27.211615,27.023021,27.140157,27.175677,27.073802,27.077812,27.048281,26.951198,27.224844,27.180729,27.101719,27.11901,27.186875,27.097239,26.905781,27.032813,27.195989,27.10526,27.078281,27.218073
30.520417,28.133125,28.050416,27.955104,28.005834,28.064844,28.049375,27.955469,28.044948,27.989895,27.997187,28.090781,27.919167,28.085313,27.969063,27.988125,28.091302,28.045677,28.04625,27.960729,28.068489,28.0075,28.000417,28.109167,27.920468,27.951615,28.162448,28.039687,27.977812,28.00552
38.950104,32.088125,32.02,31.973437,31.943854,31.949323,31.921614,31.952812,31.838646,31.906406,31.786823,31.941719,31.901406,31.863907,31.869427,31.949635,31.912656,31.982031,31.830833,31.880104,31.815521,31.868125,31.897917,31.897708,31.874896,31.817812,31.875416,31.83474,31.965573,31.868958
32.434687,28.146927,27.695052,27.739375,27.757812,27.683593,27.660781,27.708802,27.773802,27.580052,27.68901,27.677292,27.677031,27.604948,27.645364,27.636354,27.704167,27.618854,27.594166,27.676667,27.723125,27.662292,27.675312,27.668333,27.700468,27.695677,27.709948,27.586094,27.696354,27.678802
51.68776,45.010469,45.124063,45.012031,45.034479,45.053021,45.087292,45.01698,45.008229,44.978698,45.159323,45.010781,45.025156,45.0275,45.09026,45.121146,45.051198,45.070989,45.003855,45.150052,45.000312,45.028333,45.035625,45.002708,45.006354,45.029428,45.274167,45.47349,45.541406,45.408125
14.162812,13.249843,12.556146,12.313281,12.247395,12.33698,12.316927,12.294167,12.301198,12.279427,12.296614,12.380417,12.307187,12.303854,12.199219,12.387136,12.372084,12.217448,12.329011,12.353958,12.368594,12.241719,12.227239,12.398958,12.384636,12.203125,12.302344,12.326354,12.307813,12.253177
22.786563,21.561979,21.443229,21.358229,21.421094,21.398489,21.391354,21.348073,21.326458,21.349166,21.378594,21.50526,21.34875,21.424011,21.376458,21.323594,21.414948,21.357031,21.472761,21.361927,21.398958,21.329375,21.332083,21.410313,21.427447,21.430782,21.308958,21.338646,21.312448,21.339739
29.93401,25.587135,25.113073,25.203334,25.183125,25.176406,25.125886,25.224062,25.117708,25.199219,25.123802,25.245938,25.108073,25.237917,25.118072,25.233073,25.124739,25.222552,25.149323,25.28625,25.163333,25.206771,25.166667,25.186198,25.237708,25.110782,25.197552,25.161042,25.276407,25.157084
42.496979,37.111875,36.97651,36.932708,36.988281,36.974167,37.033541,36.86302,37.08,36.965937,37.152032,37.045468,36.923854,37.058385,36.978542,36.955469,37.02599,36.95302,37.01526,37.253958,37.665521,37.752396,37.812344,37.586979,37.396146,37.323489,37.630104,37.405833,37.788698,37.415
37.09224,31.031718,30.717135,30.662917,30.724427,30.663646,30.457709,30.209271,30.282032,30.258489,30.26375,30.442344,30.290208,30.23875,30.241615,30.311719,30.210573,30.194688,30.267135,30.409479,30.26349,30.283802,30.232552,30.299687,30.363125,30.277865,30.297031,30.26,30.199271,30.29823
19.517865,18.21875,18.147917,18.211667,18.207031,18.231406,18.26099,18.275,18.035104,18.141875,18.214636,18.079688,18.103177,18.194011,18.200573,18.162448,18.167865,18.149739,18.185,18.161198,18.003959,18.089479,18.135208,18.107812,18.199167,18.137448,18.157812,18.301042,18.213854,18.093594
31.967604,23.82,23.530261,23.674791,23.652396,23.599792,23.48177,23.424948,23.644635,23.488073,23.590833,23.52099,23.473802,23.590469,23.63276,23.537605,23.621667,23.455313,23.430052,23.545416,23.488906,23.660208,23.536406,23.486719,23.53526,23.613645,23.489687,23.501979,23.467552,23.575104
17.336563,14.007708,13.499114,13.391511,13.477604,13.500729,13.400573,13.60823,13.30026,13.323854,13.449843,13.385156,13.497136,13.416354,13.449583,13.410469,13.507031,13.471042,13.408541,13.380468,13.394167,13.359895,13.445834,13.347604,13.321562,13.419844,13.458646,13.296667,13.411718,13.447917
7.983281,7.191146,7.257969,7.316093,7.317552,7.111927,7.128438,7.02474,7.201563,7.047552,7.172292,7.057708,7.047708,7.125677,7.162188,7.142864,7.040156,7.170469,7.113437,6.983177,7.175052,7.063437,7.157031,7.024375,7.132031,7.133125,6.982969,7.134063,7.119791,7.14401
94.469063,84.401875,84.336406,83.904271,84.037188,83.579896,83.927552,84.035105,83.999271,83.532656,83.4075,84.167031,84.109948,83.692604,83.633646,83.81974,83.750417,83.643386,83.814583,84.119323,84.177135,84.05151,83.879687,84.027708,83.969427,83.501406,83.997604,83.566354,83.726406,83.357552
157.116146,143.363073,142.778698,142.631979,143.000678,143.671718,142.799375,142.427813,142.566094,142.47375,142.681094,142.762083,142.881875,142.860989,142.45552,143.08974,143.122969,142.322344,142.665156,142.994687,142.480365,142.501875,142.763333,143.036459,142.695833,142.60802,142.804739,142.739219,142.518385,142.754739
199.489948,186.212552,186.50125,186.334011,186.468541,186.862239,186.198646,186.239375,190.094427,186.897187,186.582604,186.393854,186.444375,186.539635,186.439219,186.292917,186.583906,185.751667,186.136198,186.493594,186.580156,186.351146,186.369791,186.019062,185.869948,186.558021,185.761041,186.384375,186.45448,185.90625
353.836979,331.024375,328.121823,329.522343,329.320573,329.912604,329.759895,330.04125,327.907188,326.461719,328.931355,329.664948,328.551979,332.041406,329.193646,330.311562,329.145781,329.457917,327.838437,329.5,330.178802,329.363958,330.508333,329.742187,329.340156,330.039166,330.801614,327.316458,331.853906,330.254271
