30.165052,24.686042,24.55698,24.262239,24.688489,23.804688,23.508698,23.615625,23.315052,23.861927,23.634167,23.861406,23.965209,23.997604,23.695677,23.555,23.491094,24.117656,24.514948,23.508854,23.629219,23.834583,23.617135,23.804167,25.318281,26.777135,23.998021,23.970469,23.60125,23.67302
22.77552,17.285156,17.505208,17.431459,17.418594,17.23802,17.419947,17.394115,17.615,17.2275,17.503854,17.38151,17.43099,17.363385,17.385052,17.362344,17.349584,17.187865,17.234583,17.354166,17.25849,17.261875,17.340729,17.454219,17.39875,17.557813,17.202865,17.325104,17.374375,17.373438
31.554844,28.695312,28.260156,29.079219,28.748334,28.704584,28.442292,28.443698,28.704427,28.792656,28.283385,28.629479,28.416459,28.294688,28.583021,27.973542,27.800104,28.077708,28.795885,27.612813,27.982136,27.833385,27.963646,28.364427,27.964844,27.999687,28.204792,27.688177,28.600104,28.125781
27.362865,24.128855,24.323907,24.829896,24.984063,25.700209,24.872239,25.693125,24.780885,25.498334,25.360521,25.502031,25.331198,25.586406,24.832553,24.696718,25.013489,25.050781,24.354896,24.539531,25.221718,25.32599,24.69026,24.153385,24.713594,23.983334,24.248594,24.292447,24.566979,24.305677
22.95224,19.636979,19.478177,19.599479,20.094011,19.395729,19.506041,19.599063,19.811875,19.42776,19.336563,19.403385,19.442864,19.421718,19.423281,19.565781,19.381459,19.460677,19.559843,19.427864,20.210886,19.495104,19.480052,19.446198,19.43052,19.911146,19.879948,19.447448,19.566146,19.735417
19.215364,16.840521,16.482552,16.399687,16.33052,16.217916,16.477917,16.21026,16.232031,16.372656,16.284948,16.370729,16.393542,16.21625,16.508334,17.304791,16.426198,16.304375,16.369843,16.484011,16.255729,16.88302,17.011354,16.812448,16.870782,16.9375,16.859636,16.732396,16.874636,17.118125
41.996146,27.599427,25.653854,25.146615,26.728177,26.664635,26.141355,27.281667,26.982604,26.937292,27.041198,39.778125,26.104271,25.08125,25.153855,25.317136,25.62526,25.810938,25.583802,25.800052,25.477708,25.171667,24.966614,25.19276,25.013333,24.991979,25.497395,27.254062,25.965625,25.66099
25.109375,23.868021,24.601719,25.225157,24.606614,25.089167,24.724531,24.437813,24.214844,25.464323,24.948333,24.550729,24.409427,24.952552,24.955573,25.158906,24.722552,25.299323,24.356406,24.886771,24.519166,24.9175,24.240886,24.202604,24.47349,24.527865,24.564479,24.444323,24.481563,24.218385
20.842396,17.595313,17.354323,17.351042,17.331355,17.360886,17.480573,17.624167,17.695677,17.720365,17.907708,17.890313,17.910364,17.969948,17.601875,17.925781,17.729427,17.639479,17.511979,17.44901,17.749166,17.615104,17.57474,17.710885,17.896302,17.691146,18.043125,18.081146,18.028125,17.611042
21.351406,18.0975,17.930781,17.737761,18.010886,18.273385,17.949791,18.409114,18.339687,18.569219,17.930261,18.046563,18.101041,18.07625,18.082657,18.351562,18.212656,17.928542,18.83448,18.483021,18.080104,18.054427,18.135885,17.985052,18.756458,18.436667,18.402865,18.311302,17.996875,18.08474
32.893385,28.377917,28.645,28.689531,28.961667,28.774218,28.919479,28.258958,28.372083,28.49625,28.212395,28.462135,28.258281,27.897396,28.148229,29.128906,28.545521,28.279635,28.765469,28.01724,28.490677,27.962656,28.047969,29.347864,29.03448,29.354584,28.451823,28.39901,28.597604,29.285365
50.10724,25.524479,25.950885,25.719323,25.927552,25.842708,26.595834,25.502604,26.517916,26.539531,26.36323,25.819219,26.021302,26.144167,26.105625,25.833177,25.959218,25.455104,25.725364,25.43349,26.307083,25.551355,26.332917,25.935782,26.158594,25.900416,25.571041,25.599688,26.421614,26.092448
27.266927,24.459011,24.724323,24.086302,25.000625,24.736302,25.13349,24.1175,24.703073,25.004688,24.566354,24.832084,24.685208,24.241823,24.460729,24.418646,24.997396,24.302187,25.463542,24.287656,25.080469,24.205937,25.67099,24.805052,24.850157,24.92125,24.635365,24.670781,24.593229,24.449375
30.32099,25.45224,25.577813,26.008958,25.722084,25.680417,26.084584,26.251407,26.289583,25.697188,26.682552,25.44224,25.665312,25.609115,26.178021,25.943333,26.062292,26.046927,26.050208,25.978333,26.087396,26.398385,26.099479,26.051562,26.593802,26.241875,25.666406,26.277344,25.758229,26.520104
28.90526,22.557448,23.078958,22.592032,22.976511,23.279115,23.352657,23.079271,23.358021,22.908073,23.331094,23.049167,22.535416,23.94974,22.855677,23.183906,23.241458,22.991354,23.002135,22.970729,23.521094,22.826511,22.861198,23.622605,22.938334,23.020729,23.310365,22.589323,23.833646,22.578021
34.88125,27.656875,28.071042,27.631302,27.963386,28.280209,27.616718,28.272396,28.254792,28.009687,28.618906,28.031822,28.422187,27.406511,28.030834,27.736094,27.711146,27.963333,28.418281,28.362031,28.105469,28.057605,27.576459,27.773854,27.970677,29.151302,27.769635,27.84099,28.42625,27.508125
48.195833,30.771823,30.544219,30.30677,30.627135,31.33974,31.473177,30.789115,30.796458,30.910677,31.156511,31.09276,31.348177,30.937708,30.808385,30.860157,30.386354,30.906979,30.611979,31.112447,31.547917,31.468594,30.925261,31.353646,30.82375,30.427708,30.783854,31.335886,30.985938,30.801719
26.491562,23.251042,23.266146,22.68677,23.379635,23.444115,23.30349,23.971198,23.297969,23.222552,23.583281,23.509323,23.604948,22.805781,23.939948,22.880156,23.487448,23.765313,23.65875,23.211771,22.720521,23.208802,23.303438,23.129271,24.038437,23.151875,24.494636,22.980677,23.271927,23.975729
27.885625,25.417812,26.229166,26.186354,25.97099,26.149583,26.106354,25.570781,25.911979,25.677865,26.011511,25.651771,25.492709,25.853802,25.59177,25.418438,26.206511,25.886667,27.171667,26.52625,26.103021,26.303281,26.73,26.224219,26.176563,26.949531,25.822552,26.290364,26.334583,26.372344
29.287761,24.496094,24.320677,25.004115,24.384115,24.8575,25.063438,25.342187,25.07474,24.925833,24.726719,25.383958,24.793907,25.14401,25.200417,25.152917,25.213958,24.460104,25.149531,25.461354,24.220104,24.838282,24.564479,25.004584,24.900521,24.908021,24.786093,24.840416,25.31375,25.529896
25.465729,21.50401,21.510782,21.353177,21.888437,21.426458,21.678802,22.178698,21.257292,21.509583,22.032604,21.508333,21.408073,21.989688,21.858385,21.49599,21.571875,22.108229,21.624219,21.764688,21.631302,21.356771,21.858021,22.104375,21.49151,21.444635,22.251563,21.562708,21.549792,21.817552
56.255729,29.931771,30.715208,29.669427,30.047292,30.047344,29.941302,30.05901,29.95875,29.794219,29.640938,30.836875,30.075156,30.902969,30.438594,31.020677,30.640677,30.229323,29.905782,30.666407,30.454948,30.417604,30.424896,30.167031,30.662969,30.247448,30.757396,30.428229,30.505729,30.616563
27.439063,26.256093,26.419115,26.200885,25.971407,26.764636,26.352865,26.328646,26.880938,26.580521,26.409063,26.480312,26.378386,27.263958,27.366355,26.288229,26.917344,27.098281,26.492916,27.158698,26.908854,26.95375,26.933542,27.014011,29.62151,26.510729,26.733542,27.206667,26.888229,26.45875
29.86052,23.985364,23.878959,23.96901,24.056615,23.977396,23.582656,24.081198,23.868281,23.714427,24.337239,23.775312,24.011615,23.724688,24.144479,24.173125,23.717917,24.023072,23.984688,24.841875,24.004792,25.248021,23.695833,23.968594,23.843594,23.838698,24.044115,23.914583,24.025052,23.628073
22.725677,19.341197,19.132708,19.317916,19.47625,19.628958,19.229844,19.170312,19.602292,19.852657,19.230468,19.334323,19.243802,19.444323,19.094167,19.523698,19.592032,19.259011,19.715572,19.008072,19.065052,19.644479,19.147708,19.164895,19.181666,19.916198,19.922239,19.522031,19.136667,19.590938
29.378333,25.439427,25.712136,25.200313,26.729427,26.310156,27.033542,26.809063,28.601823,26.219427,25.818593,25.602344,26.723854,25.24526,26.032917,25.525937,25.53125,25.423229,26.323489,26.398854,25.728594,26.258854,25.418906,25.901719,25.461562,25.954532,25.764948,25.716458,25.958646,25.865677
45.938906,26.637969,26.61849,26.834427,26.72651,26.777135,27.158542,27.31599,26.545677,26.647084,27.102031,27.144895,26.856094,26.935573,27.070157,26.805677,27.203542,26.992865,26.426511,27.591511,26.755677,27.695,27.23651,27.078594,26.635416,26.1525,27.262761,26.931407,26.689323,27.09125
36.356406,25.098333,25.215521,25.94224,25.240417,26.105573,25.772239,26.198542,25.99474,25.7075,25.960625,25.431614,25.620052,26.199166,25.416042,25.928229,26.214688,25.205,25.766771,25.976823,25.912656,25.626354,25.449375,26.084531,25.374479,29.667708,25.296093,25.250833,25.20875,25.621719
20.350364,17.177343,16.986354,17.117552,17.009427,16.885209,17.088802,17.055885,17.041459,17.469739,17.362552,17.570469,17.590156,17.430053,17.714375,17.656458,17.60099,17.471979,17.396146,17.250156,17.234427,17.08625,17.189791,17.196615,17.180677,17.151823,17.422552,17.267448,17.264375,17.838073
30.899218,28.243333,28.574948,28.470989,28.219427,28.554271,29.214844,29.465417,28.509114,29.012083,28.735938,28.394636,28.32177,28.633177,28.695885,28.225729,28.874115,28.908437,28.408646,28.984844,28.428125,28.007344,28.448698,28.560156,28.977083,28.837917,28.483385,28.699167,28.660052,28.65375
24.193281,20.106927,20.087708,20.10026,20.29526,20.047135,20.196614,20.550104,20.896823,20.847396,20.52,20.396563,20.394323,20.385625,20.16823,20.113959,20.571927,20.676354,20.102188,20.121718,20.351458,20.861302,20.101458,20.30875,20.500938,20.485052,20.352292,19.873646,20.093385,20.492292
40.2225,18.937865,18.995468,19.023959,19.454739,19.017083,19.341146,19.518073,19.040209,18.943854,19.249219,19.328438,19.73724,18.827917,18.98,18.997865,19.226562,19.180157,19.324792,18.982708,19.32849,18.97073,19.068541,19.044739,19.501458,19.463698,19.018178,18.832031,18.945521,19.354427
28.301406,24.795521,25.044427,25.905469,24.834114,25.315364,25.17375,25.829115,24.913906,25.613646,25.610469,25.833073,25.236302,25.588386,24.70401,25.074427,25.488125,25.214375,25.184166,25.654583,25.590729,25.73349,25.069479,25.285261,24.9575,25.23875,25.16099,25.013646,25.04599,25.337344
112.755834,105.064583,105.474583,105.659583,106.036406,106.055573,105.666511,105.255573,106.020938,105.765208,105.706823,106.461615,105.567291,105.28224,105.880052,106.100625,105.35651,106.784896,105.937031,107.196354,105.153959,103.375208,105.847865,106.255469,106.025364,106.123646,104.915417,105.983854,105.655833,106.23
132.506615,117.795677,118.183958,118.230678,118.388073,117.949062,118.731771,117.735261,118.36526,118.027031,119.213333,117.419584,117.799375,118.048177,117.626667,116.415573,116.346459,117.202344,116.431355,118.372291,117.871927,119.179479,118.473542,118.265156,118.010365,118.012396,118.1725,118.246823,118.175521,117.767447
94.666094,87.052344,88.047812,87.709114,87.54974,87.759114,87.739063,87.945677,87.833958,87.770833,87.443229,88.095156,88.303698,87.035052,87.591718,87.108177,88.023177,87.568177,87.364739,87.625365,87.561146,87.899114,87.922447,87.741771,88.640781,87.221302,87.88125,85.777864,85.989635,85.888594
135.336094,116.114635,116.743281,115.453541,116.808489,116.727292,116.084427,117.5275,116.595104,115.133698,115.94901,117.000104,115.694948,115.938802,114.656146,114.516771,115.829375,115.525886,116.322344,115.548385,115.054688,115.816303,115.338333,115.829063,116.606041,115.868542,114.725156,121.385781,113.783854,114.316458
72.129062,67.810209,67.812343,68.592291,68.637969,68.445938,68.674375,69.629375,68.476458,68.09875,67.894323,68.388073,68.61349,68.560052,68.641302,69.53401,68.889844,68.593125,69.075417,68.93526,67.656927,68.854479,68.726146,69.06849,68.949948,68.611041,68.958177,68.327657,68.260416,69.638437
113.372188,107.88125,107.604114,107.028125,107.781146,107.125469,107.230781,107.786979,107.526927,107.678333,108.218906,106.617396,107.805261,107.729219,106.543073,108.009531,107.293072,106.280365,107.268438,105.65474,105.501146,106.006927,107.120312,107.575729,106.83875,105.732656,105.217656,105.583802,107.293541,105.869531
107.01823,100.206979,100.940313,99.521979,99.633073,100.574322,100.379427,100.839583,100.957188,100.398697,100.419636,100.03724,100.4225,100.873698,99.155989,100.116303,100.216354,100.398021,100.335052,99.765573,101.068438,99.455104,99.965677,100.735834,99.403125,99.390886,100.737969,100.019167,100.062396,100.192813
91.518906,85.14099,86.453593,85.706041,86.063698,85.5625,85.887083,85.893802,86.156042,85.691771,85.947448,86.099636,85.543125,86.142292,86.142135,86.037761,85.617344,84.179532,84.070677,84.258906,86.59625,86.03349,84.851198,85.406511,85.300677,85.036562,86.016875,85.295313,86.01974,85.28026
133.224792,118.142343,118.06474,117.115989,117.416458,116.218541,116.886823,117.086459,116.85302,116.852344,116.728646,117.11974,116.865573,116.846094,116.919427,116.16875,115.927344,116.654843,116.748437,117.052865,117.183125,116.304583,116.94474,116.853749,117.148333,117.182865,116.71125,116.836875,116.535833,116.733333
107.764584,104.396615,105.87125,104.459635,105.745313,103.524427,102.848802,103.739375,105.98073,103.655885,103.407969,103.617708,104.506094,105.442916,106.223698,104.878021,107.961041,103.302552,104.062188,104.594844,106.055573,104.526979,105.177135,105.622292,105.539219,105.405521,105.046302,105.71901,104.71125,105.616302
122.919063,116.063698,116.521093,115.725104,114.434635,114.265052,116.737604,117.039532,116.830521,117.534531,116.293333,116.973542,115.841563,114.399532,114.216667,116.085886,114.660052,116.074635,117.069271,116.484531,115.782656,116.745781,115.330729,114.710469,114.713646,115.789114,117.842395,117.222968,116.056875,116.486093
99.868385,94.69875,94.824948,94.999948,94.559479,94.747344,95.117084,94.378645,94.504531,95.091979,94.190104,94.986667,94.916042,95.182604,94.604323,94.419427,95.062083,94.794218,94.837656,94.100052,95.210364,94.565729,94.960781,95.081614,94.50552,94.356562,94.743906,94.229791,95.315833,94.727343
68.345573,57.869428,57.999896,57.883697,57.953229,57.750885,58.407917,59.043541,58.926302,58.434323,58.677916,58.974896,58.735,58.460052,58.529167,58.605573,58.843854,58.597968,58.949115,58.60974,58.763073,58.693854,57.745417,57.856354,57.866146,57.849687,58.121406,57.928593,58.802917,58.451771
112.087813,94.220729,93.954479,93.941979,93.830677,93.835729,93.884062,93.466145,94.760989,93.822448,93.904687,94.051979,93.229896,94.306562,93.726094,93.594375,94.226875,94.378437,93.657188,94.089271,94.361927,94.2225,94.106302,93.947136,94.172917,93.558438,93.013854,92.856615,92.781302,93.659427
109.991511,105.230156,105.190209,104.399062,104.051146,104.465208,106.461719,107.050938,104.536354,105.444479,105.662656,105.280416,106.089791,106.299791,105.157761,106.309427,105.769062,105.171198,106.162865,106.475573,104.62875,106.083073,105.774531,106.092865,106.248698,106.525625,106.223698,105.757239,105.283281,104.402812
91.361667,82.373177,80.948229,81.711458,82.098489,81.959584,81.619115,82.477032,81.197031,80.770208,81.366146,80.985365,81.539271,81.433125,81.58849,81.494011,81.485052,81.139323,81.250625,81.341407,81.801406,81.635416,80.981979,81.714583,81.748333,81.410052,81.560833,81.502865,81.333698,81.39875
99.152864,81.873802,82.548073,82.292761,81.269947,81.90375,82.083593,81.9425,82.435156,82.006562,82.408177,81.674844,82.325938,81.935416,81.997865,82.430885,82.126458,82.135521,81.140885,81.605729,82.242656,82.022969,82.0375,81.581667,82.246614,82.135208,82.336875,81.982709,81.571823,82.150938
91.16974,84.961093,85.961718,86.271355,85.219114,86.299843,86.207813,85.09974,86.024427,84.755104,84.809374,84.325104,86.107396,85.523333,86.403594,84.612917,84.324479,84.337187,85.498333,85.052291,86.940417,86.161615,85.290312,85.976563,86.149896,85.099583,86.000781,85.105104,86.04,85.735521
148.742656,114.149739,115.428125,114.70448,115.175781,115.059167,114.951875,113.761511,113.173906,113.268229,114.298438,114.544479,114.276302,115.328282,115.107135,114.616823,115.141355,114.436094,115.2625,114.94849,115.497031,115.682031,114.198334,115.517187,114.162604,115.56927,114.309636,115.073177,115.265104,114.960677
97.314948,91.016823,92.655469,92.887552,92.280208,92.238906,92.509584,91.581146,91.785885,91.199063,92.455313,92.042187,92.41276,92.532396,92.637969,92.010781,91.855521,92.139636,92.19552,92.478177,92.894063,91.855833,92.098125,91.740729,92.449479,92.506771,91.906459,91.926094,91.754427,92.257135
83.720156,79.331354,79.802916,80.103594,79.776459,80.354948,79.8,79.912395,79.936614,80.055468,80.175312,79.835261,80.081979,79.896614,79.425261,79.92375,80.150782,80.044114,79.735052,80.207396,79.712083,79.367135,80.229896,79.690156,80.206614,79.975573,79.748542,79.908125,80.166615,80.309791
122.460312,113.892709,112.205208,113.482656,113.216354,112.853437,113.285573,113.348906,113.980885,114.129011,112.104739,112.184323,113.22474,113.318645,112.540677,112.99,114.106927,113.244844,110.688646,110.614219,111.484167,111.295156,111.546614,111.130677,110.972553,112.343698,113.687657,111.060521,112.663646,112.081198
131.636302,125.364635,126.948438,126.829375,127.181042,126.280573,126.073021,124.272761,125.076354,126.713646,125.3875,127.067187,127.335677,126.493177,127.490989,126.971563,126.893021,127.117656,126.235416,127.122239,125.841458,126.063229,127.108177,126.353073,127.121198,126.071822,126.956875,126.83776,125.560782,125.740365
83.740104,65.031979,64.883281,64.867032,64.910156,64.628906,65.458229,65.091927,65.9125,65.072656,65.952917,66.129167,65.889844,65.585469,66.053281,65.435208,65.938698,65.614739,65.456979,65.699583,65.826042,65.375521,65.654688,65.700729,65.219792,65.16724,65.780521,65.053646,65.861511,65.714062
72.23651,65.748854,65.659218,66.020156,65.632916,65.545469,65.675417,65.588073,65.783177,65.185573,66.848281,64.694062,64.810364,64.765729,65.163541,65.371094,65.637136,66.169687,66.110052,65.325937,65.658438,65.766094,65.666406,65.80526,65.473333,66.069219,65.66,66.058489,65.770677,65.756407
117.996979,104.677968,105.02927,105.281198,106.896562,106.861354,105.927187,103.961406,104.866302,105.635469,104.812135,103.211823,102.785937,104.652969,103.867604,103.537239,104.925469,105.31401,104.725104,104.300209,103.347499,105.95125,104.979115,104.978854,102.871198,105.160104,104.225156,105.21724,104.795729,104.989584
121.609167,107.946771,108.48776,108.186562,108.741979,108.857136,108.399688,109.222396,108.743229,109.018541,108.906302,107.815312,108.774479,108.166771,107.903542,109.169115,108.330885,107.300834,106.701823,106.765208,107.245938,108.661146,106.908854,108.443334,109.227135,108.44401,108.532396,108.216614,108.152343,108.803958
116.082031,110.348802,110.284427,109.739844,108.92901,109.204062,108.69625,108.797916,108.409479,109.562969,108.677448,109.84125,110.011771,109.017552,109.079427,108.919219,110.958802,109.465313,109.130885,108.542812,109.813021,109.073489,109.998437,109.806979,108.939531,109.106615,108.520989,109.92099,108.648281,110.158542
71.760625,57.568646,58.882084,58.926354,57.717761,57.995677,58.066302,57.728959,58.248854,57.470938,57.965781,57.957917,58.123958,57.601094,58.421667,58.066511,63.508593,57.900521,57.769427,57.831927,57.80349,58.272865,57.835573,57.899583,57.823646,57.810625,58.081458,57.562084,58.302916,57.759531
126.905,116.171458,116.8975,116.764114,117.022708,118.159062,116.945208,116.553906,117.187187,116.790469,117.409167,116.867552,116.853334,117.494115,118.0125,116.722396,117.360156,118.14776,117.587552,116.507396,116.212084,117.695781,117.02677,116.314166,117.028802,117.575625,116.641667,116.892188,116.601875,116.921615
97.503385,91.841718,93.168541,92.131146,93.461823,92.971823,92.497188,93.047135,92.013541,93.032084,92.476094,92.985209,92.062708,93.242604,92.599115,92.116667,94.005261,92.925417,92.341979,93.205157,92.784583,92.145521,91.089479,91.59125,91.304219,91.701875,92.305781,92.529427,91.818802,92.483802
100.324114,92.233438,92.291302,93.608021,92.156979,93.238958,92.345729,92.756197,93.286354,92.132135,90.792448,91.090677,92.606354,92.625729,93.440469,92.882708,93.001823,92.54875,93.065104,92.946927,91.726875,93.641406,93.346823,92.167604,93.127188,92.063333,92.468802,93.363073,93.118906,92.388073
94.084427,90.045209,89.533697,89.547396,90.038542,89.132968,89.853854,89.402187,89.846302,90.111459,89.820417,88.981979,89.109687,89.611354,90.423959,89.288334,89.225052,90.050417,88.195,89.333646,90.009323,88.30974,90.715208,90.385781,88.692396,90.728594,89.162761,88.587708,90.024427,89.754166
109.129375,92.356094,92.025365,91.292604,92.221041,91.885364,91.448855,92.608334,91.49448,92.311979,91.668229,92.226771,91.668646,92.406406,91.721979,92.569947,91.730104,92.024792,91.6875,91.576927,91.699844,92.06125,91.750573,91.956458,92.322605,91.918125,92.814219,92.535469,93.234896,94.943437
113.880989,104.597448,103.678906,104.056927,103.479114,102.285521,104.26849,104.195313,103.277552,104.422552,105.627448,104.344218,103.671459,104.466823,104.012604,103.360885,104.412604,103.388854,105.218021,103.592396,104.218281,105.008125,104.369895,103.509479,103.385833,105.283802,104.408854,104.515364,103.667917,102.316979
113.584323,108.731979,110.113386,109.514896,110.506718,110.310937,109.785625,109.313542,109.066302,109.783385,110.222708,110.319063,110.494583,108.759531,110.100156,110.754375,110.490885,109.567031,109.818125,109.024791,109.882031,110.468281,109.177657,109.278229,110.679219,110.26125,109.860573,108.99,111.012865,110.012396
124.507604,103.803593,105.394218,105.772448,105.27151,105.528959,106.342083,105.134532,105.308125,105.555364,105.528177,105.340937,106.369062,104.704323,104.734896,106.020989,105.114427,105.847552,105.474427,104.749115,104.661927,105.649583,105.399375,105.314167,105.848906,104.958542,104.222291,104.309948,104.125833,105.44526
96.415729,92.182292,91.904219,92.406719,92.58151,92.495365,92.622604,91.988958,91.896771,92.680365,92.344323,91.291979,92.720105,92.859896,92.174844,92.293802,92.373333,93.14026,93.936563,93.17,92.341562,92.607864,92.420833,93.184427,92.635677,92.606355,92.704062,92.673021,92.127813,92.823229
135.817292,111.505156,111.471093,113.816927,113.146094,112.485313,113.680729,113.032916,113.595989,112.472031,121.583385,113.956302,113.324635,113.729739,112.956719,113.432916,112.532136,113.025885,111.863854,112.166302,114.111198,113.385677,113.300365,111.416614,111.123021,111.621146,113.769427,112.629271,112.506666,113.273073
95.701145,91.440416,90.664532,91.396875,90.875886,91.554895,91.175469,91.078073,91.513073,90.909843,91.425834,91.468854,91.481354,91.080937,92.640052,91.300417,91.02974,91.86875,91.447969,90.873646,91.331979,90.89026,90.689583,91.399479,91.162448,90.983073,91.561875,91.280521,90.636979,91.504271
124.167031,119.146979,119.593177,119.368073,119.510052,119.599063,118.490052,118.553021,118.875521,119.090833,118.603854,119.3975,120.03026,119.210156,118.71901,119.493072,118.606146,117.553229,118.515468,118.671927,118.354687,119.004583,119.248437,118.770677,119.378438,119.758542,119.193646,119.258542,118.547343,118.925208
119.793125,113.42,114.062292,113.855209,113.126146,113.519948,113.224323,113.017812,113.313229,113.043124,113.520572,113.972813,113.553333,112.055781,113.811146,114.10724,113.344687,114.091198,113.582344,114.224896,112.406459,112.606667,114.342969,114.160469,113.891875,112.96651,113.375052,113.740677,113.479271,113.95901
121.656614,114.655625,116.060209,115.467552,115.657396,116.109323,115.210782,115.559219,115.334167,115.533386,115.946302,115.792813,114.508073,113.545521,113.703802,115.966094,114.493229,115.840677,114.981354,115.7875,115.062395,115.987136,115.914948,114.797292,116.066458,115.630417,116.279896,115.465989,117.177292,115.964531
99.297604,74.490781,74.729531,75.202865,74.080677,74.823906,74.203906,73.857916,73.72375,73.750573,73.822813,74.442864,74.929948,74.815833,77.269271,77.198177,75.349115,75.108125,75.430573,74.509792,75.647552,74.021875,74.032084,74.171771,74.571562,74.432656,74.897344,74.440989,74.737135,74.4175
107.184948,97.425,97.573594,98.219167,97.958542,97.805886,97.613802,97.941198,97.670781,97.883594,97.363541,97.177187,96.128177,96.025521,97.120417,97.747916,97.784687,97.307708,98.197552,97.390052,97.275573,96.377239,97.687969,96.787031,97.420573,97.956927,97.891458,96.826667,98.005886,96.419843
133.805729,128.185469,127.731614,127.380313,128.863959,127.557865,127.564062,128.668697,129.247187,127.776145,128.123854,129.168854,127.409479,128.206094,127.987604,128.096146,128.266875,128.017656,127.504532,128.158906,128.429114,128.310104,127.771875,129.334219,127.80099,127.424896,128.434531,128.10427,128.500469,129.415052
122.460468,115.202136,113.436875,114.694583,115.38927,115.449375,114.724792,114.449271,113.610885,112.29698,112.616874,112.817864,114.525,114.396666,114.623281,114.350469,114.074947,114.311302,114.448802,114.843177,114.834531,114.23375,114.246146,113.64224,115.005104,114.492969,114.463125,114.563802,115.088542,114.972083
105.851198,100.453646,100.25099,100.357605,100.271614,100.285677,99.442396,99.707187,99.632656,99.345937,100.13151,100.292969,100.411458,100.367344,99.654948,100.421615,100.160885,100.192656,100.024843,99.963854,99.384532,99.864583,99.954011,99.746145,100.46875,100.284739,100.196979,100.273073,100.211302,100.008385
90.475105,82.05151,82.701041,81.528438,81.611563,82.804479,82.920833,82.828593,82.577709,82.728646,82.472031,82.433907,82.270469,81.838646,82.162396,82.385937,82.741875,82.669219,82.793594,82.721928,82.67224,83.477604,83.055417,82.261302,82.578854,82.892083,82.517552,81.98349,81.996823,82.692135
116.820469,114.658125,114.325,115.136614,114.833177,115.416666,114.119427,115.305833,116.89552,115.604532,116.554166,116.149427,115.677604,115.886614,114.3125,116.190417,115.619062,116.463177,116.543281,116.170573,116.596614,116.814114,116.763282,116.713958,115.914271,115.092813,116.422031,116.546354,115.597656,116.442083
99.899896,87.948802,88.748802,87.572083,87.741406,88.882708,87.001614,87.17651,86.490104,86.291875,86.435781,88.160677,87.579166,87.293021,88.597969,88.457448,88.364479,88.478958,88.366354,88.249844,88.130208,87.374687,86.352656,86.651979,87.045313,88.063802,88.047916,87.888854,88.247864,88.094479
133.510208,126.217657,126.73651,128.574323,125.732604,127.446459,127.760625,127.736771,126.96849,126.772761,127.113854,127.130833,126.494115,125.83776,126.673594,128.079635,127.54349,127.651458,126.785365,126.546667,126.253333,127.080834,127.801094,128.174115,126.467656,127.282604,127.443906,127.384844,126.20599,126.386302
90.100313,85.982604,86.437292,85.489166,85.806562,85.754167,85.856511,86.4325,86.459844,85.558229,85.754635,86.236979,85.615625,86.724896,87.198907,85.917188,86.125416,85.762656,86.059375,86.985052,86.133802,85.594375,85.710104,86.143646,85.701511,85.461146,86.490104,86.168594,85.773125,86.16099
139.921042,129.160625,127.834792,129.626354,127.30224,128.4225,128.445156,126.907187,127.779791,126.337657,128.189635,128.576771,127.391406,127.242552,126.393489,127.490937,127.138489,127.026406,127.620157,127.109896,127.611875,127.459062,128.164583,127.482917,127.767916,127.322761,127.266927,128.517916,125.769896,125.63125
69.751406,65.64125,66.092709,66.006719,65.538021,65.685833,65.834218,65.478646,65.399948,65.500365,65.995885,66.327292,65.678646,65.98651,65.27052,65.926146,65.688854,65.779948,65.684948,65.922917,65.600781,65.579583,65.9875,65.90526,65.631875,65.53375,66.601458,65.26177,65.741563,65.719011
92.100573,86.749115,88.170677,87.980104,87.844114,87.110573,87.759062,87.818854,88.047448,88.094844,87.932291,88.219218,87.590521,88.102239,87.657761,87.640156,87.518541,87.517084,87.869428,88.139583,87.245885,87.792292,87.62927,87.885937,87.834636,87.747187,87.795573,87.757916,88.083073,87.55901
89.009584,83.965312,84.393125,84.766823,84.10875,83.912448,84.206407,84.555625,83.797448,84.182916,83.71526,84.058646,83.705208,84.245937,84.194584,83.789896,84.352552,84.08724,85.085469,84.526927,84.145104,84.251875,83.631823,84.223438,83.964844,83.809479,84.143698,83.075729,84.359115,83.618854
91.536979,88.345261,88.094531,88.490417,88.114531,88.400573,88.723907,88.319479,88.588594,88.272188,88.696042,88.187552,88.375782,88.352031,88.760208,88.375313,88.5775,88.91776,88.385052,88.181823,87.517188,87.51625,87.843854,88.625417,88.888333,87.714687,87.841354,89.209219,88.259947,88.373802
126.280833,82.610053,82.833229,82.74125,82.998177,83.31401,83.996406,82.646198,83.239166,82.688802,82.555,82.736094,82.589479,82.937344,82.883854,83.024115,83.047187,82.452292,82.69474,82.775782,82.662084,82.479532,82.878385,82.555052,81.845937,81.840937,81.889219,82.840156,82.596406,83.289739
117.718698,111.205417,112.152448,111.898854,111.033906,112.251823,112.074844,110.745313,110.961666,112.170938,111.154115,112.140261,112.463489,111.558229,111.402187,111.073177,111.689167,111.845364,111.543073,110.131875,109.936145,117.086406,118.836562,110.169427,111.580521,111.732447,111.952552,111.730573,111.121041,111.988594
96.381822,92.446406,92.653854,93.641771,93.258385,93.617135,93.020209,93.699948,93.140833,93.45125,93.431615,93.773073,93.477448,92.804479,93.540729,93.372916,93.450208,93.56276,92.839844,93.460521,93.320833,93.214739,93.239062,94.402552,93.157917,93.234323,93.097813,93.20875,92.930573,92.653854
63.878593,59.070208,59.226562,59.331041,58.995104,59.798645,59.523177,59.964531,59.528542,59.565781,59.730521,59.216666,59.696979,58.898907,59.155105,59.187239,59.369063,59.024219,59.104792,59.62974,59.93698,59.108646,59.791615,59.513646,58.656875,58.641354,59.421354,59.316041,59.479063,59.440364
131.75224,125.429948,124.606614,124.877865,124.119791,125.604532,125.140625,125.334427,124.149792,124.987135,124.932396,124.953854,124.759479,124.597604,125.918594,125.167291,125.479271,123.678698,124.230729,122.805729,124.166823,125.517761,125.264635,125.138802,124.36,123.677344,124.225572,126.176823,122.729583,122.825365
85.355521,74.092552,74.476302,74.951406,74.459844,75.146146,74.555573,74.8675,74.547187,75.471719,74.475937,74.415625,75.504479,75.396458,75.09125,75.019948,74.938906,75.010573,75.065938,74.521511,74.901354,74.759948,75.439427,74.72625,75.236198,74.316823,74.887239,75.227656,74.644271,75.021041
86.65323,83.163541,83.878594,83.903958,83.853854,84.241562,84.177187,83.923438,83.988854,83.890052,83.949479,83.450312,84.002344,83.427135,83.747916,88.422136,82.76323,82.879166,83.049843,83.76125,84.327292,83.900573,84.015208,84.12151,83.565261,84.325833,83.423177,83.709531,83.899948,83.917552
90.165625,84.658697,84.927188,85.691823,85.695312,86.02276,85.869844,85.834427,87.245417,85.940156,86.238593,85.007656,86.692968,85.935208,86.197656,85.56927,85.533906,86.526615,85.464063,88.522344,86.776563,87.400677,85.894114,86.627344,86.956979,85.651614,85.797031,85.498229,85.677604,86.252344
99.541615,94.9875,96.145469,95.074427,95.090364,95.754427,95.359896,95.225416,95.578802,95.237136,95.148229,95.465521,94.793489,94.31401,94.249166,95.736615,95.299688,95.776145,95.365208,95.922031,95.202136,95.002187,95.744167,94.963177,95.601719,95.858698,95.355469,95.316979,95.713646,95.397135
22.373437,18.453229,18.208386,18.333594,18.234427,18.385156,18.587084,18.562084,18.747604,18.555781,18.364532,18.257604,18.172969,18.469948,18.646719,18.662396,18.660886,18.729114,18.313802,18.198073,18.242604,18.70599,18.532448,18.440208,18.588178,18.642761,18.264688,18.165885,18.362031,18.443385
51.831771,38.365625,38.399583,39.33151,38.02302,39.028333,38.429062,38.139583,38.07276,38.3425,38.067032,38.024583,39.477864,38.16875,38.081823,38.596875,38.011771,38.102656,38.321198,38.447448,38.065157,37.530729,38.234218,38.06349,38.230417,37.800625,37.740157,37.426354,37.801041,37.836458
63.224635,60.720052,60.53901,61.689011,62.020886,61.623229,61.37,60.912708,61.45125,62.03776,73.369323,62.809114,62.107604,61.766459,61.579011,62.034635,61.748072,62.265104,61.609219,61.343073,61.831406,61.76901,61.454114,61.375,61.995677,62.188073,61.505261,61.858698,60.849843,61.799739
94.830834,89.921823,89.839427,90.355417,89.139114,90.602187,89.791771,90.352292,89.84875,89.490885,90.643386,89.966302,89.732552,90.332553,90.120781,91.201511,89.6175,89.179844,90.078594,90.372864,90.246614,90.597396,89.770625,90.821771,89.63802,90.866354,90.82625,89.778802,91.144635,90.435365
93.37276,87.46526,87.503386,87.138333,86.954531,87.212083,87.057656,86.802917,87.572708,87.714218,87.496875,87.225417,86.968282,87.205468,87.321562,87.798594,87.689375,87.523281,86.857083,87.212969,87.31901,87.126614,86.871927,87.485521,87.243125,87.220156,88.183906,87.723125,86.615521,87.824479
93.315364,88.655313,88.963854,89.006719,88.971354,89.327708,88.870312,89.300052,89.815313,89.204062,88.739375,88.805209,87.674844,88.277761,89.344635,88.890625,88.973385,88.858542,89.106666,88.774218,88.723073,89.232344,89.152865,89.220053,89.002656,88.741146,89.154219,89.043958,89.172552,88.991094
130.978854,103.349479,103.74776,102.088229,103.209271,103.134583,103.002344,103.857291,103.637292,103.072864,104.172916,102.812864,103.39151,102.898854,102.984479,102.964583,102.233073,103.301979,102.498333,101.842136,101.566354,102.000156,103.03875,102.924844,102.626406,102.950677,103.284895,102.538438,101.319531,101.820312
89.87125,87.278177,87.587604,87.821146,87.355052,87.578594,92.210886,87.634843,86.7925,87.74375,87.605677,87.309011,87.691198,87.146823,87.248229,87.821719,87.346146,87.870625,87.819062,86.262864,86.305208,86.199114,86.407292,86.145313,87.236615,87.856094,87.347917,87.317031,86.529636,87.094948
152.856666,146.020104,145.381719,147.97151,148.466979,147.953177,148.10349,146.258437,148.764063,147.125885,147.928959,148.070156,147.996302,148.11974,147.57625,147.65625,147.266875,145.871667,147.785156,146.844375,147.585782,147.836615,149.164739,147.667865,147.398698,148.108958,148.128959,146.308698,145.159323,146.603334
38.946666,35.589948,35.812084,35.838385,35.795469,35.937604,36.100729,36.137083,35.934792,36.192761,35.827396,35.906198,35.760417,35.840052,36.167188,35.942917,35.717865,35.855729,35.89724,36.055677,36.026146,36.092395,36.45,36.200833,35.735886,36.128177,35.710886,36.210417,36.084844,35.848802
70.303385,64.032761,64.664219,65.217969,65.316718,63.703698,64.799271,65.135,64.75526,64.663229,64.77802,64.629271,64.89276,64.769011,64.402083,65.2075,65.02875,65.100416,64.522135,64.467083,64.564687,64.691823,64.536875,66.107968,64.642292,64.178854,63.864011,64.573386,65.075364,64.506042
91.403593,79.995833,80.072552,79.656719,80.084479,79.972864,80.078177,79.960208,79.910365,78.592656,78.528333,78.871042,78.695677,79.673281,79.61,79.573906,80.031406,78.915729,79.331146,79.880052,79.908854,80.022708,79.882812,79.760416,79.440208,80.289322,79.775261,79.495885,80.054375,79.933386
129.243802,124.515573,123.436614,125.046927,123.884948,125.392864,124.17151,124.578542,122.773177,123.794844,124.224011,123.131354,123.816146,123.569843,124.748854,124.544948,123.384062,123.951458,126.483177,123.950885,123.633959,123.76625,124.392448,124.067604,124.748229,123.828593,124.414531,124.478125,124.725833,124.503854
124.099896,113.078334,112.244636,112.169635,111.304792,111.954167,112.681875,111.397604,113.624375,113.076771,112.414636,111.576823,111.869948,111.133333,112.324323,112.242604,112.8775,112.062291,111.753282,112.887448,111.62276,111.298489,112.514271,112.615261,111.86849,112.440885,111.910104,112.361406,112.669167,112.576198
64.658854,59.916406,59.919218,59.776875,60.718282,61.272448,61.146875,60.765312,61.257239,61.273072,59.9325,60.795677,60.197812,59.701614,60.114166,59.664583,60.008282,61.018282,60.824323,61.188021,60.745,60.613125,60.92823,60.753281,61.695104,60.904323,60.75099,61.405834,61.905261,60.515052
79.996979,73.699531,73.459375,74.311719,74.463177,74.218854,73.988959,74.352396,74.322188,74.345156,73.989114,74.395885,73.857761,74.728646,73.965625,74.676354,73.969791,73.80401,73.514323,72.998125,72.889844,72.756667,72.612969,73.767291,73.912813,74.078125,73.754584,74.21,73.639532,73.799323
61.970208,38.537917,39.019844,38.780416,38.878646,39.062292,38.584375,38.39125,38.61099,37.909531,38.478229,39.114687,38.627656,38.707448,38.737032,39.399479,38.488385,38.274062,39.13099,38.497708,39.143541,38.775417,38.286354,38.73198,38.785364,38.8,38.626927,39.019844,38.563125,38.718437
26.799219,19.008802,19.015104,19.082812,19.205781,19.013802,18.889844,18.937813,19.043698,19.211771,19.27401,19.276406,19.365521,19.02875,18.889115,18.901823,19.342708,18.740156,19.453906,19.179375,18.883855,18.999427,19.146354,18.879062,18.853802,18.742344,18.740469,18.667344,18.676302,18.764375
216.058542,209.661198,208.279844,209.302343,208.825624,207.15349,207.84849,209.107136,208.886146,208.514375,208.266563,208.29974,208.775781,208.598542,207.846771,209.078229,208.094843,207.475937,209.046146,209.110261,208.866614,209.087916,209.417813,208.303333,208.08599,208.039375,208.056666,209.2925,208.931771,206.993229
361.606614,352.977552,350.988854,350.471094,351.024374,351.323958,351.157656,351.70849,351.345416,347.58927,350.852709,351.255,351.661145,352.612761,351.558073,351.458021,351.210729,351.954583,350.639739,351.752656,352.333386,351.560834,348.338281,351.488385,352.118906,350.411146,351.792708,350.307812,351.72724,350.878334
498.080521,463.259844,461.394323,463.724635,463.18125,462.868229,462.155625,463.31927,458.21375,462.060416,457.149583,461.103697,462.239062,461.873177,462.522291,469.542552,464.539322,463.021563,461.57802,462.662031,462.410313,461.1475,462.955104,463.017083,460.843385,462.571614,463.340677,461.795624,464.091458,461.959739
825.555,805.276354,805.943072,799.30026,799.814531,805.321822,802.168958,802.080209,800.901406,805.456718,805.340573,805.068646,806.838802,800.574687,804.529322,803.865624,805.406094,804.788958,800.358385,806.683489,805.469375,805.031719,807.559687,806.359583,806.866042,806.752031,804.926875,806.343541,805.522448,800.435833
