43.047657,27.301771,32.627916,26.753281,27.020365,27.766302,26.959896,27.266927,26.317031,26.378854,25.993073,26.345677,26.439375,26.342865,26.204688,26.471146,26.245625,26.168697,26.101667,25.946927,25.549687,25.733542,25.548698,25.712136,25.682448,26.060052,25.64026,25.704843,25.644271,25.637813
22.439322,19.127865,19.409844,18.798489,19.074115,18.959114,18.893385,18.728646,18.835989,18.725625,18.830104,19.08,19.039584,19.053958,18.986042,18.857031,18.726719,19.448906,18.939427,18.705208,19.106927,18.874219,19.105885,18.919584,18.946771,18.854218,18.876979,18.98552,18.868385,18.864323
36.77677,31.227291,31.130313,30.699427,30.952916,30.775729,31.089896,30.791094,31.402135,30.900416,30.677239,31.251615,30.699792,31.194219,30.97,30.760834,30.747605,31.090469,31.414583,31.624583,31.846875,31.352553,32.229636,32.209271,32.232396,33.97,32.056719,32.688906,32.567448,32.280104
29.176719,27.806406,27.886719,27.992396,28.606979,28.146875,28.266771,32.557239,26.453073,26.828438,26.579583,27.190469,26.712395,26.547344,26.523282,26.811615,28.10125,26.815104,26.298542,27.592187,26.735105,27.098437,26.311927,26.744844,26.517708,27.242812,27.193958,27.47526,27.421927,27.41125
27.815365,23.000416,21.855416,22.122292,21.886041,21.614687,21.050573,21.714167,21.669375,23.615469,26.640417,23.227656,23.127812,22.226927,22.21073,22.108073,22.699584,22.394114,22.135833,21.733698,21.075,21.384687,21.505833,21.116667,21.101354,21.002188,21.019062,21.007865,21.385573,20.887396
18.199323,17.901615,17.510521,17.833593,17.507968,17.638281,17.567396,17.920417,17.695,17.377969,17.8475,17.570313,17.562968,17.7775,17.640521,17.527812,17.837031,17.579479,18.035885,17.530468,17.667656,17.528229,17.678959,18.073437,17.741771,18.19401,17.859479,17.639896,17.65927,17.5225
30.439166,27.546042,27.566614,27.577709,27.443698,26.883437,27.082552,27.5725,26.937396,27.334896,26.861302,27.145937,26.869375,26.940938,27.218386,27.08099,27.172084,26.982344,28.192552,26.954844,27.284063,26.898698,26.935313,26.966511,27.384063,27.150729,27.0,27.045416,27.383437,27.215729
34.909427,26.661094,26.313698,26.28875,26.556458,26.002396,26.365,26.761042,26.889063,26.456406,26.961719,26.510729,26.449584,26.692553,26.610052,27.715157,26.563646,26.273177,26.964791,26.862031,26.562969,26.859323,26.520521,26.507552,26.983386,27.729948,27.152552,27.560364,28.029635,27.485052
20.171302,19.608802,19.649479,19.351615,19.61,19.296042,19.117135,19.664115,19.699063,19.24625,19.393021,19.601406,19.541562,19.436406,19.617968,19.397084,19.573645,19.432969,19.169844,19.360156,19.324375,19.184479,18.973177,19.040781,19.049063,18.916979,19.303854,18.910156,19.097812,19.357291
20.106562,19.629271,19.326406,19.445104,19.233958,20.505208,19.462657,19.631511,19.262552,19.491875,19.469479,19.322656,19.502968,19.301927,19.314063,19.3675,19.454688,19.234947,19.588229,19.181198,19.517604,20.69151,19.853073,19.299792,19.631198,19.24724,19.478958,19.319271,19.446146,19.259792
31.878646,30.670677,30.401666,30.89401,31.179896,30.858854,30.685625,30.89151,31.111042,31.275989,31.090573,30.988698,31.096406,31.364844,31.464375,31.143282,30.699687,31.109323,31.116615,30.935365,30.996562,30.902656,30.951302,30.917344,30.579792,30.660782,31.286302,31.153593,31.316198,31.259115
32.372604,27.945781,28.473177,27.711094,28.117657,28.595625,29.188542,29.112708,29.390416,28.733385,28.239219,28.336562,28.1675,28.765885,29.124531,28.852292,29.132865,28.371354,29.405677,28.83125,28.476562,29.196146,29.083021,29.218697,28.710208,28.729844,29.429792,29.574896,29.23,29.244375
40.432188,28.942552,29.126042,28.774739,28.563489,28.160261,28.499219,28.31823,27.690469,27.762969,28.317083,27.475,28.326198,27.92526,28.320052,28.151719,27.299427,27.931198,27.817968,27.450312,27.83875,27.091458,27.832864,27.85599,27.651354,28.095052,27.902553,27.496823,27.081927,27.030312
32.201927,29.817448,29.513594,30.307031,30.376562,31.513281,31.095625,30.820052,30.279739,30.166875,30.448073,29.541979,29.909115,30.02151,30.409115,30.816875,31.034219,30.515625,30.87573,30.065417,29.273854,29.45625,29.114844,28.847865,28.944375,29.171406,28.504635,28.812916,28.618385,28.782188
33.23724,25.87375,25.754687,25.309271,25.234323,25.443802,25.605156,25.359896,25.087656,25.27375,25.191249,25.563438,25.22901,25.294948,25.385625,25.459323,25.130885,25.614531,25.466875,25.965104,25.260156,25.609739,25.053281,25.556511,24.988646,25.47151,25.42276,25.339635,25.542187,24.887917
32.540833,30.770937,30.107917,30.715781,30.488749,30.457917,30.029739,30.65125,30.490416,30.511198,32.251406,30.763906,30.304948,30.632032,30.087656,30.851406,30.085469,30.583125,30.764844,30.785781,30.661302,30.510313,30.835833,30.670156,30.373073,30.40375,30.359896,30.598281,30.524115,30.5925
37.573697,34.281563,33.953698,33.789479,33.552448,33.276042,33.768385,34.873281,36.457865,35.731302,33.916927,33.582917,34.08349,33.848542,33.983177,33.952344,33.729166,33.513073,33.71625,33.545156,33.679531,34.02849,33.79599,33.78776,34.003177,33.30349,33.863906,33.699375,33.499948,33.770208
32.956563,25.888177,25.800365,25.669115,25.242708,25.811355,25.569427,25.695157,25.077761,25.585521,25.583021,25.250209,25.633229,25.526927,25.55302,25.277239,24.920729,25.105156,25.193541,25.541302,25.001198,25.429479,24.818178,25.220572,25.457917,25.211719,25.131406,25.169948,25.412396,25.254219
29.315729,28.274323,28.222813,27.974063,28.052864,28.419635,28.215052,28.47651,28.220573,28.127656,28.446563,27.828958,28.483958,27.908906,28.090208,27.854531,28.176979,28.790261,28.92526,29.038542,29.432917,28.736093,28.795937,28.346406,28.357604,28.288854,27.971406,28.080833,28.456563,28.972865
30.754375,27.063125,26.777916,27.130156,26.741615,26.952553,26.555521,26.867344,26.877395,26.711459,26.904167,27.616771,28.05026,27.04125,27.077448,27.633489,28.297656,28.190364,27.705677,27.817448,27.566042,28.531667,27.977916,27.776094,28.249114,27.646823,27.997032,28.171042,27.777969,28.317188
25.836719,24.109375,24.232396,24.276303,24.025781,24.332031,24.638698,24.425364,24.441823,24.8525,24.568542,24.583125,24.214427,24.572032,24.699323,24.610416,24.369584,24.197188,24.448386,24.54474,24.553854,24.309479,24.885677,24.437813,24.448541,24.233593,23.910416,23.718437,23.709427,23.907136
41.731354,40.865,38.27375,38.294635,38.097552,38.173489,37.578959,37.697656,36.947187,36.715625,35.13625,36.050052,36.536511,36.396354,36.401406,35.548073,35.940885,35.783646,34.862187,34.546407,34.30849,34.166875,33.941563,34.310573,34.422657,34.107448,33.926615,34.244115,34.501198,34.348854
35.422395,31.080104,30.771927,30.588073,30.367396,30.440052,30.242292,30.219791,30.647552,30.462917,30.307135,30.19625,30.261146,29.77651,30.0525,29.899063,29.902032,30.084948,30.489271,29.862292,30.180729,29.898125,30.447083,30.112969,29.868854,30.467552,30.232187,30.521927,29.762709,30.083542
27.802239,27.492083,27.149427,27.166354,27.48099,27.478021,27.188854,27.07599,27.585261,27.37448,26.814844,27.476146,27.394531,27.994062,27.913437,27.931042,28.273542,27.540365,28.157917,28.4375,28.165469,27.455625,27.757604,27.244219,27.212657,27.395,27.405,27.450208,26.890312,29.205937
25.226198,21.722708,21.656458,21.330573,21.552812,21.612188,21.69401,21.516615,21.614791,21.742188,21.424427,21.619583,22.303281,21.67401,21.44375,21.564271,21.523021,21.656927,21.604583,21.565364,21.602448,21.584167,21.714583,22.036042,21.545938,21.576302,21.860834,21.532552,21.540156,21.761407
29.266041,28.870989,28.774583,28.563542,28.756458,28.948958,28.685,28.805,28.861979,28.784739,28.664375,28.409687,28.642709,28.872292,28.410781,28.225052,28.387708,28.694011,28.64625,28.955312,28.238906,28.87,28.097552,28.71099,28.620156,29.053073,28.776615,28.784323,28.817656,28.826875
32.59026,29.657917,29.465521,29.727812,29.702448,29.576354,29.474532,29.493906,29.422708,29.781562,29.680312,29.744218,29.652083,29.724323,29.56448,29.538281,30.064271,29.159062,29.887396,29.127552,29.912136,29.897917,29.575417,29.295365,29.953698,29.642448,29.569688,29.953334,30.044063,30.063282
35.820521,29.253385,28.88099,29.019323,28.703021,28.344896,28.634583,28.811823,28.805886,29.716459,29.124218,28.497969,28.699427,29.168958,30.612083,30.408855,29.674167,30.440104,29.845885,30.826875,29.959792,30.573646,30.622344,30.653229,30.879011,30.778125,30.229948,30.809635,30.222396,29.829375
22.855,20.816302,20.547031,20.805208,20.751927,20.782135,20.578229,20.606511,20.673854,20.612447,20.544427,20.539687,20.59599,20.84625,20.609114,20.796614,20.54625,20.752292,20.663802,20.953906,20.678646,20.882812,20.779219,20.920938,20.665156,20.735781,20.599844,20.631875,20.875313,20.68099
36.507032,33.890782,33.912812,33.551302,33.468281,35.003802,35.397135,36.998959,36.883177,34.9775,34.898646,34.903959,34.964688,34.401927,34.545781,34.725781,35.223229,35.587136,35.526562,35.388489,33.618281,33.509739,33.266823,33.727083,32.872136,32.434896,31.686927,31.658229,32.288177,31.098125
23.803437,22.667812,22.619844,22.449896,22.415521,22.808803,22.27375,22.349479,22.785208,22.485208,22.680417,22.622031,22.392761,22.350105,22.620677,22.526719,22.373958,22.503229,22.493594,22.509844,22.335208,22.368073,22.374062,22.508229,22.362813,22.492605,22.39448,22.599688,22.282865,22.369167
22.867448,21.284011,20.935417,21.218698,21.422291,21.080104,21.09875,21.109948,21.181771,21.1775,21.093646,21.366823,21.340156,20.999791,21.213958,21.133542,21.186093,21.306302,21.051563,21.503958,21.170364,21.17802,21.021511,21.214479,21.18875,21.359896,21.712291,21.217709,21.674844,21.65375
36.268802,29.618073,29.812188,28.88276,29.164999,29.211823,28.69776,29.434219,29.79349,29.002448,29.054219,28.877605,29.497136,28.932135,28.931823,29.157083,28.909948,29.306458,29.073646,29.51375,28.828594,29.156354,29.58875,31.005781,30.493073,30.169271,29.446563,29.854218,29.397552,29.727396
129.353437,123.602708,123.216563,122.947188,122.743334,122.218125,122.852448,121.983333,123.43474,123.50151,122.39401,122.11224,122.304896,121.726822,121.665416,122.18151,121.96224,121.513229,121.948854,121.473593,121.905312,124.86776,127.290677,126.532656,125.816354,126.129792,126.532344,126.53198,127.596875,126.895781
147.330469,149.579271,145.767396,144.387969,147.860104,146.93901,142.719844,143.586354,140.910052,140.958542,140.501198,139.421407,140.958698,139.674843,139.587917,139.211354,138.818959,138.765156,138.775312,138.147916,138.953802,139.777083,138.862969,139.557709,139.097135,138.987812,139.325312,139.303125,138.694323,138.308854
102.59776,101.260781,100.195261,100.31599,101.483906,100.790261,101.146458,100.903542,100.547604,100.966718,100.854948,101.899219,101.401719,100.837969,98.895364,99.419584,98.891979,101.144115,101.712239,101.757969,102.171459,91.669948,95.129948,94.893906,96.689375,96.310989,95.461354,95.886875,93.734271,95.070989
142.317917,134.217448,132.341198,135.650573,132.9375,128.5225,127.508385,127.7575,127.535834,127.410469,125.197916,127.264531,126.227292,127.596823,125.979532,130.963854,132.591302,127.435677,126.498958,126.905417,127.782396,127.792709,130.1,128.094062,126.721719,128.306927,126.98,126.580833,127.686042,128.79875
84.728906,74.245989,75.180833,74.427031,75.256407,75.459167,74.630156,74.692188,74.788542,76.233698,75.05099,74.578229,74.609167,74.882344,74.493541,76.793229,76.765521,76.994688,77.172709,76.930678,76.917396,77.467344,76.889948,76.362708,77.163646,77.10875,77.984739,78.682396,79.323333,79.072656
126.149792,124.385208,122.461771,122.645209,129.110052,121.073125,121.534011,133.66625,126.772552,122.22125,126.725209,126.341979,121.864219,120.951771,121.184948,120.925208,121.495364,119.877709,120.775469,121.088125,120.194531,122.213073,120.526823,119.796041,120.293802,120.229167,120.435365,120.325104,120.061198,120.058281
117.466042,111.189583,111.200729,111.245573,110.839063,110.669011,110.665781,111.400312,111.177448,110.758854,110.882969,111.150573,112.456563,111.277031,113.655677,111.496875,111.254791,111.276197,110.795156,111.41823,111.081771,114.769792,114.43151,113.460521,111.475625,111.383177,111.374427,111.748385,114.350313,115.180885
101.679791,98.101041,98.731615,98.202135,98.852135,99.749115,98.35776,100.209583,98.959635,105.43927,105.980209,102.120156,100.08349,101.285312,101.281667,97.976823,97.716979,97.294479,97.825053,96.540833,96.663854,96.284843,96.664532,95.916562,96.707917,96.3925,96.076615,96.538333,96.019167,96.265416
137.974479,130.895417,130.997552,129.76875,129.705104,130.981822,133.981666,130.515625,130.249948,131.931354,131.210937,130.214896,130.351458,130.542604,130.773229,129.989219,129.675781,130.017761,130.261666,131.365989,129.742135,130.213073,130.097865,130.007396,128.759687,130.789792,130.806406,130.76651,131.219583,138.596302
140.350365,121.631875,122.485729,121.973698,121.918489,121.189948,121.161041,119.460052,127.372083,129.854115,129.405729,124.98224,126.373073,123.225,121.069844,119.585,119.495625,118.747448,119.092031,118.920625,120.38724,119.816094,119.237188,119.062969,119.980156,118.508697,119.337656,118.518854,118.294532,119.697552
137.271927,130.453125,129.639792,129.854584,130.318386,130.912656,130.175208,129.741719,129.892604,129.693907,130.632916,133.472812,131.445156,131.739011,130.30427,131.240833,129.857604,130.725156,130.698646,130.248385,130.703698,130.164167,130.633385,130.291146,133.538594,136.577395,134.372917,133.233542,133.183021,133.979636
115.120521,111.31,108.89625,108.637916,114.328802,114.144479,110.804687,114.702865,115.893906,110.550208,109.315208,109.192552,108.854531,108.536458,108.651823,108.530052,108.128229,108.29302,107.755416,107.932032,107.633333,108.737448,109.487188,110.40474,110.625625,110.68401,109.799635,109.503125,109.517917,109.937708
69.71625,69.198854,68.38448,67.911823,67.949948,67.730938,67.976666,67.600364,67.618802,66.950469,67.341667,66.84724,66.587084,67.259479,67.011511,66.890209,67.208125,66.915729,67.316927,67.120416,69.584115,66.814114,66.411563,67.303385,66.547708,66.925052,67.20474,68.932344,69.426823,69.838542
116.29026,109.408021,108.486927,108.308802,108.180416,108.901354,108.473646,108.483438,110.485625,111.484375,111.982968,115.593021,117.165468,117.885677,117.017708,116.536614,116.553438,117.513385,117.66875,118.380365,113.456719,113.29974,115.038021,111.734375,110.321302,109.993489,109.336666,110.036355,110.510312,110.163385
124.175208,117.83,116.456302,116.590468,117.565833,117.284635,117.63224,117.558281,117.496511,117.01474,116.996927,117.41276,117.402813,117.383281,117.408229,117.281927,117.622552,120.125,124.939583,123.411094,122.669375,123.584636,123.223542,123.317292,122.205989,122.268229,122.878594,122.950104,122.2475,119.9275
96.262709,91.205469,91.261407,91.910416,91.55401,91.603333,91.322812,92.031615,91.820313,92.062344,94.241198,94.900313,95.101771,94.138177,94.351875,94.624531,95.893854,97.000521,94.613333,96.740677,98.70375,101.214114,101.824479,101.211407,99.716249,101.179948,102.05651,101.054323,98.426771,98.057136
102.305313,97.712135,98.690261,99.161146,98.775678,98.407032,98.785157,97.738854,97.228489,97.761093,99.149271,98.297135,98.380781,97.180937,97.386823,97.243906,96.847396,96.984531,97.192812,97.741823,97.182396,98.583021,98.226406,96.828854,96.675833,96.771198,96.86349,96.322395,97.733594,96.387292
101.480417,99.444532,100.280833,99.540208,99.552396,100.341458,100.285572,99.335834,99.236094,99.600156,99.755729,100.087032,100.731666,99.786302,99.236875,99.563906,99.419688,99.55177,99.446719,99.748073,102.816771,102.868333,103.867448,104.344063,103.829323,103.835416,105.002813,103.95974,104.059531,103.601823
142.930365,139.54625,140.480052,135.58073,135.025208,133.477136,129.946667,129.926927,128.31323,129.695208,129.152292,128.527708,128.364011,129.570313,129.351354,129.371407,129.346406,128.632604,128.86,128.944895,128.832865,129.555885,129.161458,130.332604,130.373542,128.854948,129.233542,129.375677,129.521093,129.199271
112.669635,104.226875,104.42125,103.517448,104.137239,103.292656,107.177135,107.286667,106.569114,103.649271,104.804323,105.802969,104.45224,104.164062,104.611458,104.263281,104.098021,104.970156,101.788906,102.190157,104.124323,104.598645,105.613229,105.046458,105.819948,106.175677,106.076302,106.026354,106.109532,104.617083
95.757604,93.239531,96.284843,95.617135,94.379427,95.46875,96.104791,93.694896,91.8675,91.256354,90.920677,91.550104,91.059167,90.491927,90.524895,90.501406,90.357604,90.254114,89.640625,90.061562,89.779532,89.912083,90.038959,89.721563,89.119531,89.263906,90.512292,92.327761,91.135573,90.695104
136.577031,129.158854,131.049062,128.772656,128.20125,127.888646,128.376979,127.519479,128.110468,127.881875,127.013594,127.351562,127.777032,130.308906,128.072604,128.343594,127.511927,128.400781,128.725573,128.460157,128.3575,127.354375,126.748594,129.707448,130.523073,133.277917,133.094479,132.347188,133.668281,133.307813
157.06474,145.901979,147.937188,157.562344,152.486563,153.093073,151.970156,146.875364,147.825573,148.688541,145.207292,145.248281,144.652761,144.75651,145.081042,144.218958,147.088073,149.562552,147.936042,143.517656,143.850938,143.304063,144.301563,143.885,142.858646,142.919063,143.012656,143.025313,143.00151,143.143281
79.169063,74.719167,74.950729,74.74776,74.765886,74.5325,74.679636,74.582708,74.939427,75.373073,76.532448,77.199427,78.487552,76.887656,76.494115,76.908594,80.660573,79.849219,78.988958,73.431511,73.628802,73.256927,72.051302,71.855625,71.868333,74.019948,74.296771,73.910261,74.303906,74.848541
78.299948,74.374479,74.493541,74.200833,73.633906,74.423854,74.375365,72.914166,71.643959,72.131719,74.937969,75.079844,75.7,77.400937,75.459895,75.781771,76.118698,75.656771,73.026094,71.996354,71.822031,71.762917,71.294479,71.053385,71.175208,71.243073,71.047865,71.654688,70.515156,70.509843
114.875834,110.96302,110.351666,109.804739,110.345,110.285625,109.887865,110.152812,109.234896,109.530886,109.544583,109.084219,109.539896,112.303646,110.605989,109.586094,109.668125,111.867344,108.896406,108.755573,109.824271,109.345625,109.16526,110.464635,113.352239,114.2075,110.558333,109.91,109.162657,110.081875
118.745885,114.34901,114.191666,114.235416,114.577916,113.651823,114.544375,114.176146,115.946771,116.568177,118.491979,118.861719,119.72651,119.072396,118.694114,118.912031,118.855209,119.294635,123.54125,124.0075,122.512917,128.161093,122.22375,117.483385,116.121823,115.462448,115.843333,115.234896,115.148073,114.280364
118.338854,114.939427,114.215261,114.538698,114.606562,113.197448,113.683594,111.191719,110.709896,110.892291,111.988906,111.694479,111.583646,112.591927,111.142917,112.11599,111.348073,112.577604,111.006042,111.264896,110.906614,111.184011,111.683386,111.551927,111.260521,112.248125,114.016771,113.619635,112.940885,112.986562
63.862448,59.923542,60.091094,59.670313,60.170938,60.034271,60.301458,59.68552,60.036198,59.788073,59.893229,59.910521,59.892969,60.27125,59.700729,59.750364,59.890834,58.758385,60.024583,59.487083,59.069011,59.40349,59.480937,59.33776,59.228906,59.324063,58.853541,60.70401,59.028334,59.527761
127.526094,119.00901,121.884479,122.847031,121.898437,127.473593,123.242187,118.77026,120.11849,119.349636,119.612344,124.078125,118.783646,118.93224,120.129323,120.306458,120.500833,121.984792,121.899584,120.725417,121.498907,121.083281,121.087083,121.048177,120.271927,120.715781,120.02875,122.68224,122.104323,120.879167
100.117812,96.377396,95.637968,96.037188,96.198334,96.694948,96.175833,96.483437,95.577656,96.381042,96.109843,96.103073,97.399688,96.565156,95.769219,96.500521,95.932344,96.249218,96.181458,95.469167,96.182917,95.480886,95.86224,95.888229,96.403802,98.502343,101.793073,100.422292,99.401771,99.417239
105.967084,99.514531,100.340938,99.727031,99.503541,98.352553,98.2525,102.080052,103.131771,101.286354,103.177708,104.906927,100.540989,98.833021,97.713646,97.813489,97.339427,97.508333,97.408802,97.635261,97.449999,96.512656,96.689844,96.675625,96.340313,97.18651,98.096615,98.922709,97.048437,96.241249
95.087605,93.204375,92.469948,93.673125,92.250677,92.157656,92.053802,92.674583,92.394739,92.383386,92.4825,93.47,92.7725,92.670209,92.222187,92.672187,92.199375,92.449635,92.430365,92.74349,93.177812,92.857292,92.963333,92.436354,92.500313,92.513646,92.469792,92.636458,92.427969,92.42526
99.922865,96.248646,96.294948,96.585417,95.551927,95.553542,95.672969,95.880156,97.958021,99.919687,98.874844,99.229114,99.069479,99.632865,100.121563,99.763333,99.712448,98.74901,96.986354,104.156667,107.39349,108.587448,100.113386,102.104791,106.319114,100.072917,98.358802,96.996979,96.717969,96.19276
117.937083,106.773802,107.701771,108.251666,108.358437,107.527916,107.622917,107.912343,107.509375,107.548125,106.721249,106.948958,106.748229,106.309218,106.690521,106.497187,107.262656,109.018281,108.544739,107.36224,107.72901,109.777292,108.779479,108.678125,107.453385,107.124948,107.809532,107.118645,106.980052,107.269322
118.423646,114.992448,114.368281,114.197344,114.457395,115.577031,115.709688,114.715937,114.458385,115.851146,116.710938,114.717709,113.470521,116.252916,116.142656,116.736562,115.913281,117.513594,117.8675,117.743177,117.328334,115.726042,116.875052,120.539791,123.479271,115.561771,121.374739,117.682396,112.152813,112.121042
114.051615,107.350104,107.259687,107.635782,107.189166,107.851666,106.435625,106.96375,107.665208,107.064011,107.373229,106.886771,108.968854,107.563177,107.314791,107.708959,107.643281,107.145729,107.580885,107.434323,107.788854,107.031823,107.400937,107.378177,107.326667,108.988489,107.305938,107.185625,107.88125,108.45125
96.268281,94.01375,94.145782,94.301511,93.983385,94.204635,94.568177,93.98323,93.695104,93.730886,94.052917,94.033385,94.160989,94.114323,93.281406,94.015729,94.010833,95.298125,95.399375,95.479427,100.60724,94.869948,95.118229,95.659323,95.076146,95.204948,94.587917,94.6025,95.751667,94.286041
126.336927,119.287083,121.235104,133.79026,131.649011,121.998334,120.681563,119.428594,118.767813,119.36875,119.256979,119.319583,119.206459,119.596459,119.14849,118.080833,118.684218,118.163541,114.775729,115.767187,115.328334,115.034271,115.579636,115.573124,115.374792,117.498385,115.371562,115.1325,115.090261,115.407656
102.124167,94.496875,93.169635,92.982865,93.115469,92.753385,93.024791,93.402291,93.299792,93.285938,93.727343,93.741979,93.699532,93.386666,93.123281,93.483802,93.129167,93.059323,93.166667,92.870521,92.856406,93.051927,93.138854,93.099011,94.10526,95.22849,98.930833,96.623802,96.405416,97.292292
130.225208,128.12026,125.703386,123.762344,127.948594,134.261771,126.786667,135.792135,129.285104,124.769584,125.036302,124.071458,123.384948,123.144688,122.79901,124.174375,123.041355,122.529635,122.958489,122.298125,122.510312,122.602812,123.303178,122.414531,121.620729,122.266614,121.962396,122.706406,122.325677,122.139792
122.891719,115.964011,116.225313,115.94401,115.567031,115.907708,116.281145,115.961667,116.142969,115.141875,116.73,115.454635,118.907813,115.999687,116.769791,115.449583,116.019427,116.191771,116.177135,115.169583,116.292604,117.245625,122.284323,119.293177,119.510989,119.327709,121.462812,125.538906,124.095729,121.164479
123.745521,120.796979,127.049115,132.76427,129.224948,130.514062,125.63625,121.178438,120.501667,121.9225,122.540781,120.861771,120.542291,120.430885,120.380572,120.319948,120.316459,120.436666,119.775364,119.851302,120.44573,120.846771,120.349948,121.770834,119.862032,119.63,122.548073,120.333229,120.705677,119.996823
82.200625,77.710938,77.675209,77.949219,77.700781,77.737917,78.062864,78.156875,77.620156,77.617864,77.262135,76.141198,76.55125,76.617552,76.135469,76.364063,76.54526,76.788854,76.523594,76.566563,76.756875,76.593437,76.715885,76.33151,76.500937,77.034062,76.248594,77.0625,76.660521,77.52125
114.927135,102.508958,101.767396,102.643906,103.48,103.08901,103.120782,102.542188,102.942917,102.910416,105.433854,107.313698,106.739427,105.150573,104.65651,106.530261,107.694739,107.220417,104.39276,102.288594,101.019844,101.630364,100.996563,101.251302,101.491302,103.426927,104.627812,104.618802,101.749948,100.936771
139.960625,132.905937,132.763855,132.132656,133.409271,131.711719,132.646667,132.505937,132.376719,132.126354,131.793229,131.35651,132.954531,133.831354,132.381406,132.601719,131.400364,132.064688,131.983281,132.238177,132.809479,132.144063,131.751041,131.297344,131.453958,131.589011,131.075781,130.792657,132.383593,131.802917
137.115938,119.442812,117.748489,117.885521,117.326666,117.212448,117.839948,118.451146,119.696875,123.866667,126.786719,123.886198,127.506302,128.041615,119.931354,117.76099,118.657448,120.004218,119.728177,119.124531,120.908698,118.617083,118.338177,119.142708,119.125052,123.052656,124.029479,124.06401,123.92302,123.410208
114.931042,108.948646,108.809739,111.662084,109.369948,108.788386,108.807969,108.62724,109.673385,112.860261,109.308229,105.065208,105.164479,105.213073,105.303438,106.353906,105.562448,105.209115,104.302917,104.786615,105.013177,103.989948,103.928385,106.752604,109.272552,108.879375,109.732969,110.579844,109.532395,111.166198
91.349271,89.235781,90.179635,89.667864,89.948541,90.015156,90.951355,90.838594,90.661302,93.73427,91.64677,90.57026,89.990989,94.015521,94.034323,92.545833,91.689896,94.587136,93.620833,90.029688,87.897448,88.982552,87.88599,87.222291,88.955886,88.935,88.039063,86.968645,87.901197,88.285573
145.402812,132.653282,135.042187,132.909322,130.866562,131.966875,131.41151,130.448177,130.296302,133.793229,139.14849,132.159063,131.610156,129.786615,129.783437,129.157343,130.566563,129.073594,129.581042,129.47,128.59875,128.752916,128.760521,128.385885,126.247448,122.964167,121.994166,121.782343,121.659844,121.305677
96.125052,91.581667,91.1425,91.141094,92.066511,92.706927,92.927604,93.039375,93.203438,92.977344,93.364896,93.526719,94.104427,92.6575,91.843594,91.505208,94.080416,96.049844,95.448489,103.791354,102.515468,100.755834,93.322865,92.531198,92.792916,92.050678,92.275,91.574323,92.073334,91.802864
138.373386,131.619688,131.6575,131.247969,127.536041,128.555313,128.641093,128.547448,128.833698,129.108229,128.831302,130.865886,131.89974,134.96,133.222657,132.409167,132.436719,131.046562,131.17776,131.70625,131.466823,131.366979,131.813698,130.825938,130.876146,132.730521,132.182188,130.965365,130.64776,130.915312
91.716459,89.849218,90.068437,87.364948,88.227187,90.71823,93.253854,94.537916,93.988959,93.552604,92.952292,92.089011,91.682657,92.193072,92.096979,91.701875,90.43224,91.173438,93.614063,95.634948,93.768281,93.98276,96.271563,94.841614,91.495625,90.685729,89.919427,90.114896,89.897917,90.042657
139.497968,132.155781,130.932761,131.053333,131.283802,131.019948,131.757292,132.151979,131.574114,131.340886,131.320468,130.667604,133.646458,132.596719,132.464011,131.64125,131.749479,130.689063,130.377291,132.357188,130.148489,131.144739,131.009583,130.442188,130.415677,130.225989,137.008333,130.498229,129.956718,131.337604
77.934948,68.331927,68.353854,68.182605,67.986823,67.677552,67.47927,67.44375,67.735937,68.092917,68.306458,69.467396,69.023594,70.053541,70.91526,70.199844,70.272188,70.654635,70.354948,70.701355,70.454844,70.28677,70.02224,70.14125,71.298646,73.859896,74.680885,75.07625,70.06224,69.660625
99.379323,94.60625,91.447865,90.297864,90.330625,92.072969,91.029115,90.254792,90.791042,90.044062,90.900468,90.406354,90.346562,90.676823,90.411875,90.673125,90.518958,90.415573,90.441094,90.258177,90.499271,90.648698,90.168698,90.58875,90.27073,90.329375,90.334166,90.923438,90.542552,90.54
92.014895,86.427604,86.073177,85.980156,86.818646,87.87,87.752864,86.260886,86.166771,85.956458,86.688073,86.079792,86.20724,86.455625,86.23125,85.799115,86.392187,86.660208,86.671198,86.27875,86.467864,87.36276,87.132761,86.129688,86.01651,86.181563,86.140886,86.286355,86.325052,86.055521
94.729063,92.348021,92.699219,94.74276,95.949635,95.650365,94.797864,95.38552,95.481094,95.479063,93.886354,92.979479,100.195364,104.054115,100.579427,96.570469,97.698125,98.069791,95.05349,93.313854,91.945313,90.624947,90.393854,90.582188,90.407917,90.433385,90.682969,90.089375,90.650885,90.618646
90.678489,84.125417,84.588542,84.627709,84.954427,84.5675,84.622031,84.569844,84.836562,84.542396,84.722187,84.8825,85.039531,84.758646,85.123334,84.400208,84.940156,84.567188,84.720208,84.670833,85.061354,84.470364,84.579844,84.755469,84.639948,84.684479,84.749531,85.875469,84.712864,84.570573
123.395938,113.940104,113.622292,113.479115,113.365417,113.694791,114.024323,113.63052,113.569896,113.168802,113.960521,113.450573,113.826875,113.752448,114.213229,114.458854,114.555834,114.071458,114.697604,114.542761,114.433177,113.698854,116.522291,115.58151,117.06974,114.256927,119.465938,118.954687,113.789115,113.740833
99.832448,95.860208,95.891823,96.437812,95.788698,95.691667,95.754115,95.9775,95.708229,95.754115,95.973073,95.736302,96.409948,97.128802,95.660677,95.690625,95.644114,95.838281,95.505885,95.601093,95.601979,96.054583,95.740469,103.732657,96.454219,95.521875,95.835781,95.80323,95.733958,95.698698
64.671875,61.027864,60.789323,60.913542,60.955937,61.877813,61.464219,61.227552,61.612604,61.351771,61.20849,61.60375,61.629896,61.335,61.840365,61.409584,61.556406,61.539323,61.745365,61.607656,61.688959,61.649479,61.783281,61.703855,61.384323,61.845938,65.242448,61.300677,65.981094,61.913541
134.471823,127.789427,130.936718,131.348594,130.94599,132.005156,131.199479,131.737396,133.022187,136.21224,137.805625,138.039115,134.346406,135.5225,135.763437,130.961458,129.710365,129.799688,128.649584,128.729792,128.088281,128.954844,128.865625,128.391614,128.328594,128.356666,128.452708,128.73823,127.864011,129.049687
81.787135,77.776093,77.524115,77.131094,77.530261,77.428021,77.462135,77.65448,77.653489,77.840156,77.446407,76.948907,77.43,77.319479,80.784115,81.454167,78.871302,78.396302,78.30724,78.334635,77.777604,78.061197,77.769635,78.009115,78.098489,78.257552,77.80948,78.295156,78.018177,77.947083
97.059167,87.681094,89.557395,87.130729,87.230677,87.685,87.354323,88.039115,85.236614,86.116563,86.12823,86.51448,85.95625,92.996927,86.97224,86.238177,90.830625,86.73823,86.36875,86.621823,85.510625,86.177553,87.652552,88.758177,89.889531,87.118959,91.894687,91.400156,88.48,85.937552
92.493646,87.812969,87.349479,87.65,87.514479,87.435521,88.561874,87.125417,88.200417,87.6375,87.818229,87.819791,87.671146,87.822188,87.639375,87.669531,87.464427,88.274271,87.329792,87.932552,87.81198,87.80276,87.973542,87.255469,87.877032,87.770052,87.473698,89.08198,89.748854,88.188177
100.096146,97.337395,97.531666,98.096666,97.696979,99.461875,98.208959,98.022291,98.670885,98.068333,98.377031,98.176198,98.016614,98.269219,98.008854,98.003646,97.864948,98.138177,98.465156,98.211146,98.119531,98.306718,98.990365,97.805052,98.800885,98.758854,98.849791,98.369063,98.998802,98.659843
19.462447,18.602969,18.970156,18.696198,18.793073,18.627709,19.002864,18.75349,18.774635,18.817604,18.650886,18.674427,18.717396,18.665677,18.782865,18.690625,18.860417,18.864218,19.266354,18.937605,18.749531,18.713906,18.876302,18.942396,18.595416,18.684375,18.725104,18.813959,18.866146,18.991146
41.300156,40.527032,40.148906,40.137969,40.945729,38.918854,39.828281,40.08198,40.373021,40.427031,40.431094,40.163385,39.328698,39.064375,38.757865,39.071771,38.946771,39.051407,39.036927,38.759427,38.903854,38.867761,38.976458,39.613854,39.084739,39.033437,38.924166,39.117344,39.065469,39.203854
72.094219,64.183437,63.876094,63.438437,63.18474,63.197135,63.04302,63.318854,63.142813,63.017448,63.352813,63.510469,63.054375,63.273073,62.993073,63.010677,66.112656,62.91802,63.166302,62.823646,63.160989,63.112031,64.001614,62.702499,63.196615,63.361875,63.158645,62.942708,62.656407,63.122188
96.077292,90.887813,90.60401,92.109479,92.153281,92.248958,91.174271,91.636407,91.694792,90.448958,90.799427,90.829792,90.397709,92.114219,92.293646,92.238021,91.744636,91.5025,91.58375,91.028125,91.692865,91.990833,91.765156,91.645521,91.598125,92.752188,91.702864,90.765989,91.619062,91.350677
94.924895,90.044948,90.231927,89.767552,91.470469,89.546302,89.838073,90.89901,90.454896,89.727604,89.91401,101.498907,96.905313,91.018646,94.699636,95.813333,93.535625,89.410105,89.559947,89.810469,89.603594,89.500416,89.596146,89.437917,89.492448,89.540157,89.420313,89.806927,89.129427,89.555104
96.507136,93.841615,93.782865,93.090886,93.171927,93.476198,93.229791,93.012239,93.181927,93.166042,93.177812,93.678489,93.124115,94.11927,95.484375,93.643125,93.813073,93.800156,93.309739,92.840885,92.914635,93.307448,93.443802,96.024688,93.541198,93.01651,93.297812,92.70526,94.292344,93.078177
113.508073,107.434844,107.235052,107.556927,106.735104,107.174114,106.978854,107.043073,106.782656,106.765104,107.257031,109.397031,115.959479,110.353697,110.354219,109.988281,111.047709,110.587396,110.658959,110.898125,108.886927,109.771563,114.528072,114.69927,108.406406,107.169792,107.478698,105.924739,105.240104,105.546666
95.33776,89.82276,91.633697,92.05875,91.746718,91.296979,91.606145,91.091719,91.659479,91.769687,90.879792,91.536771,91.279896,91.21526,90.58052,91.219792,91.204166,92.493593,90.942813,90.675573,90.938907,90.84974,90.608021,90.801146,91.473281,92.202657,91.758854,93.580469,92.097552,91.549896
159.613749,154.168021,153.714948,153.888334,153.430938,153.423541,153.737656,153.485261,153.260364,153.117031,153.728541,153.528281,153.512709,153.760677,159.728855,158.765572,157.05802,157.955312,158.385677,158.431875,156.599844,163.093593,164.028333,163.92875,163.182708,150.46099,151.09125,151.395104,151.543958,151.399531
40.222344,36.946407,36.834792,36.752552,36.875261,36.582032,36.779427,36.723229,36.718698,36.916666,36.861302,36.74974,37.178073,37.067708,36.612031,36.595521,36.617083,36.925521,36.416511,36.628698,36.677396,36.603542,36.471146,36.441823,36.36474,36.465937,36.600729,36.647708,36.811198,36.69474
66.614532,66.279636,65.974167,65.959531,66.030468,66.640729,65.889531,66.998958,66.760521,66.341979,66.076979,66.230416,65.990261,68.209791,65.935,66.39625,66.072969,65.748802,66.443542,65.930885,66.073437,65.758542,65.952031,66.220937,65.796979,66.238959,65.911667,66.064583,66.125417,65.999166
85.685885,81.404375,81.692917,81.332552,81.227656,81.575208,81.382291,81.38375,82.068125,81.726927,81.095521,81.670833,83.130104,81.283541,81.741094,81.435937,82.625468,81.974271,82.884219,82.372656,82.222084,82.739062,82.533073,82.575677,84.393697,85.548854,87.468593,87.359218,85.989063,85.909323
144.899791,131.442447,132.464323,132.987969,126.216562,126.806146,125.609114,126.233437,126.292188,126.615677,126.152448,127.23526,126.240261,126.505521,127.230208,126.312187,125.7325,126.696615,126.778594,127.273334,125.819948,126.7375,126.300729,126.109947,126.579375,126.430938,126.178489,128.495209,126.693386,126.247448
122.17375,114.517917,114.794375,114.362917,115.061302,113.723177,114.442553,114.0725,113.937239,114.002239,114.242865,114.337656,114.13724,114.696146,114.325625,114.522135,113.665469,113.806146,115.161198,114.649792,121.076667,115.340364,115.875729,115.954479,114.690052,114.28599,114.366145,119.488177,123.506406,119.213542
73.469636,67.286146,65.796354,64.792135,64.449219,64.402917,63.115208,63.409791,62.739063,63.069427,63.019323,62.779323,62.727239,62.54125,62.224114,62.775365,62.30901,62.341875,63.374167,62.188646,62.449844,62.868542,62.009531,62.543698,62.262968,62.162084,62.002448,62.3475,62.093698,62.13026
77.1475,75.600417,75.962083,75.877761,75.189114,75.376406,75.598333,75.241042,75.084011,75.995677,75.735729,75.674167,75.089947,75.515781,75.671197,75.301042,75.797761,75.673541,75.340833,75.927447,75.673177,75.952708,75.202083,76.400677,75.625052,75.297865,75.738021,75.503125,76.031562,75.557656
42.158645,39.813594,39.670104,39.918855,40.036719,39.613385,39.767812,39.416146,39.118281,39.339427,39.302292,39.6,39.45802,39.436406,39.677604,39.186979,39.735885,39.419531,39.344427,39.177813,39.456563,39.228282,39.471823,39.773437,40.03375,39.69125,39.859844,39.490729,39.535105,40.085625
25.893698,20.426875,19.37974,19.792864,19.724635,19.563854,20.169843,19.697344,19.939895,20.018334,19.894479,20.198698,19.968073,19.690781,20.695521,19.807343,20.408125,19.743594,20.334323,19.729791,20.163229,19.670989,19.826354,20.078125,19.840938,20.021823,20.034219,20.122708,20.022761,20.354219
228.890156,225.609531,230.802709,226.804948,235.826146,215.565261,213.588489,213.96573,213.110781,212.980364,213.214844,213.010417,213.901771,212.640833,213.33651,212.809583,213.007552,213.318802,214.592916,219.10474,215.887344,217.376458,219.717084,220.98349,221.208437,221.488698,225.090312,224.859896,223.227656,222.536927
385.965521,379.515104,371.253802,391.214427,378.095052,364.272448,364.865625,399.81401,387.530573,391.090052,377.367604,364.581354,365.145572,365.775156,365.977084,365.859427,362.060416,383.151093,408.76875,413.251407,408.735938,416.986042,437.218072,408.081354,376.157552,370.231458,366.773749,364.172292,375.195989,370.355157
507.363125,505.043646,483.094375,472.39349,483.908802,481.225937,474.762344,487.127656,493.655938,497.096302,496.544791,473.039531,470.607864,471.082187,486.074374,488.571146,474.26974,472.431406,472.92,471.849479,472.009792,476.451249,472.820209,472.695365,471.666823,472.628802,472.004115,472.18052,472.363594,471.607344
841.308646,820.754426,824.39,823.548125,821.121719,820.106875,819.927292,820.164635,820.81552,823.175417,822.195625,820.947291,820.793645,820.736615,820.860885,822.302083,820.419635,823.191302,820.546719,821.05276,820.644739,822.234895,820.281927,820.627187,822.951927,820.970625,820.375416,821.864792,821.19026,820.429999
