47.260769,48.173461,48.018539,47.571923,51.734692,47.469308,51.280923,53.284,50.945769,38.907923,40.512923,40.003923,39.765308,40.147461,39.365462,41.305154,43.286,41.131923,40.996307,41.040769,44.684923,42.121077,40.334154,39.417846,39.558769,39.450462,40.45477,44.060385,39.569462,40.941
74.133615,28.618462,27.783923,26.659769,26.830923,27.475846,27.130385,27.590308,26.903077,29.832154,26.890462,27.508923,26.960077,27.006692,26.563308,29.328769,26.824616,29.88123,27.978231,26.099154,29.241308,27.016231,28.705923,29.843153,27.058308,25.351924,27.816616,32.011462,26.304231,27.643846
65.535077,50.692693,51.019846,49.713077,50.288923,51.960538,49.531385,49.124461,49.458153,49.378,49.423615,49.237923,50.194615,48.620307,49.154385,63.610153,79.526769,52.922846,50.378077,49.506769,50.291154,48.787769,49.097154,49.612231,49.136538,47.589307,51.003615,50.303846,50.065,46.343692
86.012846,45.527616,44.758461,44.415231,48.334077,48.884,47.719923,43.135077,46.603923,49.132231,48.331769,41.289384,47.472384,43.030539,46.678615,49.099231,50.054154,48.547846,42.452692,46.504923,41.301,46.417077,47.589154,42.081308,47.295,42.717307,46.395231,46.311692,44.49523,41.068077
59.346923,48.546769,33.021769,32.58277,33.650077,32.573077,36.228461,33.230231,35.034154,33.925385,35.420692,33.133538,34.804846,34.088231,36.083,32.815538,34.944385,33.658231,35.356616,33.219077,35.000154,33.861462,35.811846,34.644154,33.952846,32.740154,34.987615,33.511,34.75977,33.920538
58.279,42.167462,29.069231,29.810154,28.643385,30.221,29.237846,29.857462,29.107923,29.700153,28.951769,29.542615,28.864846,29.994923,29.575769,30.995538,27.679692,31.082538,29.254154,31.11177,28.860616,32.640308,30.444615,28.345462,28.927692,30.163231,29.490846,29.749,31.602615,28.783385
78.042616,41.114308,45.470308,42.013385,40.455692,40.733,43.104077,41.752769,41.966846,44.271693,42.742769,40.513,39.425308,41.052923,41.811769,41.404538,41.105615,41.251769,44.702847,44.187,39.728461,42.921,40.722077,41.491,41.071924,44.724,43.169384,40.195308,39.818616,43.454769
73.161923,52.054385,42.847231,46.926846,47.497154,42.568385,47.990923,47.533462,42.32577,47.785769,42.997615,43.418846,43.782231,47.872154,42.593462,46.302307,47.653615,43.85623,45.382924,43.248231,46.729,47.817693,42.063769,47.670615,47.317077,47.366538,45.277538,46.677846,46.793,45.612384
47.317,44.426692,28.238,26.520693,28.979538,28.450923,28.932,30.035077,27.927077,28.135538,27.462308,26.339692,26.735538,28.856077,29.398616,35.320616,27.795692,26.847077,27.899615,27.140385,30.099461,29.035231,28.115769,27.334231,28.348385,26.976769,28.862692,28.850692,28.976846,26.846
54.659154,27.937231,27.572462,27.583923,28.407846,27.838693,28.299846,27.690153,28.213846,28.932231,27.890692,30.700846,28.970308,28.276616,28.669308,30.353307,29.898077,30.582384,28.705538,28.977308,29.527615,30.235,26.735923,30.816692,28.808615,30.970462,28.963539,30.102461,27.736692,30.473385
57.615616,49.09677,55.401924,48.873308,51.670923,49.982077,49.389462,51.333846,49.348153,49.344615,52.351077,44.810307,46.099308,48.32523,48.528923,47.39023,48.389846,49.279923,49.212384,48.986693,50.003692,50.580231,49.216154,57.662,50.344846,47.302769,44.682077,58.552462,58.342923,53.511384
58.629307,67.574616,41.097231,42.585,41.950307,41.739923,41.278615,44.394616,43.307692,40.995385,43.987769,41.422769,42.091462,45.418923,44.278077,40.723615,43.537616,41.228461,41.830616,44.699846,43.259231,40.387846,39.844539,40.761385,43.557308,42.363077,41.52823,44.896231,43.234,44.374692
81.480077,42.663154,41.801539,42.120846,43.058,41.955076,40.877231,39.756462,41.762615,43.13923,41.925154,41.574846,40.73123,41.731308,41.75123,40.724923,40.866307,40.595769,41.026769,44.805539,43.627308,42.88577,42.843539,40.750846,41.563384,41.389,41.664923,41.617308,41.790231,41.640154
88.962615,41.025846,40.926692,40.928462,41.680615,43.454769,44.271308,40.822769,42.812308,42.081307,41.642923,41.526462,44.723923,43.273769,41.464461,42.455462,43.401077,41.034385,44.419384,44.362462,42.635692,42.200231,42.890769,41.529077,44.69723,43.155231,40.482847,42.887,41.087923,42.225076
69.621615,38.873538,36.474539,38.127077,38.553692,36.616077,36.478769,37.207615,36.608616,36.876461,37.195307,37.194846,37.766231,36.349077,36.597077,37.898539,36.961462,36.241923,36.169461,38.068538,37.536923,36.858692,35.583,38.030308,37.495231,37.261769,36.895692,37.326384,38.157385,37.625846
85.613923,49.547692,45.187154,47.392077,48.915384,46.661693,46.131615,46.694077,46.241692,44.358,47.704077,45.499077,45.735308,46.149,45.322231,47.032769,48.102,46.224077,45.946769,46.504846,47.758307,45.214385,47.637307,46.206308,45.493231,47.454307,45.504231,45.869615,47.471769,47.229077
87.588,49.62977,48.714462,50.073,48.430154,59.699462,49.452307,48.894,49.829615,48.672692,49.894154,49.876154,48.514923,49.328154,51.367077,49.202077,49.688923,49.767154,50.158615,49.508616,48.844692,49.817154,50.188846,48.696923,48.000769,52.578308,50.029462,49.517769,53.497692,51.016615
59.381538,59.492231,39.569231,42.718308,39.528539,39.838769,39.544923,39.632154,39.529154,39.18423,39.264769,38.501,41.224769,40.874615,38.517846,39.470308,38.367308,40.812,39.030308,41.007539,38.714384,40.520692,38.407462,39.826538,40.527385,38.678308,40.52723,39.679846,38.136615,47.477846
61.658616,48.599384,43.340616,41.808615,42.726769,43.332769,42.718846,44.998769,55.220846,47.666461,46.197154,44.997615,48.890308,43.601539,43.876846,44.616,43.003461,43.296846,42.835539,50.227923,44.892308,43.813923,43.394462,44.842539,44.056923,43.587231,43.466769,43.754385,45.449539,42.290308
69.239539,43.761,40.887923,45.899077,55.613769,42.205769,41.759231,41.501615,40.700308,43.959385,39.299,44.59277,40.771461,45.030538,42.531462,41.552461,43.173077,42.624616,41.97723,39.608846,45.156462,41.326077,41.584692,41.367077,45.211769,42.705154,41.279462,44.387384,41.785077,42.89923
73.696307,35.854538,36.027692,35.499231,34.795308,35.416539,36.296461,36.374,35.161615,34.847231,36.041538,36.178307,36.189308,38.130308,35.982615,34.445923,34.668,34.758538,35.014846,36.811616,35.487,34.995154,35.403769,35.470307,34.479538,34.265846,34.724846,35.090385,37.224538,35.535462
94.724462,49.547077,49.872385,51.303693,50.194769,49.250154,54.812538,50.548692,51.745307,51.063,49.052,49.74023,49.78777,54.572308,50.860461,52.247077,51.379231,49.126769,54.245923,50.524615,52.160461,57.544539,58.071616,67.968923,51.904461,50.808385,51.385,51.671385,49.132461,49.271385
91.152923,43.319231,44.644538,45.903077,43.669539,45.875693,44.367308,45.584154,44.826693,45.251462,45.002,44.428385,45.861,44.564769,44.272539,43.273,44.647616,45.473384,44.582538,46.472769,45.839308,44.960539,43.716153,43.328692,44.762846,44.551538,73.734461,51.655307,45.009615,43.185846
62.55223,41.131077,42.092923,42.878692,41.127769,40.860539,41.662461,42.796846,41.873384,42.946077,40.732462,42.320923,42.41923,40.252769,45.998539,41.079923,41.643538,43.225692,43.096615,43.626384,40.158308,45.354616,41.590693,42.672231,42.194,41.804692,42.216616,41.535077,39.956231,41.456
58.603692,47.101308,31.388462,32.554461,32.968385,31.444692,38.322,33.731538,30.497692,31.115154,33.761077,32.336539,31.956615,34.522692,32.014769,32.614846,34.918692,30.804077,32.373615,32.192154,33.665462,33.584,33.578231,32.428154,32.284308,34.917615,32.013077,32.468462,34.463077,31.447308
86.737616,42.475615,43.065076,43.138538,43.017231,43.03,41.518308,41.570846,41.324,44.051769,41.883308,42.614077,43.261615,43.014615,43.113538,43.084615,42.767692,42.385231,42.106462,42.212923,41.394,42.307308,42.734692,43.053692,43.067077,42.05677,43.256539,42.008077,43.287077,44.437461
80.152154,44.607,45.842077,48.720154,48.006385,46.271693,46.841462,47.826307,44.442923,46.502077,46.739923,45.733308,46.850307,48.076846,47.227923,45.134846,44.415461,46.318846,47.034308,48.249384,50.876846,48.744462,48.830847,50.051846,53.732308,47.353615,47.398692,47.915923,46.500461,45.063846
73.367693,53.058769,48.486539,50.462769,50.024308,42.593693,49.378692,44.191461,50.649462,50.450153,49.19277,47.660923,43.457385,48.985307,49.116616,49.532615,47.298231,42.921692,48.939847,47.664539,51.01077,50.354923,49.690154,49.533692,50.185154,49.046077,50.33877,44.572462,44.806461,50.549385
72.476153,31.297308,32.111461,30.273154,32.175538,29.051616,30.627616,30.893384,30.306847,30.806,31.883769,32.392923,30.632539,29.81223,29.877462,29.716616,29.881307,31.626077,28.057846,31.862153,28.837538,30.199077,29.418077,30.464307,28.269461,28.957692,29.088231,30.213,28.897923,30.992692
91.520616,45.764769,48.463539,49.776615,50.657847,47.743538,50.999846,48.438615,49.661692,51.503615,49.407923,47.718846,50.545,49.446384,49.51877,51.565154,51.356154,54.213231,50.779693,50.372385,48.206231,50.965077,50.104923,50.107,49.955923,49.838154,48.971846,49.723539,50.030538,49.699692
40.518538,62.950923,34.733923,33.392769,34.279077,34.284154,35.144539,33.551846,34.764077,35.074231,35.385769,32.071154,32.923923,35.409462,32.654847,34.941308,34.968538,35.264846,32.848077,32.347616,35.604692,33.536846,35.354308,33.089923,35.368539,32.395385,32.396616,35.374307,33.628923,36.034615
72.507,32.701846,28.228462,28.357077,28.291,28.512769,28.214308,27.878307,28.140384,36.589307,27.627231,27.458692,28.921,27.819846,28.620846,28.927769,30.06023,28.628307,28.630615,28.273154,28.376461,28.929923,28.295077,28.784384,28.807461,28.461693,28.802846,28.814077,28.476769,28.19823
76.461231,46.005769,49.092769,48.243153,50.846461,48.06223,45.126846,46.567231,42.811154,41.496154,43.595384,42.489,48.230615,49.966385,49.591,48.805077,49.980692,41.752154,41.164385,41.804616,45.924154,48.502462,49.290384,47.805693,41.929769,40.490769,48.973923,46.401077,43.386692,49.572
216.519,171.43377,174.342538,175.443692,168.392539,170.372231,170.245539,169.995,169.087923,170.373615,168.475538,170.601308,179.969154,171.014154,178.336154,169.885923,171.364154,171.354538,169.861923,168.910539,164.828307,166.014385,169.057308,171.161,168.216539,171.160231,166.343076,167.161231,183.014615,168.099154
247.629692,194.833077,188.385692,195.411924,193.051385,188.536,193.624077,190.845,193.018846,193.012385,189.742384,194.538615,193.82477,188.440769,194.791692,192.080615,185.740693,191.167384,187.914461,187.937077,194.566077,195.717923,192.486539,193.588769,192.972693,188.752846,191.612154,198.959307,188.683846,188.797077
188.151461,137.866846,138.495231,149.222923,141.02623,140.497154,139.736385,144.838846,144.560154,144.809461,144.628,146.083769,140.377539,138.867616,145.358154,148.18777,139.198615,145.930615,139.31377,140.561692,139.656231,147.794462,140.853692,142.226231,142.214923,138.365077,144.246462,140.999923,143.739076,144.358231
227.993385,192.572308,192.166461,218.109923,184.583077,187.452923,185.391154,192.516,187.106846,189.555846,189.797462,184.64277,183.510231,191.511231,190.848231,187.794308,185.934462,186.950384,188.479385,191.657692,184.174692,184.605231,186.417307,189.213154,180.254615,185.993615,185.576924,189.280462,188.477,188.928231
157.739462,108.876154,109.233923,111.621923,109.247692,108.188462,109.235461,109.690462,110.089538,109.312384,108.508693,110.416077,107.923462,112.486384,108.878077,112.634231,108.315154,108.679307,111.295693,109.808615,109.01777,107.587077,108.858769,111.578154,110.999769,109.302461,110.466231,107.960769,109.068539,110.349308
222.310769,168.802153,172.25123,175.853846,170.415693,170.920077,170.619154,172.813,173.679385,170.049384,172.131308,176.709308,172.353923,171.882538,176.804154,176.668154,169.701538,174.332462,176.443307,169.891847,172.705231,177.837308,213.41823,206.725692,217.942154,210.085923,191.809539,207.335,204.045385,216.246077
348.588692,207.463385,216.938308,277.690461,174.476385,250.484615,235.274923,250.020461,213.621308,193.448692,193.123462,207.946538,182.013153,179.162461,190.124615,263.479462,230.234538,233.083308,233.95523,234.850692,202.877231,165.879385,166.682846,210.968769,168.666154,219.504154,170.785462,170.224154,166.148077,169.743769
677.484846,220.72177,167.149615,151.957384,159.231692,149.150385,177.758384,167.578923,145.002846,158.507154,196.521846,166.924847,272.564153,184.041692,205.483385,217.693923,248.696846,211.466231,169.88977,167.900923,169.913923,151.883077,169.431462,174.303846,174.532692,170.997077,213.063,199.829846,233.620308,444.913308
572.79,584.171462,632.484923,475.005384,391.009231,467.169385,404.634077,341.546923,413.874615,454.435846,398.388538,514.604,375.833,259.660693,372.209461,387.561461,573.008077,385.021539,330.526462,325.987846,380.464384,322.674385,337.182384,386.207923,447.795462,433.943462,397.079769,453.166077,462.038307,481.199461
499.405924,373.998616,340.198615,353.471,370.208384,316.745077,436.872231,394.271,388.575231,439.542385,496.552384,461.126923,458.344077,457.997308,420.888923,536.169308,542.173154,337.304462,409.440077,533.878615,516.598692,578.337462,587.825923,393.490461,426.183308,354.788846,428.136385,393.945539,240.903692,249.634615
247.473231,216.744615,191.035231,257.483077,233.157308,308.021231,264.746462,287.579538,194.715,230.677077,213.652693,339.133308,223.837846,243.327462,222.499308,216.040539,256.844,252.48677,308.908154,241.345461,189.800154,193.914077,186.686385,188.513154,191.947153,190.953538,188.571385,191.356538,191.348846,200.502692
180.237384,197.348154,153.22,152.789539,156.857308,153.843615,154.490924,154.074077,156.873847,153.293077,150.958077,151.759692,151.322,154.553847,156.217,154.629692,154.540692,157.688693,154.120692,155.243769,154.404154,153.801154,155.326538,152.819923,156.553692,154.101923,155.382462,152.742923,164.831615,152.972615
141.272,132.221923,98.148615,102.165385,97.065923,102.439,97.287846,98.229692,97.875692,97.475846,96.462923,98.634539,98.801923,99.436,99.335846,97.952,96.678077,98.15777,97.864923,96.453847,101.247307,99.790924,98.620308,100.77177,99.372384,100.081923,100.047923,100.290769,99.155385,98.013615
179.171692,175.466154,149.925539,149.847462,147.406384,151.849153,149.623077,151.162769,149.202846,154.116307,148.466846,148.704923,148.695231,147.545539,152.255615,146.157924,149.602231,150.914,148.639384,152.782385,147.700462,147.382385,146.920846,148.007384,147.788538,147.386615,149.52977,149.504077,157.299,153.016461
196.776461,208.598385,174.174462,170.619153,173.488769,171.301539,170.516231,173.443923,172.798154,167.298692,169.44577,173.180154,172.373,173.593923,172.479462,172.199769,174.758077,169.746077,168.652076,170.590077,172.869231,173.372846,195.022615,172.042769,174.147539,171.397538,172.568461,171.797693,174.877307,169.655154
181.075923,155.432923,128.508384,129.709308,129.011076,128.338077,130.319307,129.140693,129.534769,129.367462,130.529462,130.421154,128.079154,129.026923,130.836769,129.063769,130.490846,129.31077,130.046077,129.124077,130.356231,128.770077,135.621692,128.028693,128.396153,129.510231,129.990077,128.941308,129.329616,127.729
144.266846,167.178077,126.136384,127.951308,127.713847,127.285308,127.111846,126.826154,128.861308,126.130923,127.977538,127.671846,128.0,125.235385,126.469231,130.852769,127.482154,127.428692,126.738308,127.053308,125.820923,157.663692,140.459385,142.294769,169.568692,150.624154,149.622384,127.063384,127.711,126.833692
190.141154,186.393846,149.193846,147.368616,148.810846,147.462769,146.426308,146.434847,153.240923,149.943307,144.837616,144.750923,145.839616,147.694077,148.855615,146.846769,145.908154,146.415308,161.281539,147.455077,146.79377,152.467462,176.203308,149.522462,165.010923,177.047,149.070461,152.672769,152.620077,157.668846
258.818847,183.401923,187.093308,181.451846,187.865923,182.186923,183.278385,182.455539,191.291538,188.355154,181.244769,182.214308,185.43577,187.232462,184.166769,182.237154,179.248,187.205154,185.447231,182.825539,179.722461,183.998846,180.791692,176.612,181.446154,180.431539,179.190307,187.609615,187.986154,181.547308
198.758154,182.73677,153.757769,157.255923,153.363154,155.721846,157.096539,153.015077,159.986231,151.374847,155.109846,153.982231,159.066693,159.734692,158.418077,150.643385,151.522923,148.893769,157.474462,152.363384,159.855077,158.696847,173.610616,153.698,152.060077,150.790231,153.218154,155.243076,149.448692,153.115153
171.285923,149.729077,118.301308,120.091308,117.319462,118.241231,117.433077,119.165154,119.670692,126.040462,146.047769,118.905923,119.347693,119.013692,118.443923,120.073154,118.544846,119.876769,119.717846,119.864847,116.52623,117.644307,118.121385,119.506,121.778231,119.507385,118.06,118.063846,119.556615,118.786077
247.435461,235.368693,183.948385,183.549538,180.276846,203.542539,178.590539,187.697923,188.294923,181.464616,189.283384,184.795769,183.647539,181.937384,179.888385,179.432923,184.183,185.183,190.136462,183.094,202.331846,196.288308,227.576846,190.281308,197.949846,209.878,232.006923,229.30923,204.258923,205.713538
288.548769,219.555461,226.197615,237.838385,218.505615,250.992154,214.516154,210.004,210.560847,204.978769,212.883077,207.022,213.000077,206.157923,209.471077,210.021385,211.402154,204.829539,214.202461,212.086,208.998923,207.012923,213.715385,206.447385,207.898615,209.874538,212.471923,207.838846,210.610539,206.454308
177.130693,140.113384,107.839307,110.155692,109.666385,110.375231,111.214692,108.526231,109.176154,108.703924,107.454,109.584461,111.680462,108.582077,108.733231,111.875923,110.359,110.037923,108.507153,115.355308,106.809461,109.971693,109.051,110.379846,106.310308,111.652693,108.162846,110.479692,109.694615,109.939154
181.705385,133.742923,112.713538,111.211,111.134769,110.204769,111.098846,112.169692,111.99523,111.057846,112.690154,111.018,111.631384,111.433923,111.640538,112.238615,111.845076,112.196154,110.095462,110.805153,111.941616,112.236,113.199538,110.408154,110.638846,108.674923,111.730307,109.903385,111.082692,111.349923
240.703077,196.215923,169.238538,173.935308,169.435616,167.831461,168.545846,170.154923,168.690846,168.995539,168.959692,168.610769,169.699616,165.935693,167.279385,166.298384,170.292154,166.736615,170.535615,170.828616,168.802461,172.005231,171.754692,168.747231,170.174153,165.165923,169.385077,169.413462,170.294539,166.783231
228.689,211.886846,175.312154,176.879923,173.655846,175.062538,174.331616,174.371539,173.611231,171.64477,176.138077,178.085539,173.387,174.778077,175.410154,178.797692,172.94923,178.704154,173.177539,176.121615,175.411385,175.186539,172.394846,171.116153,173.102615,175.122539,172.035154,173.655308,173.434693,171.502462
219.343462,211.761385,179.975462,177.081308,180.502539,179.82,179.972615,180.262231,179.833077,182.699384,177.884769,178.372231,179.255077,178.264615,181.976154,179.602615,181.260847,180.347769,178.823231,179.395077,179.034462,181.402693,180.548077,178.825923,177.58077,180.775769,181.153307,179.060538,181.752077,179.191077
152.014307,94.298384,97.385615,95.406154,96.485231,94.256846,97.290846,97.031616,96.657615,97.595154,96.675538,95.286153,97.479077,94.522538,96.132077,96.10523,95.765077,96.496615,96.448538,95.265846,96.669385,97.906384,98.520846,96.971,96.50777,96.447923,96.435539,96.272846,97.083,94.965693
264.594692,215.724923,186.404923,185.317616,187.650077,186.913923,188.981153,188.190154,183.072231,188.167769,185.401923,185.572231,188.359923,185.111538,186.091462,195.739385,184.878615,188.254539,189.176846,184.658231,184.315307,187.333384,185.872923,187.194692,189.468538,187.289692,185.032153,186.902077,187.860847,186.677307
212.472616,190.532231,160.181,159.547615,161.287385,162.246231,160.090615,159.044231,159.628308,160.552923,159.339077,160.451077,159.064077,160.675847,157.755693,163.571847,163.167231,164.708462,158.590923,162.312308,159.330923,161.739846,162.573923,164.359307,161.096,166.354693,161.566847,162.388308,159.195923,161.566616
199.31,177.238154,150.72477,153.961692,154.261076,150.001615,149.681308,150.012769,147.896385,150.701153,149.356538,150.626769,150.161462,149.722,149.768923,149.816692,149.766385,150.492692,153.894077,153.371077,151.404462,153.175616,151.128,154.677462,150.205384,152.184847,152.612769,153.788692,151.306615,151.798077
245.662539,173.559231,147.864846,145.62,150.538769,151.445846,144.799769,151.347923,149.795077,151.176,148.800539,150.542846,149.950307,151.643077,146.529692,151.306769,149.845077,153.301077,147.586384,148.589769,147.919231,149.530616,152.974616,147.772539,147.394538,152.478384,144.818615,146.847693,148.065154,150.04823
213.03577,172.363539,154.489308,155.265538,161.209615,156.712769,158.917308,161.431847,158.906692,159.634154,159.968923,159.877462,156.103077,163.412846,158.990231,160.191538,156.162,157.315154,158.506,159.684231,157.346,160.259231,159.774769,156.411924,157.291538,155.532231,160.007385,159.753769,156.483462,161.851769
276.361,194.907615,181.656923,178.126692,178.41723,171.231307,175.977539,173.274462,180.612538,178.994616,179.057462,177.633385,172.148769,179.466307,170.01977,169.985616,168.999308,170.97077,178.829384,169.727846,170.998692,174.024076,174.886923,178.534462,171.899846,180.014,178.476077,170.365,180.259692,178.469385
220.767077,190.390692,182.23377,180.130462,181.073308,183.161769,182.546539,182.680231,186.041231,181.839,182.792231,183.464231,184.432,186.127692,182.368154,182.173538,183.908308,182.541231,181.842385,179.969307,182.974769,182.675,180.116846,183.183308,179.529539,180.137,183.502462,179.433076,181.557539,184.530077
222.552846,184.663077,175.666923,180.388847,175.111615,167.350461,175.332539,171.725769,174.374846,176.529153,176.964615,179.389,175.697077,169.707,176.663308,174.649923,168.111923,166.746153,171.311923,177.911154,179.895384,179.916615,178.051616,176.631615,170.758461,172.355307,173.332,173.597,169.857615,170.287231
227.114615,196.239923,164.272077,165.473,168.257615,161.599154,167.840384,172.905692,168.317385,163.929385,166.543923,166.176692,165.696769,167.927847,168.529615,170.567307,172.109154,163.418077,157.397154,162.084077,165.832846,164.663231,187.634923,218.192154,194.992615,185.596077,179.064308,199.822846,191.727154,192.871461
298.018538,238.177,236.064154,221.598923,230.229462,237.363769,228.767923,236.010077,199.985154,195.268539,204.811846,206.024461,198.318308,192.708769,196.893769,197.644384,198.089307,196.001462,190.494461,192.317846,197.122539,189.863154,197.796,196.674231,194.666692,192.794846,196.251539,208.535615,203.810462,197.675153
181.561,175.333385,151.054693,150.874307,152.621231,152.738,150.145,152.028923,154.605769,151.952539,152.181769,155.634154,151.577231,153.151769,149.581539,157.78377,155.605692,152.947077,148.602846,152.964384,150.279538,154.865846,153.095385,151.848692,155.190154,153.649231,155.097615,153.263846,153.704846,150.433616
240.381923,223.268462,199.686462,196.158,200.295769,199.903923,201.540231,198.089693,201.843692,197.472077,211.449461,196.415693,196.812154,194.735308,199.943461,196.003538,193.192615,205.885692,198.140769,197.29777,202.921154,199.891077,198.325231,199.563539,196.303385,199.452616,200.204077,199.815462,199.754077,214.824077
264.734616,225.121693,191.262231,194.814539,202.217231,200.230924,198.463077,200.806231,200.242616,199.716,199.630231,194.911077,189.390846,195.441,199.771538,191.849693,189.817615,197.380231,195.298692,187.667539,196.882077,221.611923,193.549846,187.007308,195.678923,200.191462,199.936924,198.366461,196.169769,189.531538
242.760077,212.660077,195.082385,194.367846,193.616616,190.905154,195.704461,195.050923,186.374769,197.544077,200.488693,199.084231,200.519923,201.429692,195.05123,195.567308,196.490692,195.297461,192.949,193.669615,192.474385,195.412154,195.024231,194.578923,200.285308,191.394693,196.71523,199.790923,204.562462,191.741692
184.538538,141.494308,122.219538,120.033385,118.647692,118.922846,120.344231,119.804538,120.453308,119.898461,119.381616,120.698769,120.152077,121.595616,122.111692,123.790616,121.668385,120.592231,122.162384,120.233308,120.584077,121.784384,120.863154,120.163077,118.005384,119.146692,121.262539,117.547615,120.533154,119.88877
211.341539,192.590693,153.216923,153.554846,153.318769,152.61077,152.108615,157.364308,154.845923,154.726308,153.857769,155.16677,154.853385,155.160154,150.775,179.015846,153.906769,155.571077,152.157846,156.176615,155.834692,154.387615,151.058769,154.664307,154.023385,154.081231,155.424231,153.970615,155.605,149.909538
269.76,231.609154,214.132077,213.181923,219.63323,210.439077,219.152,217.729923,213.000616,216.912462,214.004385,218.737846,219.373615,218.789692,209.736846,216.741846,215.849154,217.110693,209.973077,210.438077,219.023,211.965923,218.113077,216.395462,214.078385,215.963308,213.865,219.214769,211.479539,216.330924
261.239384,201.308462,184.080231,183.481692,187.076462,187.622231,188.999923,187.725615,182.506616,186.910307,184.414077,184.300154,184.269077,190.228385,184.601154,183.732692,184.634846,185.66477,184.022924,186.355693,185.538538,184.264615,182.261769,186.992231,184.615846,185.574539,188.989384,185.002923,185.246692,182.846616
234.505462,196.258539,170.911923,168.302308,170.932692,173.052615,169.703692,169.258847,165.590154,172.830538,168.976154,168.463154,171.009539,172.579077,167.385615,172.009384,169.756693,168.943385,168.326384,171.325385,167.695,172.809385,168.917,168.321769,170.314385,170.624693,165.704538,174.141461,168.363,166.900231
192.665538,149.808538,131.091692,133.504538,132.356,131.482847,130.568077,134.277462,134.264769,131.227615,136.802231,133.290924,131.345615,132.210692,134.64,132.055769,131.369308,132.087231,133.987077,134.950153,133.995384,132.006538,132.845692,134.082847,131.167077,134.583846,134.438693,131.992693,131.678231,131.088308
275.697769,237.305462,188.033308,189.271923,189.83323,185.274154,190.260307,188.735384,186.406308,188.022154,186.826077,199.343846,187.904231,185.373461,184.863616,192.878769,187.810231,191.420692,186.807923,184.036846,189.642307,187.369308,193.204539,190.017693,189.719154,186.844462,189.069077,187.155846,187.050231,187.684539
186.276846,165.436693,138.554538,137.193769,136.092615,138.342231,137.069693,136.987231,134.130077,133.095,138.188384,135.158539,136.978846,135.834615,137.553154,138.027769,134.368846,134.685231,135.088231,136.108538,133.005539,136.364308,134.144461,136.926846,135.747846,137.475384,136.013385,133.038616,136.132385,135.914077
287.392462,214.17723,197.121077,201.103077,202.260846,200.758154,201.569154,197.268923,198.980461,200.169154,197.793923,198.215923,201.491385,198.485846,203.226462,202.596154,200.078847,200.296692,199.903846,200.155385,200.152615,199.282307,200.586154,197.684462,198.086923,202.535615,201.141308,197.627846,202.885385,201.350077
183.533462,158.510846,136.087461,137.209769,135.65877,135.065924,136.205231,137.230923,135.800846,136.035923,138.358539,139.926384,139.822615,134.811539,135.524231,139.443769,134.689154,136.991154,137.487461,138.720923,135.887462,135.558616,167.246539,139.011,140.562385,141.008923,138.97,138.593615,135.006615,137.323308
263.629308,234.899231,205.533154,211.430077,208.137,207.984,206.072692,207.884693,208.960769,207.743923,209.620077,209.430231,208.776616,206.028769,206.468154,207.945461,209.810539,209.655154,210.171231,209.543693,206.644693,205.310308,206.049077,205.6,206.758231,208.385077,207.167923,205.643461,203.985384,204.653154
171.800692,140.359154,112.521846,110.887307,110.60823,110.823231,112.088693,110.642692,109.374923,109.674153,110.483924,109.92,111.778923,113.428846,109.679307,111.168923,109.922,111.326077,110.43077,112.228538,110.457692,111.707615,123.637,108.890769,109.736,111.15523,111.775077,110.258616,111.175,109.964462
203.619769,173.189154,146.522308,145.385693,144.153,147.466231,142.624462,146.057923,146.095154,150.358231,172.691231,141.463154,144.350616,145.375077,147.771308,143.882923,147.776615,141.812616,148.151385,145.025231,145.961615,148.532769,143.827077,145.515384,147.770538,145.753616,155.654538,144.741847,145.331077,146.779077
148.26,161.124308,133.127846,130.391769,129.843692,130.376231,139.012154,128.589231,131.288923,131.718154,130.734692,146.184538,126.780385,129.282692,133.948846,130.355154,138.588615,130.805,132.125154,135.598923,131.988769,135.430461,130.196462,134.045693,131.750693,131.839308,131.468077,134.886308,130.955923,133.672385
153.258154,176.499,137.895,141.541307,140.230846,139.547,139.527615,139.232462,137.756153,137.817769,138.198462,138.080538,139.825693,156.135461,142.041231,138.568462,139.175769,137.849692,140.149077,140.687077,139.689538,139.714,137.651616,140.361692,141.462539,139.982692,139.612,140.096462,138.002231,141.344539
202.405538,161.828769,133.706154,133.345846,134.270077,133.37477,132.320077,134.902846,134.889231,134.687077,133.309539,134.819385,131.938847,133.221462,138.381769,132.23923,135.282154,131.861231,135.237384,132.231077,133.972846,134.491231,133.612154,134.605538,132.262154,133.893307,135.037693,132.084846,131.958462,133.488
257.414154,201.685923,179.624,178.721384,176.425693,174.348384,179.298231,174.639077,175.615923,179.107539,179.891231,176.626077,172.82423,175.414538,174.999462,179.816539,177.543693,170.944308,172.438154,176.206846,176.880077,174.439385,180.835769,178.132616,175.09577,174.245308,181.257231,178.696385,180.648538,179.481308
197.943923,169.470461,150.230539,147.534462,147.972154,147.839693,149.593154,147.075307,148.571615,149.468,147.938385,146.260538,147.020462,148.016769,151.215307,148.371154,147.972308,148.848077,148.322847,148.191923,147.834154,147.493923,148.790846,148.970615,147.385,147.873385,145.135462,148.832846,148.075538,148.527077
142.129231,95.221846,97.291538,94.152692,95.370077,94.348846,98.529,96.571,93.251538,97.177462,94.996308,96.560615,97.404538,96.167231,95.379461,97.599769,94.147538,94.531846,94.787308,96.438615,113.989538,94.621846,95.863846,94.595615,94.351693,95.553077,97.508692,96.587077,95.892154,98.345769
272.468923,218.609769,199.156462,201.510461,199.862692,198.872692,199.930923,209.266616,200.827846,206.382,198.453384,199.808,198.890769,203.496385,196.997385,199.707616,199.781385,199.974462,200.102,199.357076,199.691154,198.796077,194.698847,198.716616,195.304461,199.907846,198.465077,199.909154,201.295615,199.349539
151.024923,149.906616,119.770308,120.729,117.867923,118.293307,119.443692,120.556077,119.567077,119.138154,119.75177,119.395923,120.050154,118.976308,118.401769,120.901693,119.589076,120.960923,120.734539,119.203923,120.077769,118.259923,120.959539,120.00777,119.875923,119.580539,119.670385,131.584692,118.286692,119.333
181.856923,170.590846,140.268077,138.246077,138.416231,137.516693,138.425846,149.994385,138.750307,137.582,137.775693,139.346846,156.423923,138.828616,139.736077,139.893692,138.837616,137.541923,136.053461,139.103462,138.414923,137.692153,139.754846,137.634154,139.459154,138.608769,139.145923,136.876461,137.244385,139.522539
221.807231,145.869846,144.282847,145.83123,142.922769,145.586846,144.608154,143.294923,143.685308,146.668307,141.853462,142.35623,141.428538,143.784077,145.696693,143.683692,143.386,143.834231,143.192692,144.325,144.450924,144.670616,144.774077,142.120692,144.826,144.078077,144.040923,143.815539,142.765154,144.653385
192.047461,178.347231,156.004462,157.370154,158.147231,158.343076,153.036539,160.890077,151.167384,157.150384,157.758384,154.030308,155.891308,154.380231,156.335308,158.219615,160.429154,156.974539,154.487616,157.628846,153.912077,156.063615,159.218538,154.819769,156.26177,157.93077,156.535538,156.522462,152.707308,154.506077
45.614154,33.097923,33.012461,31.674461,32.981924,31.129923,33.056769,31.704231,31.894769,30.001,29.609,30.609846,42.245153,39.080538,30.644154,32.971,30.506,32.663076,31.971769,32.319154,32.219692,32.75523,32.095693,33.342385,31.989692,32.441692,31.329462,32.382231,31.834615,32.056615
96.799077,86.688308,68.450538,62.182846,64.966692,62.610461,62.755923,63.113692,62.223462,63.473846,61.874615,61.416308,62.147076,64.162308,65.159846,65.276154,65.077231,62.444615,62.695384,64.434231,62.320384,61.814692,61.357616,63.297154,64.964538,64.590692,63.377615,63.835077,62.902154,63.220924
143.146846,126.187308,103.697846,101.173154,100.960846,101.340231,102.612461,100.998154,101.452615,99.820693,100.761231,102.510847,100.862692,103.020923,101.433692,101.593077,103.003231,104.784,103.847616,102.827154,101.943308,100.766615,99.674769,99.917384,101.402769,99.734539,103.434308,103.593385,101.081769,103.356846
229.232077,165.611616,154.799693,155.518615,154.003,155.895846,157.773616,156.534231,154.611154,154.458077,153.079539,154.673154,148.365077,158.990077,150.016846,151.029462,158.694539,157.102616,149.767923,155.357615,154.985307,158.992154,162.12477,157.869539,161.723539,158.499154,160.476692,148.160538,155.49077,152.242462
221.382538,194.332,150.603154,193.175538,137.949539,145.355231,140.325231,143.751846,139.214923,142.16177,135.734923,135.934923,143.191923,138.933462,139.633615,140.004077,138.801615,139.361,137.845846,137.676,139.429077,137.339616,155.040077,213.359231,170.051308,193.130846,168.609154,137.157077,152.343308,185.198615
237.002231,180.431153,147.23377,145.435,146.471769,152.145154,147.753693,146.241615,148.756385,147.642308,154.201769,147.005461,154.602384,145.491538,147.698308,146.756385,145.236616,146.206077,147.314077,150.025154,148.465692,146.522693,144.531923,147.055461,147.598461,143.256846,184.054693,165.751769,176.874462,208.762692
210.915462,187.821846,157.855462,222.241692,229.401616,174.973307,164.573539,164.243846,185.483,213.182077,180.220846,232.819077,181.084461,175.792461,214.277769,192.366077,191.623923,163.392077,162.844384,189.43123,178.113153,160.851,160.43,164.348231,161.787616,162.317692,165.055847,162.273077,159.439231,163.275538
220.090077,170.547923,148.400077,149.905462,150.288154,150.187154,149.238846,149.887231,149.549461,150.009385,149.162693,150.290154,150.548846,152.381154,150.496616,151.515077,152.892923,150.869307,149.910384,149.514615,150.433846,183.333077,158.98577,156.936385,158.657693,152.960461,156.432154,165.648462,154.153615,155.244461
323.395384,273.893462,236.664,233.283,265.853769,232.817692,235.922,235.895,236.545077,237.912308,233.359,237.795308,232.083385,239.552153,237.245462,234.232616,236.039539,233.572,302.679153,290.319308,279.917384,236.023462,240.181461,241.839615,235.453231,265.871769,267.907616,235.023,242.132924,237.426923
96.710461,96.239846,60.60777,59.829385,59.621153,60.452538,58.910539,59.055154,58.776231,59.540461,59.370769,60.078231,58.753923,60.398077,59.124923,59.906462,59.634307,59.246615,58.773385,59.727846,58.354307,58.854923,58.059923,58.773308,59.282462,58.777077,58.391462,59.340385,59.096923,59.367539
131.62077,126.472231,106.958615,105.941384,106.895846,107.167077,105.884384,106.819385,106.114769,104.773154,104.831461,104.660923,108.595231,105.644923,106.105,107.431692,104.637231,105.745231,106.296616,107.698539,105.707615,108.164923,106.480077,104.457538,105.738154,108.447616,106.005308,104.893,123.166692,107.878539
180.99223,162.258539,141.707384,140.005231,136.872385,140.018693,141.722,138.493692,140.829231,144.97823,145.037769,142.498462,142.339539,141.802692,142.747538,143.338462,142.182462,143.430462,144.546692,139.806385,142.454539,139.712231,142.029538,140.142539,140.47,137.500692,139.531,141.10523,140.586615,137.927615
287.710077,216.306,211.776538,216.241077,212.803462,217.74223,218.865,214.092077,216.910384,217.833077,209.491154,214.069538,219.631231,219.929307,217.877538,221.001154,218.968538,220.903462,210.264,215.426923,213.147846,221.495769,218.844154,220.269,217.743769,218.335462,212.424077,216.949384,219.688846,213.707846
237.384384,190.531,190.606,191.281692,188.592615,191.742923,194.906539,190.247616,194.630539,187.52323,191.338769,189.068923,186.745692,192.12877,190.105077,189.566461,187.101,191.581539,188.173307,191.190923,192.211154,187.565923,189.620693,189.703923,193.566077,186.978538,190.510693,188.499923,188.032077,189.438693
136.437846,127.216539,103.380385,100.389154,102.683308,112.329077,106.908384,106.549385,105.956308,104.646308,100.053923,109.572616,105.783615,102.861384,100.523846,109.62477,106.224308,103.452539,99.066616,99.820076,103.028769,104.570693,107.608539,104.889384,99.797154,105.677461,108.704077,104.647154,102.737615,103.515615
147.472231,152.147231,113.568077,115.801,115.272,116.864769,119.857077,119.741769,114.64,115.114923,117.355154,114.271692,114.777692,115.510615,115.256,115.037077,114.204,115.011692,116.215693,120.164385,119.090077,119.211153,114.815,114.520539,114.443385,115.687154,118.184077,113.329462,117.787692,118.302231
84.920307,94.251693,65.570539,63.042154,62.857693,64.480846,60.419923,62.285539,66.664538,61.628693,62.678846,63.381615,63.005539,61.695,65.098846,62.529461,63.898077,64.282385,63.166923,66.345077,61.294923,63.127539,62.489077,65.76077,66.626461,62.342154,62.310769,63.15977,65.019769,61.271308
71.68423,48.370769,48.387385,31.963615,33.645615,33.146076,32.379692,34.189923,33.983,34.305615,35.233154,33.576077,32.198384,33.634231,35.092154,33.646077,31.232307,33.554846,33.907615,32.528846,34.365077,33.877077,34.456847,35.036462,34.11577,32.592,33.213538,34.764154,33.327231,32.3
407.93477,368.031077,323.739769,334.751769,334.955539,329.295538,329.751769,327.138308,331.810077,328.979616,329.660154,324.902,325.267231,329.001923,327.935693,332.781231,328.301077,358.519539,335.124846,327.256461,335.100462,324.514385,328.292769,327.745077,332.954923,327.092154,327.895615,332.059769,331.189231,323.787693
654.709077,569.889924,546.253385,549.542462,550.304384,549.806462,547.305923,552.189923,552.239692,552.987539,544.263692,550.558693,548.987923,549.347923,547.586769,553.902461,548.673769,544.000231,548.208384,545.677692,549.72023,545.250846,548.775077,545.278769,546.449384,547.784231,543.608846,552.459231,543.384539,545.994692
789.024462,719.339846,719.868077,726.65423,718.055,719.792924,722.154385,718.551692,718.37423,718.785461,723.602846,716.512384,722.110461,715.473923,716.404692,722.100307,719.838231,717.889847,719.851769,720.181154,716.485384,716.956154,720.193846,717.299,721.370307,715.687461,724.119,720.394539,719.81777,724.144385
1382.900077,1274.499539,1253.455154,1259.839692,1265.510923,1258.447461,1252.534462,1262.849846,1255.013154,1284.195231,1275.722231,1251.426154,1304.035154,1248.664846,1248.127846,1247.857846,1254.282077,1265.435923,1253.291923,1259.470461,1255.814769,1270.835308,1255.337615,1269.043001,1249.561231,1246.007231,1251.217308,1250.726231,1254.420461,1262.108846
