34.235038,29.68427,28.571385,29.139153,30.663961,29.073731,28.437769,28.485269,26.875885,27.207539,27.395577,27.416115,26.938962,30.044423,27.999346,28.109461,25.418076,25.608077,26.580807,30.173884,25.839461,27.413462,25.975423,25.811576,25.672923,25.571885,26.124769,25.673269,25.621116,26.0545
23.783654,19.173385,18.403846,18.165961,18.243538,18.228308,18.333731,18.237346,18.593462,18.323539,18.290616,18.287231,18.265153,18.380116,18.250962,18.389962,18.677807,18.416692,18.240269,18.211154,18.583153,18.321346,18.323693,18.650846,18.356577,18.401769,18.5875,18.334731,18.337961,18.2095
33.855461,31.059077,31.075231,30.801077,31.216038,31.132346,30.889846,31.061538,31.715577,31.502961,30.8525,31.036769,31.216,30.929039,31.309654,31.071999,31.723346,30.847962,31.017654,30.968307,30.996461,31.147885,30.841538,31.193731,31.495192,31.076885,31.273423,31.382385,30.870884,31.108192
30.474731,27.417307,27.638269,27.440154,27.476116,27.679193,27.480808,27.434039,27.230115,27.722192,27.365884,27.802808,27.381769,27.345962,27.715885,27.104269,26.912385,26.663115,27.075154,27.284962,27.639538,27.12377,27.319,27.437654,27.2955,27.276692,27.598192,27.415577,27.447,27.113653
26.036269,21.517846,21.251192,21.213423,21.437769,21.227462,21.231769,21.265692,21.184193,21.2125,21.310962,21.341385,21.196808,21.095924,21.0695,21.179693,21.041962,21.045615,21.138077,21.124231,21.350885,21.45477,21.217461,21.341846,21.203154,21.294385,21.311153,21.307116,21.217269,21.101654
23.256269,18.390231,18.282193,17.910962,17.953731,18.116807,17.917,18.104346,17.984923,18.048,18.062038,18.03,18.100538,18.133038,18.047077,18.151923,18.005231,18.076577,18.027769,18.042692,18.026116,17.962154,18.032884,18.034885,18.026153,18.098923,18.100038,18.055615,18.113423,18.012846
29.948961,28.837,28.260961,28.332884,27.734846,27.9935,27.966115,28.108231,28.223847,28.302577,28.086961,27.96,28.190692,28.559538,27.945885,27.998923,28.064308,28.1695,28.263846,28.041077,27.968462,27.935153,28.3665,28.115269,28.187962,28.019653,28.277269,28.198461,28.449462,27.951846
32.229653,27.458846,26.831269,27.393461,27.604616,27.418576,27.497192,27.500154,27.484846,27.829653,27.705923,27.678539,27.679116,27.615192,27.303,27.700423,27.895615,27.527692,27.402654,27.568961,27.668192,27.450384,27.314616,27.413038,26.8285,27.460654,27.367538,27.633731,27.814038,27.555577
19.430654,19.028384,19.017808,19.014039,19.050653,19.085153,19.114615,19.100346,19.162423,18.995885,19.011154,19.06773,19.093692,19.011154,19.080115,19.083269,19.178231,19.046192,19.024,19.162962,19.082385,19.176807,19.065538,19.127346,18.980769,19.039192,19.138538,19.14223,19.096923,19.174307
22.902769,20.173308,20.008461,19.59073,19.535654,19.585192,19.587923,19.616885,19.717038,19.682693,19.613424,19.7655,19.821308,19.638653,19.587846,19.98127,19.862038,19.782615,19.749462,19.739462,19.810538,19.752154,19.712269,19.625807,19.799154,19.763308,19.8245,19.689962,19.733192,19.723193
32.190346,31.765346,31.884039,32.115038,31.795654,32.131923,31.701231,32.020231,32.069885,32.070924,32.013,31.753923,32.277961,31.788347,31.770653,31.9115,31.717231,32.144462,31.767462,31.748154,31.739692,31.744308,31.832384,31.724423,31.290269,31.890269,31.889731,31.499346,31.995307,31.728423
32.761731,29.2965,28.180846,28.534731,28.638192,28.123462,28.549923,28.201923,28.247308,28.04573,28.224038,28.335116,28.148384,28.098423,28.504308,27.978692,28.208692,28.623577,28.084385,28.055577,28.49,28.588116,28.605384,28.626615,28.026538,28.567808,28.647808,28.287076,28.227538,28.004384
31.743077,27.539115,27.235385,27.248846,27.295115,27.14023,27.141077,27.295538,27.125423,27.380307,27.327616,27.136,27.314346,27.346654,27.355692,27.210269,27.259692,27.329577,27.317038,27.082308,27.367423,27.251269,27.110039,27.131307,27.160923,27.120654,27.179884,27.314154,27.205192,27.392961
32.661615,29.666731,28.378269,28.559615,28.709307,29.125077,28.763423,28.952038,28.805846,28.73227,28.542385,28.464923,28.565539,28.204616,28.848269,28.750961,28.522539,28.341308,29.163,28.572693,28.562307,28.901847,28.484385,28.636423,28.54373,28.791961,28.968308,28.006731,28.349269,28.404385
25.38623,25.090808,25.00773,24.600192,24.992153,24.530577,25.024615,25.051693,24.662039,24.61677,25.182077,25.004385,25.0595,25.099346,24.848616,25.169807,25.092153,24.831154,25.140846,25.26927,24.8875,25.159885,25.030308,24.759231,25.069,24.4815,24.966307,24.827462,25.091615,24.969193
34.461923,31.891423,30.978577,30.110615,30.711038,30.83823,30.914039,31.022384,30.765192,30.929961,30.994962,31.110116,31.086153,31.1095,30.606346,31.184885,30.992346,30.927616,30.201731,30.61723,31.133192,30.900923,30.947616,31.028269,30.984461,30.9055,31.110193,31.238,31.156193,30.977
38.638384,34.562115,34.612039,34.24523,34.364269,34.408884,34.459346,33.822807,33.895885,34.253038,34.529308,34.536307,34.287423,33.905153,34.639308,34.238846,34.349577,33.965423,34.008808,33.992231,34.819807,34.387077,34.551577,34.346731,34.145808,34.578962,34.679231,34.750077,34.468346,34.143693
29.354693,26.194077,25.707653,25.547808,25.68577,25.128192,24.95823,25.241038,25.467076,25.510423,25.433885,25.228,24.760692,25.240576,25.331385,25.696885,25.630308,25.664692,25.413616,25.218308,25.757616,25.388385,25.697846,25.333423,25.040654,25.451962,25.610154,25.517885,25.331269,25.126385
34.194269,29.308923,29.093923,28.342807,28.907385,29.056077,28.276308,28.558923,29.773154,28.525846,29.094308,28.213462,28.412538,28.835308,29.523385,28.360884,28.496846,29.056154,28.976,28.822231,28.839538,28.642769,28.894192,28.658577,29.68423,29.572346,28.868154,28.636962,29.442462,29.339154
31.963115,28.236307,27.566385,27.553731,27.917423,27.475038,27.369923,27.588846,27.658769,27.640539,27.492846,27.692077,27.6265,27.472193,27.70173,27.551346,27.8005,27.853769,27.688808,27.672077,27.704961,27.418346,27.626884,27.651077,27.72223,27.561846,27.958539,27.752384,27.696231,27.828077
23.857654,23.455154,23.324347,23.421039,23.263769,23.315153,23.295769,23.360576,23.381884,23.303231,23.409846,23.283769,23.314923,23.368308,23.389615,23.367769,23.345731,23.346346,23.334846,23.274,23.382923,23.581423,23.421615,23.345231,23.365616,23.3515,23.374731,23.394615,23.388307,23.326384
36.429692,34.314653,33.420846,33.283616,33.499577,33.424346,33.608385,33.743384,33.643193,33.374461,33.817577,33.549693,33.615808,33.365692,33.505961,33.211692,33.479576,33.541385,33.714731,33.289193,33.549,33.300885,33.491308,33.873923,33.782961,33.246731,33.524654,33.398538,33.427308,34.196308
34.232846,30.357115,29.955461,29.409384,30.115693,29.402346,29.910039,29.931692,29.926808,30.069808,30.120885,30.030846,29.807346,29.993769,29.878654,29.839462,29.849308,29.687999,29.830077,29.560615,29.332615,29.918307,29.904346,30.036885,29.174115,29.329,30.123077,29.982654,29.900385,29.810731
31.040269,27.616307,26.876654,26.293462,26.576462,26.953461,26.970192,26.941654,27.084885,26.660846,27.107692,26.874077,26.995,26.897231,26.602423,26.892192,26.423731,26.675846,26.893115,26.829076,26.918076,26.271347,26.880654,26.989846,27.044808,26.972039,26.96623,26.707654,27.016115,26.383769
21.290231,21.001654,20.997346,20.913769,21.053116,20.973615,20.961,21.080654,20.975307,20.972769,21.039731,21.095192,20.995231,20.877538,20.946462,20.867654,20.854769,20.966538,20.823307,20.850885,21.038346,20.942384,20.937846,21.060039,21.015,21.032077,20.907077,20.947731,20.927846,20.884039
29.979538,29.260269,28.205423,28.376039,28.213577,28.013307,27.600577,28.067461,28.196692,28.322923,28.118346,28.254577,28.272077,28.332346,28.235039,27.828961,28.256962,28.494846,28.421769,28.218231,28.274269,28.203846,27.830846,27.832653,27.812577,27.810884,27.969769,27.853693,28.319385,28.382346
34.384115,30.035615,29.650423,29.76973,29.634885,29.773231,29.708038,29.723807,29.961346,29.545923,29.811462,29.705115,29.906808,29.874731,29.824962,29.894884,29.676807,30.182308,29.790539,29.915731,29.89777,29.661231,29.742385,30.112885,29.869885,29.869346,29.864193,29.544846,29.883154,30.014885
32.128962,29.248308,28.831039,28.683692,28.643384,28.173192,27.953615,28.256269,28.677577,28.283461,28.053846,28.8385,28.691577,28.784961,28.017077,28.672231,28.677884,28.302962,28.221923,27.866769,28.54377,28.413077,28.477039,28.560616,28.845346,28.780423,28.644115,28.196769,28.029923,28.279923
18.966538,18.63623,18.542885,18.827885,18.615077,18.342308,18.404654,18.545269,18.396538,18.531384,18.628115,18.551693,18.577923,18.756461,18.716077,18.592154,18.521154,18.561423,18.597385,18.530269,18.45527,18.683308,18.454153,18.512461,18.683077,18.570384,18.584154,18.5465,18.517346,18.597616
34.551038,32.3795,31.4875,31.437846,31.25577,31.250961,31.658038,31.819807,31.5805,31.272808,31.527731,31.246423,31.675346,31.292308,30.910154,31.226,31.548923,31.761807,31.467077,30.765346,31.130039,31.676269,31.171807,31.217653,31.449115,31.370347,30.536385,31.165461,31.010116,31.335116
22.764962,22.076269,21.756885,21.6945,21.7485,21.808616,21.621116,21.696077,21.652769,21.781539,21.8415,21.856,21.960654,21.657693,21.739192,21.756577,21.744846,21.696884,21.765231,21.691924,21.756577,21.774962,21.724923,21.736077,21.572384,21.618577,21.707192,21.671731,21.728192,21.648808
24.488538,20.731423,21.007192,20.573615,20.359731,20.356846,20.461039,20.513039,20.313961,20.347346,20.535961,20.358462,20.474115,20.452692,20.560346,20.323616,20.286654,20.362577,20.324808,20.334346,20.446423,20.365462,20.430885,20.416577,20.462423,20.398576,20.376769,20.335269,20.333269,20.376462
32.421115,27.902615,27.782962,27.528115,27.275115,27.543461,27.817385,27.251039,27.833693,27.359654,27.474769,27.406384,27.995616,27.243885,27.584307,26.784884,27.319923,27.802115,27.349461,26.766846,27.656423,26.725538,27.81227,26.828923,27.578,27.533847,27.184461,27.24477,27.684384,27.832269
125.309231,116.738807,116.669884,115.951308,116.642154,116.512461,116.6505,115.715615,116.855269,115.776116,116.334346,116.487116,114.567615,116.233077,115.221461,116.247077,115.972269,116.104308,116.099346,115.964077,115.294154,114.937,116.542846,116.721577,114.693461,114.590192,116.414038,116.372884,116.220923,115.897769
131.714269,131.445692,130.921307,131.134654,130.624923,131.231307,130.658269,130.083076,130.461423,131.306385,131.102923,131.2615,131.453884,131.31923,131.280423,129.977731,130.474846,130.808039,130.750654,131.433346,129.610231,130.236462,130.985269,130.752654,130.905115,130.818347,130.825038,130.905039,131.44823,131.076077
101.693,96.007038,95.750808,95.627577,95.667654,95.367,94.704769,95.447038,95.074538,94.963539,94.606461,95.068654,95.443269,95.515154,95.485538,95.210115,95.360077,95.299731,95.493154,95.599923,95.305347,95.531539,95.474846,95.723616,95.739385,94.582576,95.204769,95.393154,95.892269,95.664577
131.674231,131.595654,131.264576,131.733,132.370731,131.50073,131.884846,131.993962,132.121461,131.684385,130.695846,131.756193,131.832423,131.039423,131.403577,131.892462,131.641346,131.744847,131.551077,132.148885,131.442038,131.6105,131.430346,131.932038,131.247692,131.437692,132.2175,132.003462,130.76723,131.251846
77.482923,74.623269,74.2065,74.369577,74.579731,74.540769,74.636577,74.765308,74.774308,74.706884,74.662193,74.643077,74.475115,74.579577,74.684962,74.882076,74.778539,74.536962,74.470192,74.601346,74.672808,74.609616,74.930961,74.648231,74.728962,74.660961,74.72573,74.845962,74.279423,74.262346
122.154076,121.365654,121.807,122.121423,121.752538,121.29573,121.603692,121.305884,120.918884,121.088961,121.702654,121.197808,121.347423,121.320038,121.82573,121.283384,121.770923,121.289654,120.74973,121.371846,121.740538,121.682653,121.355269,121.530577,121.400577,121.414154,121.102462,121.180231,120.863269,121.560538
118.909,112.819885,112.548462,113.08,113.3465,112.428307,112.591077,113.180808,112.978385,112.553192,112.854576,113.837731,112.924808,112.8175,112.448692,113.371384,112.975577,112.712153,112.791192,113.096692,113.756462,113.592192,113.282038,112.735654,113.12627,112.888231,112.887462,112.754962,112.742885,113.478654
97.371347,96.125808,97.130115,96.445154,96.8875,96.703692,95.917807,95.993308,96.356231,96.984731,95.750384,96.85573,97.247923,102.759346,106.939769,110.239731,96.789461,96.650808,96.446076,97.313231,95.985884,96.434039,96.786461,96.684961,96.414269,95.884384,95.835193,95.461461,96.864115,96.645538
140.196385,133.324961,132.715461,132.382538,132.909385,132.19323,133.851461,132.444577,132.278423,133.054384,133.168577,133.499269,133.189423,132.242615,131.645962,134.34773,132.844115,133.592846,133.844885,133.967154,132.929692,133.159923,132.559193,131.967269,132.480885,135.360846,132.830616,134.016577,133.245577,133.268077
128.562653,120.134808,119.781962,120.157423,120.624769,120.773769,119.584193,120.879269,119.912538,120.212692,119.577308,119.715576,121.008885,120.014,120.949384,120.676923,120.545346,119.644346,120.182038,120.694961,119.769692,120.459269,120.196923,120.385192,119.788653,120.671346,120.315423,119.319116,120.252077,120.708039
138.636462,131.801038,130.195807,131.141885,131.715654,130.768307,131.815192,130.878577,131.0825,131.151884,130.712038,131.812115,129.809615,131.209961,130.677961,131.243115,131.736884,130.937038,131.206654,130.858808,131.585539,131.100499,131.479577,131.6085,131.008423,132.134577,131.209269,131.35023,131.647269,130.140885
105.377923,103.543154,103.617692,103.5975,103.719923,103.587539,103.157692,103.410385,103.423384,103.562,103.519807,103.58373,103.797923,103.427423,103.671115,103.501769,103.564038,103.513692,103.753038,103.543846,103.371423,103.619154,103.651,103.454154,103.558731,103.422846,103.525808,103.582769,103.568731,103.613461
67.695154,63.485769,63.718115,64.086846,63.849077,63.838461,63.601615,63.835923,63.762653,63.4345,63.577423,63.746539,63.744692,63.76777,63.535192,63.523807,63.270654,63.319577,63.472923,63.921923,63.611962,63.824846,63.673269,63.95,63.729269,63.769308,63.753846,63.804385,63.678346,63.779923
102.601461,101.853308,102.144077,101.952346,102.353346,101.874615,101.981615,102.135269,101.974884,104.13073,108.230077,108.103231,108.788808,108.507961,108.028808,108.236385,108.307346,108.29577,108.485576,108.374385,108.420769,108.386615,108.376115,108.516076,108.254038,108.417115,108.462076,108.375769,108.391269,108.373384
136.718653,128.876192,127.875692,128.390269,128.276423,128.284192,127.737577,128.754462,128.419615,129.01777,127.711039,128.607615,127.543807,128.025269,128.911693,128.2985,127.873038,128.160077,128.392577,128.506846,128.246077,128.306346,128.589384,128.505192,128.299077,128.944923,128.169923,128.654269,127.774808,127.288423
93.626231,93.434731,93.291653,93.213077,93.174539,93.041577,92.938077,92.945346,93.306962,93.022731,93.287923,93.485192,93.188,93.063923,93.430885,93.410308,93.181,93.184461,93.046884,93.189384,93.089885,93.184846,93.008462,93.312884,93.207192,93.18923,93.324576,92.944923,94.091,96.838769
113.042923,115.748654,98.4575,113.525577,102.6125,110.166615,99.815615,99.953307,116.58327,105.612461,110.158538,99.479077,109.006039,106.271,103.273116,94.522423,100.432308,94.901654,95.062039,95.172846,94.937385,95.092693,95.249961,95.136692,95.2925,95.066424,94.994807,95.218654,94.926269,95.067461
102.608769,102.2915,102.196654,101.542461,101.946961,102.486,101.9385,101.801423,101.885077,102.017654,102.221539,102.177769,102.350808,102.189193,101.946076,101.90677,102.299116,102.664807,102.063307,102.579192,102.224077,102.474692,102.317,102.535,102.599731,102.35773,102.741999,102.248962,102.133654,102.212654
145.211576,137.182385,137.693308,137.378346,135.562961,136.249884,136.221077,136.597038,136.400462,137.929999,136.210077,137.2315,137.314615,137.141461,137.38,137.498115,136.888654,137.21123,137.135,136.158423,135.863231,136.597731,136.40723,137.207923,137.657615,136.183577,136.747115,137.221885,136.469231,135.950577
114.540231,109.755,110.145885,109.738307,109.3535,109.831308,109.608615,109.057461,118.382884,120.043692,119.53127,119.664038,119.3135,119.625961,118.528961,119.805462,119.727731,119.817539,119.186154,121.260769,119.434385,119.363884,119.084077,118.859539,119.039385,118.918269,119.200269,118.969616,119.073731,119.163846
105.061269,100.712039,100.559115,100.555,100.665615,100.741576,100.589616,100.561308,100.366423,100.569731,100.517923,100.473731,100.480846,100.286577,100.542923,100.735615,100.657692,100.668961,100.458461,100.56,100.327885,100.58473,100.411539,100.287884,100.478423,100.724846,100.501077,100.568346,100.403692,100.547
147.789653,147.612,147.017154,146.729154,146.84,147.110154,147.102308,147.504961,146.970731,147.355154,146.389692,147.213577,146.920577,148.132153,147.331346,147.295153,145.286731,147.601231,147.2245,146.851308,147.52073,146.09623,147.738999,146.742154,147.883384,148.267115,146.660692,146.404269,146.385615,145.34373
173.320269,167.003154,165.879808,165.651115,166.192193,166.21923,165.5535,166.055885,166.360076,166.600423,166.504115,166.343077,166.067653,166.084231,166.609884,165.734308,166.083423,165.540115,165.832077,165.810077,165.570307,165.042077,166.033808,164.718884,165.772885,165.822962,166.079923,165.946192,166.199154,165.820154
84.049577,83.195193,83.366307,83.437461,83.224653,83.313115,83.336384,83.403884,83.2805,83.432962,83.282885,83.475769,83.655038,83.173038,83.052308,83.443192,83.235039,83.489538,83.325731,83.410962,83.306615,83.379961,83.097654,83.09823,83.183923,83.3515,83.099039,83.585384,83.327461,83.306692
96.270885,84.336769,84.438269,84.311116,83.948654,84.299384,83.765,84.185154,84.154808,84.405885,84.361462,84.349154,84.339961,84.069039,84.279115,84.267884,84.173462,84.465039,84.1325,84.297154,84.167885,84.252653,84.128346,84.332807,84.286731,84.3,84.335961,84.333077,87.396116,93.590538
153.696807,153.451654,152.1905,151.320808,151.63673,152.797769,153.184269,150.694539,152.614923,151.858154,153.369769,152.238461,151.849461,152.984538,152.888499,151.713077,152.162193,151.899423,152.444846,151.913154,151.938154,152.941961,150.917307,152.446039,152.653846,151.719615,152.051846,151.95823,151.8935,152.325269
167.151154,157.825615,157.598,157.487923,156.845307,155.844193,156.005962,156.973884,157.215538,156.247154,156.360654,156.769077,157.204654,156.648346,158.047461,157.232808,157.251154,157.902807,157.109962,156.507077,156.659231,157.315115,157.876538,157.133538,157.622269,157.942616,157.533731,157.738846,157.117,156.289
162.602693,160.652808,159.498077,157.781885,159.886038,160.068654,159.015039,159.589885,159.593307,160.265307,159.604692,160.650116,159.777231,160.034576,160.109269,159.589846,159.738076,158.778153,158.974846,159.961077,160.019385,158.463461,159.548346,160.176385,160.082038,159.636038,160.859808,159.130346,159.664692,160.022962
86.714385,81.414615,81.475962,81.490615,81.621462,81.658616,81.71323,81.665461,81.58923,81.682539,81.569923,81.792653,81.222039,81.586962,81.575192,81.377461,81.528384,81.473269,81.68323,81.574461,81.739538,81.7525,81.457808,81.644462,81.884346,81.355193,81.493654,81.543616,81.546384,81.552116
173.889192,171.976615,171.552269,171.725076,170.319461,171.429154,172.201423,172.4575,172.568962,171.081615,172.791769,172.037462,172.496423,172.251884,172.537308,172.397807,172.139654,171.253538,171.9115,181.650499,182.214153,181.263846,181.68,180.050999,181.265923,181.203538,180.589808,180.791423,182.689116,181.922846
147.4135,141.570269,140.782731,140.852615,141.258423,140.979846,141.380269,140.555539,141.992539,141.213923,141.155385,141.340654,141.178269,141.37173,141.204576,140.509039,140.688269,140.492231,140.442423,140.547731,141.516384,140.675385,141.096,141.269846,141.930846,141.363423,141.531846,140.171731,140.344346,141.976577
141.675307,141.519462,140.972269,141.069731,141.524076,141.560615,141.385384,141.140615,141.271077,141.175731,141.074308,141.12923,140.652577,140.570269,141.369693,141.152423,140.846423,141.110192,140.932461,140.565885,140.684077,141.657384,141.089538,140.945384,140.183769,140.869692,140.539654,141.694154,141.499884,141.016115
149.202231,134.440884,132.199154,133.912193,133.076846,134.096423,134.36323,134.393384,134.775692,134.180692,133.75323,133.362653,134.805808,133.212385,133.257423,133.817693,133.485962,133.108615,133.667462,133.873961,133.267269,133.007999,133.67323,133.441731,134.372692,134.906192,133.014153,133.614923,133.450538,134.338923
139.591731,139.426192,139.971577,139.670923,139.999576,140.024346,139.369193,137.876038,139.153116,138.695231,139.799,138.85373,140.211308,139.401769,138.401731,138.776346,138.739615,139.532384,139.900577,138.940385,140.504577,139.269577,138.906115,138.048231,139.564807,138.405307,138.835693,139.016539,139.070923,139.299846
169.214422,157.329577,157.598615,157.351962,157.961038,156.259192,156.733923,156.268923,157.466654,157.173731,157.084539,157.391884,155.694116,155.842769,157.004116,157.8625,156.840115,156.7675,157.069269,157.239307,157.0975,157.474846,157.061192,155.973077,155.709962,156.949885,156.700577,157.377423,156.302769,156.846116
169.32023,168.028269,168.198731,168.458731,168.294423,168.593577,168.306038,168.459308,167.738116,167.944923,167.824384,167.853692,167.444038,167.572616,167.660808,167.689423,168.747,167.335038,167.928653,167.852577,167.564538,167.518154,166.866308,168.582461,168.474538,167.825346,167.197807,167.983807,168.177577,167.866577
174.530115,162.230577,161.808,162.13527,161.655961,161.873961,161.377576,161.836538,161.669346,161.680769,161.975038,161.892846,162.013769,161.818923,162.213808,161.439923,162.777308,162.471615,162.5295,161.765692,161.980116,162.008692,162.458346,161.6685,161.954423,162.236346,162.116846,161.706038,162.534615,161.056999
141.716423,140.38,140.145885,140.145923,140.280461,140.180423,140.283077,140.584923,140.363539,139.942423,139.734153,139.950615,139.965961,139.4545,140.191153,141.141961,140.102384,139.839693,140.518385,140.224576,139.544692,140.393576,139.100385,139.001885,139.583577,139.234539,140.569423,140.348154,140.31373,140.090538
181.776192,172.616346,173.031846,172.356961,173.166346,172.369654,172.460615,172.793116,173.642039,173.193192,173.398192,171.86373,173.182615,172.763384,171.935269,172.819115,172.311961,173.278192,172.727038,172.659385,173.275308,172.700654,172.810115,172.999077,172.890192,172.895808,173.294923,172.9205,172.505615,172.803384
138.427115,135.380846,135.300308,135.316615,134.675193,135.355153,135.557999,135.328693,135.325577,135.167423,135.504231,135.645231,135.088923,135.262731,135.218577,135.778077,135.276769,135.482115,134.836308,135.065,134.334961,135.245808,135.356269,135.611538,134.963307,135.199884,135.025461,135.756615,135.549462,134.983615
197.708692,181.088692,181.529192,179.883461,180.389269,181.959922,181.215269,181.062847,180.187115,182.191269,182.4725,182.9925,180.538,182.142884,181.348461,181.079846,180.086115,181.183192,180.740192,180.934,179.479423,181.112461,180.765269,181.159884,180.871808,180.867346,181.092884,181.011154,181.211961,180.580308
174.288346,170.922654,170.736769,170.746808,171.218692,170.8665,170.690577,170.987192,170.202577,170.103192,170.779038,170.237461,171.25723,170.881307,171.127615,169.294923,171.749846,171.091962,175.814807,170.771038,170.543846,170.56,170.656077,170.698731,170.697308,170.617808,171.278461,171.090231,170.735576,171.095
188.990269,175.531885,175.613846,175.305962,175.697615,176.219577,175.417615,174.756692,174.275231,175.264154,175.57373,175.986308,175.310192,175.827461,175.48473,176.211153,175.689076,175.70077,175.841577,175.855307,174.927077,176.019962,175.184961,175.998385,175.709462,175.285462,175.345077,175.68923,175.858308,175.146538
111.143654,110.426847,110.858462,110.607654,110.909693,110.492269,110.5085,110.189769,110.368885,110.778,110.880116,110.811462,111.146692,110.679115,110.875231,110.374384,111.026385,110.567423,110.844308,110.559769,110.013539,110.548961,109.935692,110.346462,110.427462,110.959538,110.921538,110.489923,118.992269,110.219154
162.902538,148.689269,147.281653,146.232307,147.739423,148.218538,147.553231,146.803461,148.239769,147.963192,148.876038,147.681769,148.184462,148.742423,147.451154,146.980654,147.774807,147.833269,146.95223,146.350692,148.204153,147.170384,147.111885,148.124846,147.565116,147.131307,146.63523,146.767615,147.828307,148.052346
198.978423,197.212538,196.891884,197.622,197.256423,196.923192,197.065807,197.087193,197.631539,196.44,197.252808,197.868269,196.774692,197.491885,197.797807,197.059269,196.567846,197.515577,196.406269,197.770923,197.096769,197.767577,197.151269,196.6655,197.036269,196.042769,196.213885,198.466807,197.412769,196.7435
184.329154,172.715,172.620884,172.338116,172.777539,172.499961,172.52273,172.977847,172.947,172.482539,172.627385,172.259846,172.344154,172.445,172.053039,172.485,172.557923,172.318577,171.869346,172.422846,172.318269,171.635615,172.612731,173.148577,172.869499,172.848346,172.718038,172.384885,172.334115,172.204346
151.868616,152.6825,151.542654,152.073807,152.067923,151.26027,152.003884,151.455961,151.972192,151.789923,151.651961,151.532654,151.049192,151.904769,151.471039,151.883539,152.062884,151.232538,151.593077,151.885577,151.315693,151.711115,151.718962,151.506346,150.904884,151.703384,151.004615,150.841462,151.857039,151.486231
123.333731,121.95673,122.214731,122.180538,122.539846,122.000038,122.615385,122.234654,122.268077,122.008,122.40177,122.329885,122.431962,122.149308,122.808423,122.065731,122.355308,121.918154,121.892077,122.047461,122.174346,122.362308,122.280616,122.422039,122.242347,121.7805,122.014693,122.264692,121.971885,122.409539
184.935116,175.328193,175.245077,175.605423,175.1925,175.318692,175.775385,174.902692,175.079538,175.316115,175.708923,176.030461,175.324346,175.257269,175.192154,175.3905,175.517538,175.452461,174.979192,175.538577,175.401076,175.295231,174.788269,175.471461,176.0275,175.953154,174.464077,175.4275,175.777,175.287538
135.821846,128.569154,128.525462,128.573692,128.282923,128.648384,127.689,129.036269,129.029307,128.975653,128.480308,129.167885,128.283192,128.637807,128.485884,128.817,128.663538,128.795962,128.075769,129.219653,128.255385,128.603885,128.409154,128.867808,128.144616,128.106192,128.239769,129.067192,128.201616,128.922884
199.851962,191.000231,190.918731,191.472154,190.683423,190.974423,191.209423,190.642962,190.875693,190.769192,190.912653,190.721346,190.191346,191.05123,191.407192,191.343577,191.050039,190.928461,190.704576,191.590385,190.3485,191.320077,191.479769,190.291923,191.350577,190.810346,190.698077,190.726538,190.531538,191.349
127.634538,126.666308,126.433538,126.574231,126.346923,125.704538,126.188884,126.776923,126.410423,126.798423,126.664154,126.486346,126.364231,127.054423,126.565385,126.4945,126.621385,126.659884,126.486653,126.707346,126.717385,126.223576,126.842961,126.759423,126.477692,126.425115,126.164307,126.360615,126.374808,126.244846
194.6725,191.350923,193.531538,193.993423,194.071769,192.910423,193.007038,193.760423,193.492923,193.161923,192.281923,193.015,193.163999,192.950346,192.145423,193.687962,192.519269,194.379423,193.739731,193.615769,194.055961,193.968577,194.533499,193.320962,193.875923,193.826308,193.752846,193.596192,192.543961,193.9515
107.189154,98.873462,98.513961,98.664538,98.323153,98.612116,98.256308,98.550192,98.618038,98.53,98.543,98.535308,98.8095,98.950539,98.449615,98.241885,98.300385,98.409807,98.404846,98.412231,98.452692,98.313807,98.174461,98.390923,98.476,98.550307,98.263308,98.489808,98.555538,98.479539
131.241423,131.3805,131.086269,131.353116,130.744961,130.949385,130.996846,131.171385,130.683,130.98473,130.768423,131.005039,130.412462,130.807731,130.938346,131.094961,130.751616,130.643577,130.771,131.113307,130.465461,131.090461,131.424692,130.839731,131.126039,131.026346,131.527384,130.676308,130.622153,131.054269
132.561039,124.664461,124.97873,124.873346,124.382423,123.983115,124.086731,124.403231,124.455923,124.387039,124.066193,124.322193,124.216385,124.3625,123.958423,124.388884,124.436307,124.175961,124.441654,124.043654,124.173384,124.697269,123.618731,123.721961,124.460615,124.025769,124.829577,124.366923,124.301846,124.15873
132.6805,131.755154,131.813346,132.195346,131.565115,131.407116,133.023384,132.217385,131.650346,131.740692,131.5315,131.901693,131.997154,132.377692,132.519692,132.281115,131.996731,132.132462,132.477769,132.390115,131.926154,132.505769,132.058,132.2515,132.192423,132.008,132.078153,131.902077,132.241538,132.378115
127.6795,122.107231,122.530384,122.306462,122.472154,122.106923,122.404539,122.431116,122.361884,121.894615,122.232346,122.330808,122.56027,122.0925,122.444653,122.514577,122.436693,122.003269,122.548846,121.662077,121.985923,122.143847,121.986038,122.437308,122.362346,122.613,121.705461,122.334846,122.118039,122.425923
180.438499,171.446423,171.35223,170.915654,171.479692,171.0145,170.622769,171.04273,170.866231,170.948038,171.175115,170.62773,170.208423,170.656077,171.362192,169.993461,170.015231,170.971961,171.018577,171.925,171.1765,170.839576,171.892231,171.265962,171.28173,170.761769,170.130269,171.378884,171.271653,170.965923
143.475615,138.772885,138.377385,138.401115,138.335769,138.30573,138.382577,137.753385,137.666231,138.722692,138.202693,138.380115,138.435692,138.670884,138.109462,138.561115,138.409346,138.42873,137.962115,138.524153,138.518731,137.8075,138.331576,138.934846,138.446116,138.24623,137.942615,138.445231,138.423461,138.548884
90.118923,88.023385,88.271423,88.205923,87.8205,87.931846,87.921,88.151577,88.0965,88.111269,87.989384,88.146346,88.065115,87.93823,88.335653,87.938385,87.908808,88.178231,88.057,88.090154,87.921269,87.728615,88.100884,88.418154,87.825692,87.9055,88.002154,87.711461,88.052039,88.084538
202.484154,189.351961,189.861116,189.044961,189.1515,187.756385,186.537269,189.038654,187.941654,188.903846,188.967808,188.860269,187.905654,187.868615,189.460769,189.034999,189.798308,188.431692,188.664308,189.126884,188.014923,188.184769,188.825269,188.539039,190.003269,188.295654,188.02773,187.141423,190.083846,190.523269
111.773962,110.845538,110.206384,110.439423,110.829885,109.85923,109.908615,109.861731,110.419077,110.217231,110.076038,110.568654,110.012153,110.4695,110.570385,112.049038,110.511269,110.6435,110.746539,110.223384,110.657807,110.248115,110.819,110.678154,113.989231,110.841116,110.574577,110.798615,110.530115,110.551346
133.416423,124.754961,124.355461,127.982808,125.533923,126.009077,125.379538,127.303538,125.249385,125.731653,125.414115,125.343538,125.217462,125.618769,125.478347,124.511462,124.53223,128.54727,124.60273,125.298884,125.108769,125.539115,125.765346,125.467615,125.4675,125.775846,125.242654,125.362192,125.391116,125.339384
131.910461,131.229461,131.353193,131.369577,130.306154,130.668,131.100423,131.280269,130.582576,130.4865,131.015308,130.705692,130.655384,130.393346,130.831038,131.414038,131.040885,130.795077,131.951115,130.911461,131.176961,131.056769,131.02777,131.238346,130.960461,130.760961,131.256346,130.979769,130.687423,129.7255
148.3855,142.0835,141.383231,141.951885,142.812231,143.205461,143.705192,141.992461,141.629461,141.058231,141.649039,141.782038,141.499731,141.845077,141.843808,141.383615,141.770385,141.607653,141.731615,141.415961,141.585731,141.097962,141.231846,141.828307,140.914885,141.173307,141.558923,141.167038,140.881923,140.89123
27.872039,28.778462,27.777731,27.509962,27.689808,27.452,27.312577,27.432308,27.765577,27.763347,27.658961,27.491885,27.586769,27.534424,27.645846,27.760115,27.648462,27.692346,27.749961,27.499077,27.385153,27.506193,27.631846,27.551885,27.50177,27.619154,27.736269,27.780923,27.539346,27.6905
62.735153,59.595923,58.27427,58.584693,58.675423,57.846154,57.793808,58.054884,58.052538,58.397038,57.707884,58.100115,57.668692,58.273884,58.115461,58.876115,57.800846,58.327076,58.319461,57.747192,57.88877,58.215846,58.270616,57.544307,57.8495,58.301692,57.736269,58.434423,57.696731,57.895923
98.757462,91.969038,92.285384,91.918192,92.172,92.87177,91.958384,92.657038,92.217,91.899,91.966769,92.997154,92.093154,92.985654,92.275615,92.413346,92.298539,91.814077,92.119116,92.507846,92.768461,92.292847,92.482461,92.158115,93.077693,92.398423,92.255231,92.604654,91.807961,92.504577
142.187038,135.578,135.230154,135.472962,133.932077,136.063692,135.180961,136.554577,134.749384,135.146692,134.032731,136.958808,134.159846,135.974692,135.094576,135.977731,135.444115,135.796923,136.123154,134.409307,135.256654,134.650076,134.687769,134.624154,135.111076,135.007885,134.417692,135.232346,135.640153,135.356769
140.161731,131.236193,128.681192,130.122308,130.0825,129.705,129.062769,129.756462,130.149154,129.195769,129.280923,128.87523,129.016962,129.422116,128.616731,128.399115,129.220576,131.074231,129.367577,130.362961,130.060346,131.008654,128.910539,129.583615,130.290808,129.628038,128.573654,129.224346,129.063961,130.232192
140.742,135.4375,134.674115,134.714769,134.947884,134.834847,135.027538,134.282154,134.052423,134.969423,135.2785,134.575423,134.621538,135.039038,134.502961,134.411576,134.920346,134.721577,135.205307,133.745923,135.158039,134.828693,134.913384,134.623461,134.815884,134.547922,134.475115,135.059308,134.432692,134.576962
157.803538,156.078654,155.442307,155.571961,155.467231,155.467577,155.571884,155.514731,156.579693,154.669269,155.328962,155.499961,155.576116,155.706692,155.981769,154.894846,155.197346,155.607192,155.957615,156.034346,154.404731,155.298769,156.194,155.781577,155.651961,156.368961,155.212692,156.447923,155.8035,156.469769
143.060577,130.911038,130.374808,130.776346,130.867,130.806693,130.162192,130.829615,131.0955,131.156115,130.482269,130.075885,130.3815,130.913923,130.085615,130.723116,130.2495,131.594192,131.004846,130.547346,130.849346,131.331385,130.937807,130.803769,130.494192,130.841538,130.67977,130.5935,131.294192,130.565884
225.942923,224.536423,223.293038,223.332,223.811961,224.534077,223.930116,222.659462,223.899269,223.952461,223.944308,224.599039,224.990962,223.331962,223.780346,224.966577,222.177076,224.36673,223.466385,223.334961,224.653269,224.388499,223.516462,222.965577,224.025462,224.223692,224.082808,223.621192,224.607923,223.208884
55.343499,53.633693,53.810346,53.655808,53.919693,53.905385,53.857577,53.763076,53.785462,54.040231,53.825307,53.848923,53.765653,53.980808,54.046885,53.765231,53.387576,53.727961,53.692807,53.352461,53.402923,53.482693,58.652269,54.103461,55.802731,53.538462,54.00723,54.074193,53.827731,56.358
99.513538,97.657923,97.155653,97.630423,97.597308,98.2715,97.629846,97.818308,97.876615,97.573038,97.426346,97.594577,96.781461,96.974423,97.863346,97.621192,97.345846,97.764731,97.837807,97.72973,97.923577,97.769923,97.751923,98.145346,98.094269,98.460153,98.154615,98.304846,98.810808,97.874269
129.968154,121.954346,120.798884,120.082423,119.994346,120.270692,120.5995,121.100308,120.268269,120.747231,120.972923,120.415846,120.790462,120.172615,119.981961,120.252,120.7915,120.276192,120.681923,120.500307,120.16223,120.185154,120.563654,120.498269,120.646923,120.833885,120.650654,120.108577,120.189346,120.845576
193.798269,187.544385,187.013923,186.893807,186.062807,186.262923,187.20473,186.383577,187.447538,186.873384,185.917538,186.499577,186.171346,185.297385,185.657769,186.460462,186.319923,186.300616,186.342231,186.420116,185.881923,186.099577,186.289307,186.039038,186.008576,186.695884,186.007923,186.523115,187.070577,185.897346
173.577962,164.357116,162.620922,162.800731,162.271885,162.538846,163.744731,163.192,162.907769,162.662308,164.409346,162.193884,163.779769,163.691885,163.141808,162.720654,162.380538,163.252231,163.215692,163.331385,162.429769,162.022577,162.201846,162.094461,162.602461,163.80527,162.270269,161.816307,162.825154,163.342885
87.898347,87.506116,87.750077,87.891769,87.836769,88.576577,87.143731,87.416846,87.409,87.921192,87.657807,88.009077,87.839269,88.083731,88.291654,88.228846,86.601577,86.703961,87.787115,87.147193,88.717076,87.550423,87.348269,87.918077,88.482884,87.201269,87.685039,88.269615,87.493731,87.876038
119.425039,109.781346,109.982154,109.307116,109.148461,109.691308,109.815539,109.341,109.347385,109.477962,108.927,109.314308,110.041923,109.799884,109.972846,109.238115,110.241116,110.178077,109.432,110.438307,113.006192,120.360692,109.347692,109.334231,109.419039,114.295615,116.235846,108.378884,113.460423,110.0535
62.282923,57.356539,57.269115,57.126769,57.670077,57.388808,57.343115,57.386307,57.632731,57.470538,57.488346,56.986654,57.049,57.440192,57.261269,57.206385,57.310077,57.708461,57.436538,57.506807,57.028847,57.39,57.267346,57.363039,57.31077,57.362308,57.573153,57.24323,57.461731,57.633962
32.754153,29.228846,27.790154,27.585231,27.660847,27.855423,27.749462,27.935577,28.018616,27.865423,27.841847,27.879193,28.070961,27.910924,27.583308,27.610307,27.597577,27.683923,27.535192,27.515115,27.669385,27.912192,27.828731,27.811538,27.555307,27.622693,27.890077,27.882808,27.831923,27.777846
302.481923,292.253153,291.008346,291.729038,290.272539,293.019,291.778231,290.638193,291.3205,291.951231,291.042038,291.6905,290.263269,290.647077,291.026461,291.680346,291.726462,292.967615,291.60873,291.587769,290.96473,291.366538,290.976577,290.773923,292.644615,289.865538,291.193692,292.498769,291.882962,291.714269
513.155307,495.941153,499.439269,493.869461,488.418807,494.963115,490.497885,490.635192,490.387808,491.504538,491.607154,491.424346,490.479192,491.228653,491.173462,491.279154,491.386,491.499846,490.653807,490.485499,490.833384,490.313192,489.55073,491.720846,491.402999,491.499999,490.795346,490.713461,490.625153,491.639038
667.344769,648.489769,648.213499,648.630499,647.016884,647.289961,646.558846,647.366077,647.830422,645.597114,648.319384,647.403269,646.563538,647.171846,648.072307,648.145269,651.264423,647.705115,647.632077,647.483115,648.454846,647.7865,648.483153,648.169807,647.161922,647.120961,647.061,647.637769,647.945576,647.428999
1147.653114,1120.209961,1120.375038,1120.124423,1122.065268,1121.404845,1121.697192,1121.265461,1118.590769,1119.655499,1118.926768,1119.97673,1121.79273,1121.500076,1120.106307,1119.121614,1125.92946,1120.207922,1118.661461,1118.978,1119.125846,1121.131577,1120.101307,1119.297923,1119.457769,1121.063691,1121.28846,1121.095768,1120.535807,1120.755269
