12.84526,10.355521,9.796146,10.153541,9.964896,9.903489,10.337708,9.942864,9.873073,9.021875,8.288802,8.217552,8.068229,8.419219,8.2825,8.25125,8.123854,8.473854,8.193646,8.210782,8.142656,8.498854,8.363073,8.387812,8.704166,8.603333,8.670729,8.104739,8.04776,8.067708
10.761875,7.082396,6.771562,6.715364,6.870625,6.766094,6.779219,6.825261,6.780729,6.778906,6.816563,6.816718,6.712187,6.782396,6.805521,6.762396,6.73125,6.865105,6.744219,6.780208,6.818907,6.761666,6.744739,6.765938,6.806563,6.688229,6.750885,6.880365,6.822188,6.654635
10.738073,9.819532,9.481458,9.472865,9.533385,9.611354,9.722292,9.714427,9.661406,9.503386,9.513489,9.539792,9.584687,9.549427,9.645365,9.604166,9.616927,9.59198,9.502396,9.558386,9.598125,9.885105,11.077344,9.857708,9.694948,9.584792,9.48349,9.486875,9.514062,9.600677
12.279844,8.732708,8.421979,8.56026,8.5825,8.627396,8.617969,8.545208,8.557969,8.546407,8.599011,8.474531,8.625781,8.565834,8.710365,8.596458,8.533854,8.537604,8.502969,8.685364,8.5625,8.611354,8.569323,8.753646,8.679792,8.55276,8.48401,8.551406,8.780365,8.575781
9.994323,9.003437,8.38974,8.328437,8.312552,8.393229,8.413906,8.359843,8.391563,8.38625,8.357916,8.292135,8.366614,8.403438,8.378438,8.360469,8.408594,8.357656,8.430677,8.466145,8.3675,8.371511,8.426615,8.377396,8.302864,8.350468,8.385729,8.414219,8.57323,8.3925
8.511198,7.135677,6.532031,6.445469,6.557187,6.588906,6.487343,6.504896,6.478646,6.421771,6.59302,6.486771,6.565937,6.508802,6.496614,6.510521,6.526042,6.562552,6.436823,6.514948,6.567656,6.418229,6.578854,6.516979,6.501718,6.546198,6.480208,6.589584,6.546562,6.502187
12.50948,8.746979,8.46125,8.555573,8.885938,8.622813,8.567761,8.528073,8.647604,8.668073,8.458334,8.527396,8.584167,8.755,8.564948,8.519167,8.607812,8.519323,8.672865,8.577083,8.6475,8.676094,8.807448,8.734584,8.614532,8.570625,8.528438,8.720105,8.611875,8.631458
12.672032,9.026979,8.752917,8.65625,8.690521,8.64151,8.768958,8.734375,8.805052,8.787396,8.78802,8.973333,8.750104,8.799062,8.852188,8.717604,8.837969,8.702188,8.735989,8.662553,8.771406,8.646719,8.692656,8.589896,8.67651,8.701302,8.653489,8.784584,8.762292,8.714844
8.650781,7.958385,7.890886,7.797083,7.519792,7.434896,7.539896,7.513386,7.564635,7.460105,7.473334,7.591979,7.501928,7.435,7.590053,7.465521,7.581927,7.570937,7.418386,7.521979,7.486302,7.520938,7.465469,7.479792,7.584844,7.502083,7.497292,7.529583,7.494948,7.49875
9.507083,8.106771,7.710781,7.827709,7.661823,7.625156,7.69125,7.631771,7.73276,7.575938,7.651771,7.745105,7.670885,7.797083,7.6225,7.70151,7.724791,7.644739,7.7575,7.592656,7.718333,7.7325,7.637708,7.574688,7.764895,7.612708,7.708229,7.617813,7.569636,7.676094
11.513854,10.180468,10.181875,9.636771,9.69401,9.66224,9.669011,9.652916,9.71302,9.649531,9.663542,9.625312,9.68375,9.671667,9.6675,9.625573,9.661823,9.624791,9.63401,9.633333,9.674271,9.650104,9.67073,9.682083,9.724948,9.667917,9.644531,9.627239,9.648697,9.621823
11.906042,8.618177,8.799583,8.646563,8.581823,8.524323,8.525781,8.441875,8.503593,8.607448,8.540937,8.559688,8.490521,8.565417,8.5775,8.444739,8.649948,8.525468,8.541927,8.495313,8.496979,8.489114,8.492917,8.393438,8.464063,8.560937,8.490156,8.556198,8.483542,8.553542
9.936875,8.8225,8.736927,8.736979,8.513281,8.602448,8.530157,8.441406,8.575677,8.566511,8.560364,8.615625,8.641719,8.556511,8.5725,8.460521,8.51677,8.61526,8.532448,8.515156,8.523646,8.568125,8.470469,8.535625,8.598385,8.575313,8.611511,8.537813,8.589635,8.540625
9.466562,8.93099,8.97151,9.181823,8.697813,8.633177,8.726094,8.58401,8.623594,8.739584,8.695105,8.697968,8.674687,8.681302,8.683386,8.684844,8.635677,8.660156,8.708959,8.640156,8.724532,8.699479,8.770521,8.658125,8.593125,8.718958,8.661667,8.760312,8.662761,8.622396
8.636406,8.262865,7.955834,8.513437,7.880573,8.011875,7.925052,7.916354,8.022604,7.879219,7.962917,7.807864,7.958594,7.991563,7.946823,7.970417,7.875208,7.878073,7.917292,7.903698,8.000782,7.884896,7.890625,7.90375,7.860729,7.995312,7.812448,7.908385,7.967396,7.933125
10.452656,9.790156,10.099062,9.709792,9.539271,9.662448,9.553334,9.551146,9.441771,9.471771,9.55698,9.53125,9.56375,9.547917,9.520573,9.535729,9.592448,9.595521,9.578698,9.498907,9.570834,9.569583,9.619895,9.507343,9.568229,9.533281,9.6,9.488073,9.575833,9.533386
11.630364,10.778386,10.509532,10.278698,10.198854,10.265886,10.175521,10.208229,10.173229,10.303542,10.156615,10.250209,10.166771,10.2225,10.183281,10.272604,10.188282,10.207239,10.225,10.210052,10.173854,10.226406,10.179948,10.158542,10.237396,10.184115,10.272656,10.258021,10.256355,10.17198
8.914323,8.261406,8.369635,8.12151,8.173386,8.09349,8.047708,8.086354,8.084532,8.15073,8.080052,8.028906,8.13901,8.130937,8.139219,8.105469,8.17125,8.039896,8.098907,8.15901,8.131198,8.148854,8.08375,8.06401,8.221875,8.25125,8.179479,8.066719,7.991927,8.181094
9.874948,9.124219,9.319583,9.270885,8.940885,8.894584,8.834688,8.948177,8.910417,9.063281,8.865625,8.850989,8.788646,8.88125,8.770104,8.924011,8.747292,8.812292,8.863542,8.823125,8.842031,8.779375,8.801458,8.850521,8.905729,8.934063,8.706094,8.934479,8.846302,8.813594
9.34875,8.6725,8.524218,8.600781,8.359583,8.427657,8.357709,8.408594,8.337291,8.304115,8.405989,8.331198,8.439271,8.364635,8.426562,8.42,8.305261,8.454687,8.404687,8.44125,8.434063,8.450885,8.336458,8.377604,8.421666,8.438802,8.468958,8.328958,8.436198,8.355781
10.037605,9.142239,9.301198,8.816146,8.903854,8.875052,8.920156,8.87,8.819115,8.92724,8.861042,8.834219,8.815573,8.837552,8.785365,8.861979,8.844479,8.773542,8.846823,8.784114,8.843385,8.861198,8.873802,8.775156,8.844323,8.809844,8.717656,8.793593,8.807239,8.875625
11.971823,10.523282,10.779895,10.205156,10.203646,10.192188,10.257031,10.186562,10.234323,10.291302,10.184531,10.184844,10.182917,10.266875,10.152968,10.337917,10.18823,10.250208,10.179792,10.175573,10.171458,10.267083,10.178021,10.243229,10.183593,10.267344,10.206562,10.229479,10.175521,10.208855
12.984791,9.581093,9.64875,9.178542,9.261563,9.205885,9.284584,9.19776,9.23026,9.19125,9.225781,9.193229,9.149115,9.221823,9.192135,9.314479,9.216041,9.246718,9.182084,9.319427,9.206562,9.250053,9.17276,9.227553,9.179844,9.297657,9.162656,9.106354,9.225417,9.216458
9.160261,8.525625,8.777448,8.410157,8.299062,8.400677,8.430417,8.369635,8.376041,8.402604,8.287813,8.408073,8.390521,8.436459,8.403281,8.4725,8.380573,8.318906,8.420365,8.385625,8.436145,8.379323,8.404323,8.363229,8.322084,8.413646,8.383125,8.392292,8.4075,8.448542
9.529791,8.620885,8.40625,8.38375,8.229635,8.365782,8.195312,8.347917,8.346041,8.386927,8.360781,8.264167,8.289062,8.347396,8.374531,8.312917,8.31599,8.401407,8.152761,8.29,8.329688,8.307813,8.358959,8.269428,8.271927,8.293021,8.316615,8.291718,8.210989,8.341406
10.552709,9.103542,8.965313,8.868073,8.798594,8.901614,8.807187,8.826823,8.775208,8.885,8.789948,8.756354,8.801511,8.830417,10.046771,9.756614,9.117344,8.813802,8.850833,8.804584,8.818281,8.7875,8.78401,8.917969,8.83151,8.921875,8.810625,8.854375,8.779219,8.820104
10.954427,10.091354,9.051354,9.030312,8.985208,9.093855,8.995208,9.036719,8.980573,9.037708,8.970782,8.998281,8.917812,8.893802,9.00875,8.957656,9.022552,9.02875,9.026875,9.014531,8.99349,8.949583,8.976094,8.949739,8.898281,9.008542,8.991146,9.061094,8.975105,9.048854
9.402344,8.766302,8.804167,8.493906,8.520052,8.575,8.50224,8.536042,8.486667,8.455104,8.593437,8.491094,8.545052,8.544792,8.606302,8.495105,8.509687,8.443073,8.50974,8.549792,8.523645,8.557865,8.5025,8.49651,8.531822,8.560416,8.577343,8.56375,8.61224,8.496719
8.361406,8.128802,7.767032,7.96474,7.58948,7.767448,7.634532,7.682031,7.632136,7.568854,7.670885,7.694896,7.748281,7.575364,7.67224,7.645468,7.619584,7.725729,7.581511,7.701823,7.705521,7.639479,7.54974,7.670625,7.703177,7.709635,7.682865,7.555729,7.779271,7.749792
10.751458,10.044739,9.453333,9.529948,9.434427,9.540781,9.348021,9.391823,9.511667,9.464479,9.488906,9.433541,9.514062,9.450938,9.516355,9.46677,9.524739,9.454167,9.515157,9.440417,9.487083,9.457552,9.508229,9.440729,9.495,9.482969,9.515468,9.448802,9.471407,9.349427
12.35276,9.442709,8.948333,8.867916,9.008542,8.880313,8.856823,8.810209,8.923334,8.840468,8.879115,8.824114,8.786354,8.855364,8.795833,8.847396,8.799479,8.910625,8.808386,8.831146,8.758073,8.812708,8.828333,8.804948,8.911355,8.860417,8.8675,8.776719,8.856146,8.729323
10.879114,8.554479,8.646771,8.570104,8.676719,8.462031,8.425052,8.526718,8.501355,8.559219,8.556354,8.536146,8.486041,8.419896,8.615625,8.528333,8.533854,8.554219,8.577656,8.487292,8.436354,8.593229,8.527188,8.496094,8.498489,8.535417,8.500625,8.533281,8.479218,8.489688
9.033854,8.66,8.360521,8.477396,8.326927,8.455208,8.449271,8.419896,8.4175,8.350052,8.333073,8.345417,8.414323,8.503229,8.42849,8.457448,8.412604,8.329167,8.441198,8.396823,8.458854,8.389323,8.449062,8.412552,8.32849,8.500886,8.400157,8.449271,8.42125,8.417812
39.09151,32.247812,31.895834,31.842135,31.82599,31.831041,31.825938,31.869792,31.968438,31.826302,31.926718,31.901458,31.853385,31.97474,31.864687,31.808334,31.964739,31.784167,31.957812,31.785521,31.996198,31.865261,31.836771,31.962448,34.454584,31.880729,31.863073,31.831355,31.959479,31.864271
41.437656,36.661667,36.556302,36.345365,36.480677,36.397761,36.391927,36.516093,36.365833,36.512917,36.446458,36.416041,36.387396,36.437917,36.413021,36.561198,36.612396,36.631303,36.450313,36.482812,36.37974,36.571354,36.415156,36.480677,36.472136,36.428281,36.3875,36.513125,36.431771,36.499687
31.655729,27.167552,27.165469,26.938906,27.059844,27.108541,27.032969,26.970417,27.089167,27.059167,26.939843,27.055469,27.019532,27.097031,27.006198,27.035782,27.050782,26.985573,27.379166,27.050469,27.025937,26.989791,27.053438,27.016094,27.015208,27.052083,27.035365,27.188281,27.003438,27.079532
42.419844,35.921666,36.054271,35.944584,35.852656,35.779427,35.842187,35.738385,35.835677,35.865156,35.855572,35.81724,35.665156,35.82073,35.889739,35.771823,35.79323,35.741771,35.778802,35.841719,35.990625,35.738073,35.77276,35.821354,35.872812,35.924479,35.733229,35.899532,35.844218,35.986198
31.802656,29.115885,29.030104,29.139791,29.152031,28.948541,29.05375,28.961563,29.146407,28.930313,28.949687,29.042604,28.970989,29.090834,28.984062,29.104687,28.980677,29.011562,28.976719,28.965521,28.974428,29.030156,29.20177,29.321042,29.106927,29.173333,29.047604,28.983698,29.066198,29.10599
38.337135,33.611146,33.343593,33.178229,33.267657,33.237187,33.222969,33.388177,33.207499,33.180677,33.325313,33.295937,33.187292,33.363437,33.286198,33.188386,33.333282,33.23448,33.180573,33.321302,33.302395,33.192083,33.394791,33.250052,33.193906,33.285729,33.262813,33.410625,33.323333,33.222448
35.430625,31.25151,31.01151,31.055989,31.254583,31.201822,31.058489,31.175312,30.997917,31.182656,31.089115,31.187969,31.042865,31.076458,31.086927,31.070625,31.050782,31.036302,30.975677,31.054219,31.008437,31.051562,30.999791,31.129792,31.08401,31.019322,31.144947,31.072188,31.176042,31.371041
33.672292,27.291823,26.825885,26.897812,26.877865,26.860261,26.808854,27.08302,26.946198,26.772917,26.956197,26.860886,26.784583,26.937084,26.855261,26.85375,26.820834,26.843125,26.965625,26.794271,26.847239,26.90599,26.804114,26.823542,26.955052,26.934843,26.847865,26.889323,26.87724,26.838594
43.59802,36.569323,36.549115,36.440885,36.66901,36.581562,36.683386,36.644844,36.793385,36.683489,36.612344,36.612291,36.489062,36.568594,36.783281,36.452708,36.530469,36.520104,36.456459,36.804427,36.578541,36.4625,36.531406,36.593802,36.598489,36.513541,36.598333,36.536198,36.680521,36.579948
38.635312,32.655833,32.629427,32.489635,32.598177,32.432448,32.372968,32.509427,32.550938,32.438125,32.501822,32.41125,32.541302,32.521094,32.431927,32.514948,32.559791,32.429948,32.480104,32.442135,32.534479,32.443333,32.420573,32.458906,32.565937,32.407032,32.504636,32.431198,32.545885,32.569948
37.516094,35.994948,36.034218,35.863854,35.978854,35.872448,35.953125,36.015833,36.00224,36.505,36.376459,36.430573,39.050677,36.759062,36.760312,36.450834,36.309896,35.857761,36.317344,35.916459,36.119115,36.031979,35.829115,36.005781,36.109427,36.384635,36.754167,35.967188,35.823125,36.063646
43.425,37.935417,37.873646,37.72474,37.826719,37.79401,46.725573,38.29099,37.868125,37.815261,37.727448,37.737552,37.773125,37.857865,37.802292,37.818021,37.703125,37.802969,37.88151,37.743334,37.68052,37.92776,37.879479,37.809896,37.841042,37.886406,37.755104,37.839531,37.839219,37.80875
23.829218,21.752448,21.623594,21.617604,21.702864,21.534167,21.562812,21.572239,21.61599,21.603541,21.625885,21.609479,21.580416,21.544115,21.616146,21.513021,21.617344,21.552916,21.539844,21.578802,21.603958,21.535416,21.597135,21.584167,21.525938,21.545521,21.56625,21.550521,21.7025,21.619427
41.787083,38.87302,38.990938,38.880625,38.925729,38.964896,39.074636,38.877916,38.901771,38.938385,39.008073,38.917395,38.884583,38.850156,39.085677,38.85974,38.890053,38.91849,38.864844,42.397916,38.916041,38.899948,38.986823,38.881614,38.952917,38.858593,39.169739,38.855729,38.992761,38.959896
40.330261,32.84625,32.889063,32.730364,32.77276,32.829688,32.828907,32.81198,32.72901,32.82276,32.79,32.661667,32.757291,32.845052,32.726041,32.770208,32.686354,32.871042,32.829375,32.713438,32.906458,32.767813,32.758646,32.866979,32.786979,32.664896,32.827969,32.875104,32.923698,33.095365
38.119739,36.338125,35.842135,35.932291,36.032083,36.015625,35.941094,35.862656,36.121146,35.790989,35.944062,35.962657,35.904114,35.978177,35.85224,35.991249,35.932291,35.926927,36.083386,35.828541,36.027813,36.142188,35.980781,36.142968,35.868959,35.963437,36.060781,35.912969,35.977448,35.85724
32.98625,31.413541,31.388281,31.331719,31.399062,31.490573,31.375469,31.333438,31.395156,31.476875,31.330729,31.319531,31.367813,31.340469,31.293438,31.380052,31.345573,31.290365,31.354583,31.305885,31.398542,31.53,31.543125,31.319584,31.351979,31.449948,31.282396,31.309635,34.721771,31.346146
32.104479,26.735417,26.62151,26.715521,26.825,26.664011,26.685781,26.686458,26.616823,26.64651,26.695781,26.651458,26.677135,26.709271,26.642084,26.705886,26.785677,26.623854,26.693854,26.732656,26.686667,26.621718,26.698489,26.635208,26.631511,26.681927,26.65177,26.669166,26.720208,26.656302
42.560573,35.263333,35.414115,35.445312,35.390625,35.495469,35.341771,35.26599,35.434843,35.373073,35.218698,35.343906,35.329635,35.347761,35.229479,35.400677,35.325781,35.307865,35.276198,35.346094,35.262864,35.375833,35.333698,35.223021,35.356198,35.392031,35.34849,35.335938,35.658334,35.415469
30.95901,29.264531,29.456823,29.315104,29.305052,29.264167,29.283593,29.210052,29.368073,29.238698,29.25625,29.162344,29.179531,29.233698,29.229271,29.380521,29.258437,29.227552,29.181458,29.225104,29.193333,29.224428,29.268437,29.344011,29.199479,29.159792,29.222395,29.231198,29.264896,29.285573
37.871614,34.194375,34.248177,34.054896,34.13901,34.100573,34.179584,34.191875,34.019167,34.208438,34.03401,34.080937,34.133802,34.048282,34.133803,34.118541,34.06625,34.066146,35.566407,34.150938,34.028594,34.142188,34.055781,34.105885,34.076771,33.97948,34.083906,34.074948,34.122656,34.020781
43.402083,35.794531,35.531979,35.607083,35.626198,35.597657,35.608281,35.498333,35.673229,35.5925,35.632291,35.482605,35.627344,35.647709,35.594167,35.626823,35.538437,35.55625,35.542136,35.620938,35.514896,35.525,35.597552,35.498282,35.625625,35.660938,35.62974,35.531719,35.607448,35.533698
41.480625,39.084636,39.268646,39.125052,39.168177,39.291145,39.168698,39.162448,39.140156,39.117448,39.174479,39.172865,39.28474,39.030729,39.051146,39.136406,39.058073,39.191667,39.145573,39.089062,39.181875,39.065416,39.07026,39.06625,39.201615,39.024948,39.045677,39.082656,39.086042,39.344219
30.996094,26.164739,26.057917,25.90599,26.01125,26.021614,25.903125,25.976771,25.945052,26.042761,25.985052,25.866875,26.008021,25.902552,25.921146,25.979896,25.914583,25.947656,25.851354,26.031563,26.01875,25.894531,26.002031,25.951928,25.985937,26.019792,25.934167,25.965573,25.942604,25.973959
27.875729,25.197136,25.088333,25.044948,25.281459,25.017187,25.106719,25.028593,25.101094,25.032291,25.122708,24.979114,25.143802,24.99427,25.054584,24.98625,25.057812,24.957917,25.108333,25.058386,25.16875,24.974687,25.049688,25.014374,25.091823,25.008073,25.02401,25.044844,25.132343,24.999635
36.841407,32.634218,32.41625,32.454271,32.43724,32.395834,32.491875,32.501094,32.383073,32.5525,32.39276,32.556302,32.449895,32.476719,32.573593,32.506875,32.552188,32.6975,32.664739,32.427083,32.646198,32.486875,32.61448,32.402291,32.460365,32.392968,32.525521,32.456198,32.519323,32.407136
38.55349,33.318802,33.406511,33.364375,33.274844,33.41099,33.329219,33.448437,33.613125,33.327292,33.325313,33.613958,33.310364,33.428438,33.38849,33.342552,33.418958,33.289062,33.300885,33.448386,33.267343,33.27724,33.508385,33.396042,33.356146,33.416719,33.35125,33.33151,33.405208,33.393698
37.916719,33.732188,33.526354,33.584635,33.664792,33.506563,33.634271,33.522708,33.594688,33.474687,33.54974,33.537552,33.494636,33.505886,33.799739,33.598438,33.526354,33.602447,33.517656,33.695886,33.525833,33.60625,34.274844,33.57151,33.527395,33.649687,33.48625,33.602136,33.524583,33.531042
24.556302,22.989427,23.004375,22.903594,23.070573,22.987656,22.878177,22.974375,22.84875,22.9425,22.923907,22.999948,22.887448,22.905416,22.949687,22.902969,22.889115,23.000833,22.902864,22.88125,23.021511,23.091041,22.800312,23.031563,22.979011,22.936146,22.9475,23.100052,22.997136,22.970053
43.51276,35.850521,35.93974,36.038281,35.90125,35.967604,35.936875,35.86677,35.763489,35.847657,35.930209,35.84474,35.84802,35.833021,35.834115,35.940365,36.076562,36.017084,35.922761,35.837083,35.967291,35.834271,35.993073,35.877708,35.906146,35.854427,35.869166,36.035886,36.031197,35.83625
32.30302,29.819167,29.545938,29.595052,38.866771,29.682604,29.666927,29.702708,29.651458,29.686562,29.556614,29.622864,29.40224,29.412656,29.496407,29.496771,29.587708,29.693906,29.489635,29.479688,29.435,29.518021,29.525885,29.578386,29.648542,29.501875,29.481667,29.505261,29.56198,29.566979
31.092761,28.938229,28.789896,28.866146,28.845156,28.813906,28.912761,28.873125,28.955417,28.80776,28.866718,28.909114,28.770625,28.831823,28.853593,28.812136,28.841302,28.864063,28.847344,28.857552,28.868021,28.824375,28.865729,28.819843,28.779115,28.91401,28.78349,28.805572,28.909531,28.836823
35.101458,28.04151,28.084791,28.019375,27.942344,28.030781,27.979115,27.992135,28.102031,28.165573,28.001615,28.101562,28.187239,28.120156,28.132916,27.97849,28.028073,28.071615,27.958698,28.017187,27.88776,27.969427,28.001198,28.011406,28.263125,28.28901,28.176146,28.079583,27.980313,28.371718
31.247031,29.072083,29.106041,28.931979,29.007864,29.009531,29.015781,29.018438,29.072344,29.069063,29.076146,29.119896,29.022552,29.184062,28.920052,28.987188,29.041771,29.024167,29.067813,28.985209,29.016562,28.959427,29.032969,29.019011,29.016354,28.963333,28.942813,29.012709,28.926562,29.052291
34.342448,31.84125,31.690313,31.877291,31.699166,31.77401,31.939271,31.933229,31.789011,31.82474,31.759583,31.826823,31.785208,31.754479,31.748958,31.862135,31.721614,31.823072,31.714427,31.79198,31.778386,31.73625,31.814948,32.010416,31.714896,31.748489,31.786823,31.879479,31.982917,31.876302
38.181719,35.16625,35.000886,35.077708,34.850677,34.930052,34.961407,34.952344,34.936823,34.954791,34.920937,34.958802,34.955572,34.958489,35.005312,34.943125,34.929427,34.944479,35.040677,34.904687,35.092708,35.054167,34.919219,35.083386,35.129583,35.204115,36.149115,37.263698,35.302865,36.309948
35.54901,32.160573,32.121198,32.007136,31.889531,31.898594,31.776771,31.959687,31.935313,31.866042,31.796823,31.885104,31.874791,31.862187,31.912813,31.939844,32.053594,32.238333,32.159114,31.931198,31.91,32.082708,32.158021,32.00677,31.841718,31.85125,31.825678,31.871146,31.923177,31.839115
30.362865,28.071094,28.203229,28.124063,28.180938,28.144271,28.182709,28.089427,28.068229,28.105781,28.111042,28.107396,28.028229,28.056771,28.177448,28.068958,28.140886,28.115104,28.052604,28.056979,28.080834,28.178386,30.130937,29.87875,28.499167,28.58401,28.303437,28.150833,28.139583,28.121563
41.774948,35.583958,35.84474,35.710208,35.630938,35.666458,35.747344,35.580937,35.590209,35.579063,35.615677,35.511354,35.644843,35.57625,35.6875,35.61375,35.517396,35.673021,35.542187,35.650573,35.608645,35.637656,35.641667,35.624896,35.630261,35.509375,35.745417,35.537083,35.688802,35.622604
37.026979,35.004114,34.710834,34.846302,34.776771,34.799323,34.810104,34.704739,34.738646,34.636771,34.79323,34.631094,34.763334,34.561927,34.830937,34.716927,34.758907,34.634635,34.749636,34.794479,34.85776,34.702395,34.6875,34.672032,35.204479,34.582604,34.723125,34.67875,34.851093,34.632708
38.339792,36.82375,37.025104,37.138177,36.947969,36.925886,37.0375,36.941823,36.904791,36.983281,36.97651,36.905677,36.988438,37.01,36.853854,36.945313,37.066927,36.91448,36.893594,37.016875,36.977344,36.865104,36.96026,36.973906,36.944166,36.951823,36.942396,37.02901,36.798542,37.050364
43.133594,35.178489,35.015833,35.1925,35.019583,34.979114,34.950052,35.090937,35.031459,34.990781,34.985573,35.052812,35.009166,35.084792,34.975625,35.086927,34.939166,35.024375,34.966458,35.144115,35.08,35.065781,34.955052,35.053854,35.121198,35.140052,35.177291,35.238854,35.098021,35.028229
39.189896,36.187604,36.129011,36.074791,36.050678,36.056771,36.086927,35.985104,36.14875,35.934427,36.085,36.067187,36.022864,36.104948,35.923594,36.061875,36.021771,35.973021,36.056562,35.983021,36.059792,36.016927,36.09901,36.210521,36.561979,36.081615,36.097656,36.13151,36.134479,36.040677
29.777292,28.082135,27.938906,27.971198,27.910729,27.873542,27.994375,27.963073,28.015208,27.892136,27.856407,27.947604,27.872708,27.937917,27.929271,27.887864,27.905208,27.914948,27.955156,27.966146,27.834115,27.948646,27.931407,27.97099,27.94849,27.885573,27.991822,27.83849,27.979115,28.038177
37.606666,30.398177,30.337292,30.149531,30.232292,30.233698,30.219896,30.286927,30.407343,30.230885,30.255833,30.272344,30.213594,30.265,30.293489,30.217865,30.265416,30.204895,30.296927,30.187136,30.284896,30.261146,30.296041,30.270052,30.305261,30.307343,30.28901,30.163594,30.393334,30.286563
46.693021,39.16599,39.068802,39.078437,38.966146,39.033073,39.052761,38.979531,39.065573,38.989062,38.940625,38.983646,38.969583,38.919479,39.087188,38.99151,38.843802,39.014479,39.047083,39.024271,38.967343,38.959219,38.956407,38.943281,39.011354,38.956718,39.012605,38.934792,38.98875,38.961823
41.888698,34.60302,34.551407,34.487552,34.440937,34.43552,34.4825,34.498802,34.36802,34.568072,34.453021,34.587604,34.644011,34.588177,34.481615,34.50724,34.54552,34.410729,34.602344,34.345729,34.492291,34.535833,34.48448,34.421719,34.617396,34.392552,34.376719,34.459271,34.433854,34.596041
37.003021,31.479479,31.239062,31.320208,31.199583,31.29776,31.172865,31.328698,31.269219,31.359427,31.246354,31.306614,31.244115,31.199323,31.275365,31.350156,31.270989,31.235521,31.261823,31.320364,31.239948,31.315521,31.263646,31.35625,31.392239,31.509063,31.334166,31.203698,31.329375,31.297187
33.9975,31.481875,31.491093,31.405833,31.457396,31.389583,31.431511,31.560469,31.401042,31.414531,31.443854,31.482239,31.470989,31.546458,31.490834,31.514636,31.554688,31.445833,31.401094,31.425105,31.525261,31.396041,31.397812,31.572916,31.544636,31.581615,31.580677,31.57276,31.43901,31.413594
37.728646,35.836146,35.963281,35.822291,35.966354,36.028177,35.896719,35.917969,35.78276,35.904375,35.779427,35.797708,35.77125,35.875208,35.829479,35.703646,35.911355,35.847604,35.786667,35.805104,35.806771,35.857032,35.835885,35.857969,35.929895,35.719063,35.832656,35.84526,35.831771,35.885364
44.229166,38.55698,38.364948,38.355625,38.391406,38.422864,38.410417,38.37927,38.351406,38.440417,38.280677,38.337032,38.389479,38.409166,38.315052,38.413906,38.312187,38.452916,38.36651,38.472864,38.472813,38.637968,38.460156,38.243333,38.484688,38.462917,38.480157,38.437604,38.453437,38.334635
47.551354,39.342864,39.187968,39.162969,39.138907,39.166458,39.168177,39.228698,39.122292,39.021094,39.159115,39.133698,39.216927,39.205521,39.196563,39.194323,39.196094,39.129896,39.2275,39.225677,39.138021,39.154114,39.110052,39.128438,39.127396,39.358229,39.175782,39.118124,39.11375,39.100677
36.175416,34.398541,34.347291,34.387916,34.356406,34.315677,34.379114,34.353229,34.393958,34.295156,34.298802,34.341771,34.548073,34.319062,34.343073,34.436563,34.236875,34.383906,34.374531,34.392188,34.286094,34.411823,34.394219,34.283958,34.398542,34.352135,34.373698,34.289375,34.460261,34.415156
47.432656,39.893334,39.809062,39.916458,39.85125,39.798073,39.839479,39.79224,39.762291,39.826979,39.881459,39.941511,39.796459,39.846354,39.876354,39.869011,39.887291,39.892708,39.920052,39.834584,39.846458,39.899792,39.782448,39.838125,39.844011,40.010468,39.752708,39.763073,39.840677,39.820156
29.76401,25.44177,25.557188,25.404792,25.504948,25.427761,25.560417,25.444844,25.545885,25.433698,25.471667,25.393281,25.484323,25.429948,25.397136,25.459636,25.412812,25.410573,25.436822,25.478125,25.421719,25.49901,25.487917,25.377031,25.440469,25.368125,25.539635,25.399531,25.506615,25.45948
35.233178,33.136146,33.154792,33.219843,33.135469,33.16302,33.238646,33.18849,33.129896,33.211145,33.139532,33.195938,33.222188,33.071511,33.218697,33.140156,33.171146,33.149948,33.254583,33.209636,33.172813,33.094635,33.265729,33.179219,33.078542,33.205469,33.235364,33.095573,33.188542,33.241614
37.709427,32.309427,32.122239,32.065208,32.077656,32.119635,32.109218,32.444063,32.121042,32.128958,32.135261,32.122865,32.124427,32.110625,32.201146,32.165208,32.148073,32.107656,31.993489,32.007552,32.080886,32.16151,32.106667,31.980312,32.184167,32.221354,32.301146,32.114271,32.13401,32.098698
36.55776,34.164115,34.24125,34.084896,34.169427,34.155156,34.035208,34.210261,34.155782,34.158385,34.085365,34.17,34.243802,34.097761,34.236666,34.175,34.195937,34.115468,34.114167,34.291511,34.095,34.148594,34.092552,34.214739,34.099219,34.10375,34.212865,34.072031,35.785625,34.155885
36.054271,32.24849,32.034688,32.066406,32.148177,32.054844,32.056875,32.044114,32.166563,32.117812,32.00526,32.021562,32.069895,32.077656,32.066459,31.999323,32.029375,32.070781,32.075468,31.983907,32.013854,32.023958,32.014479,32.148438,32.050312,31.978594,32.098594,32.081302,32.039062,32.049427
41.373489,34.330417,34.491042,34.301354,34.397031,34.5625,34.484583,34.286875,34.395313,34.312552,34.311562,34.489427,34.369844,34.339427,34.601354,34.477604,34.461719,34.376823,34.352865,34.37375,34.451302,34.357604,34.50823,34.354739,34.411511,34.335886,34.363229,34.405937,34.41901,34.390625
39.889896,37.52526,37.485573,37.536198,37.49849,37.350209,37.451719,37.404844,37.580625,37.484687,37.410781,37.433437,37.450521,37.371667,37.407656,37.445364,37.467865,37.31974,37.398386,37.49901,37.403021,37.323333,37.439271,37.362813,37.41776,37.419844,37.476093,37.396979,37.421875,37.364531
25.17349,23.333333,23.380365,23.373645,23.326719,23.225521,23.328802,23.480365,23.522761,23.402864,23.278854,23.375677,23.294792,23.312187,23.332448,23.268646,23.357864,23.413437,23.283855,23.288177,23.393906,23.358802,23.289323,23.363646,23.274531,23.277292,23.253958,23.207031,23.264531,23.389948
45.752969,38.38625,38.381354,38.230261,38.379896,38.202135,38.325781,38.335677,38.29474,38.332812,38.321927,38.295886,38.435781,38.412396,38.283906,38.308542,38.429219,38.339167,38.28901,38.314011,38.354375,38.230469,38.359167,38.179948,38.239323,38.347708,38.35,38.24099,38.311771,38.217447
32.021198,30.477136,30.286823,30.432343,30.135104,30.355,30.108542,30.390313,30.152916,30.348021,30.25776,30.458021,30.179635,30.324218,30.068907,30.351563,30.064739,30.33974,30.091666,30.351146,30.218646,30.313386,30.069375,30.398333,30.212552,30.391146,30.062188,30.373802,30.087656,30.319011
33.402032,31.747865,31.595885,31.729114,31.592656,31.687031,31.644115,31.787292,31.671615,31.664062,31.612084,31.596302,31.761771,31.543386,31.568333,31.677396,31.568334,31.637344,33.147344,31.598594,31.592708,31.625156,31.681302,31.772083,31.644739,31.741042,31.473802,31.772656,31.615677,31.721302
33.516927,26.683021,26.662083,26.663229,26.593854,26.725625,26.646041,26.621771,26.778229,26.677708,26.558906,26.745573,26.765886,26.587656,26.704948,26.658229,26.630521,26.85599,26.823385,26.625782,26.730312,26.661875,26.6725,26.833854,26.716875,26.716719,26.900677,26.810834,26.689791,26.61125
42.281771,40.751302,40.593177,40.458541,40.425885,40.567969,40.544895,40.517656,40.470677,40.460469,40.690677,40.394011,40.495625,40.410156,40.594687,40.570416,40.590729,40.530989,40.46526,40.451459,40.536823,40.451979,40.5325,40.391823,40.4925,40.446458,40.564375,40.602709,40.460521,40.40724
7.50599,6.214479,6.353802,6.252656,6.204739,6.166354,6.054427,6.158125,6.187709,6.12599,6.134479,6.075364,6.174531,6.164687,6.13125,6.261146,6.189791,6.227656,6.337396,6.147136,6.266771,6.37474,6.171302,6.170313,6.189739,6.08073,6.135677,6.051718,6.207969,6.125312
15.356094,11.713645,11.443438,11.348489,11.423802,11.311042,11.339271,11.304271,11.391771,11.280677,11.317864,11.49125,11.321771,11.374583,11.341718,11.422709,11.367656,11.377448,11.468958,11.507865,11.564687,11.487709,11.338021,11.289219,11.344375,11.409219,11.304636,11.299427,11.307292,11.352448
22.543958,17.350469,17.02,16.92625,17.036927,17.007708,16.862187,16.964271,17.196303,17.106614,17.143698,16.962708,16.992865,16.889635,17.022865,16.928125,16.896928,17.004062,16.940625,16.975052,16.867187,16.924635,16.920052,16.918021,16.946042,17.005886,16.875313,16.944531,16.97,16.930938
28.256511,22.958437,23.018802,22.971875,22.966614,23.372761,22.979896,22.886771,22.977813,22.989062,22.954896,23.004167,22.973281,22.999115,23.009948,23.043698,23.190885,22.953698,23.106146,22.949896,22.940625,23.06625,22.997395,23.108177,23.028438,22.924166,23.011146,22.941302,24.453281,22.96224
34.936875,27.282604,26.690156,26.74276,26.596459,26.714843,26.969687,26.805,26.721614,26.8025,26.624636,26.714374,26.683073,26.644479,26.72776,26.954115,26.613437,26.765625,26.937344,26.800781,26.807239,26.816354,26.977656,26.784323,26.836771,26.610833,26.685938,26.749948,26.720469,26.606719
30.412291,27.696979,27.59,27.506198,27.604844,27.550313,27.670937,27.487031,27.611562,27.613958,27.606823,27.534063,27.515573,27.532969,27.669427,27.562448,27.489219,27.657969,27.534532,27.571354,27.497084,27.59776,27.650261,27.605416,27.44677,27.617448,27.573333,27.64927,27.562448,27.523021
33.351614,32.210573,31.32026,31.376718,31.342135,31.441458,31.236562,31.292969,31.459896,31.449844,31.309063,31.353073,31.258698,39.140937,31.387865,31.505365,31.549323,31.38401,31.241094,31.673021,32.381667,32.246458,32.243594,32.090573,31.401667,31.314791,31.189583,31.246302,31.321407,31.205
33.027031,27.624479,27.283489,27.170729,27.217292,27.293594,27.220417,27.22776,27.323802,27.414427,27.513021,27.479843,27.301145,27.407656,27.221979,27.630156,27.25375,27.194584,27.221354,27.290312,27.24875,27.321927,27.236667,27.245052,27.312917,27.146875,27.230625,27.291875,27.275729,27.204427
52.091562,44.570521,44.592188,44.889636,44.553854,44.63974,44.457708,44.612135,44.514688,44.483489,44.547709,44.511719,44.579062,44.465885,44.590572,44.494948,45.049636,44.466823,44.518229,44.506094,44.488437,44.469948,44.538125,44.557292,44.449791,44.896927,44.463021,44.849218,44.732396,44.674062
14.51599,12.375729,11.968229,11.916355,11.869635,11.896146,11.909739,12.005885,11.908177,11.853489,11.931354,11.898854,11.928281,11.904219,11.863855,11.913958,11.982813,11.970469,11.908645,11.862968,11.955261,11.916771,11.95651,11.917552,11.854427,11.875469,11.902656,11.917864,11.903906,11.87375
25.20526,21.366667,21.349583,21.207135,21.162187,21.149375,21.085469,21.070989,21.095209,21.076927,21.263281,21.130729,21.061979,21.072083,21.08125,21.099948,21.093177,21.071614,21.132032,21.116459,21.129427,21.046771,21.125521,21.105886,21.092708,21.023698,21.079063,21.058021,21.254011,21.06927
29.48776,25.237917,25.049531,25.073907,24.870104,24.9075,24.84974,24.925313,24.812135,24.90776,24.78875,24.882604,24.891614,24.879011,24.797188,24.892187,24.772448,24.907968,24.804844,24.857552,24.795989,24.899688,24.799323,24.824844,24.770885,24.881823,24.839271,24.859271,24.789948,24.881302
39.353958,37.062656,36.720573,36.654479,36.564843,36.850469,37.009271,36.690521,37.129896,36.640781,36.563125,36.712188,36.580521,36.633959,36.617657,36.586667,36.50526,36.70401,36.595104,36.539739,36.748958,36.632344,36.555625,36.72198,36.661094,36.695364,36.94901,36.995573,37.271459,36.778594
35.811927,29.60224,29.34875,29.66724,29.466979,29.419635,29.682865,29.621615,29.381354,29.773541,29.538177,29.768541,29.280573,30.070573,30.063593,30.457812,30.273281,30.175104,30.596563,30.572396,30.584479,30.431406,29.829844,29.352187,29.593125,29.38276,29.370833,29.402813,29.314843,29.384843
19.392761,17.771198,17.293021,17.222865,17.316927,17.178334,17.135677,17.193125,17.235989,17.229896,17.23375,17.260521,17.237604,17.132031,17.249791,17.20375,17.322552,17.635521,17.208437,17.298802,17.150677,17.141875,17.259895,17.268906,17.206823,17.184688,17.198177,17.248594,17.20276,17.218333
24.212865,23.607396,23.247812,23.197969,23.307864,23.167552,23.218333,23.213803,23.06073,23.139843,23.349219,23.205833,23.130312,23.19349,23.180052,23.248229,23.226407,23.134375,23.209011,23.254688,23.247552,23.188802,23.261094,23.214791,23.166979,23.308125,23.149115,23.150469,23.313021,23.201875
14.137605,13.035417,13.300104,13.080833,13.030677,13.103542,13.10875,13.124219,13.104427,13.06875,13.099688,13.207813,13.11276,13.076615,13.070573,13.065104,13.069844,13.136406,13.151302,12.97125,13.007448,13.086979,13.007604,13.066979,13.05401,12.976094,13.051979,13.119531,12.946197,13.070625
7.621302,7.157604,7.438177,6.997604,6.751146,6.708802,6.848333,6.725625,6.710625,6.826355,6.749479,6.698073,6.912188,6.749219,6.709427,6.768906,6.792291,6.694271,6.817552,6.761458,6.714115,6.832084,6.754584,6.786719,6.705104,6.865365,6.774011,6.693854,6.762031,6.82427
77.7825,70.924531,70.426718,70.585,70.654532,70.567291,70.755833,71.074947,71.163385,70.965781,70.583959,70.643125,70.561407,70.824323,70.64026,71.271197,70.852396,71.1825,70.865989,70.757239,70.857604,70.553177,70.990781,70.458125,70.409792,70.595886,70.340209,70.585573,70.968802,71.183802
131.375521,119.295312,119.447917,119.124635,119.461354,119.273802,119.292239,119.15323,119.754531,119.039166,119.527084,119.227292,119.148333,118.883437,119.093906,119.437656,119.210886,119.862656,119.758854,119.782969,119.556406,119.522864,119.543802,119.423906,119.644531,119.480677,119.387656,119.467448,119.256875,119.81198
169.352292,157.201354,156.822032,156.263437,156.664375,156.235573,156.779323,156.411146,156.705416,156.546614,157.118281,157.971302,157.434687,156.126407,156.817084,157.504635,156.516719,156.60552,156.8775,156.175781,156.719583,156.905052,156.626927,156.826042,156.644115,156.558958,156.55599,157.052604,157.894791,156.834479
294.720104,277.2775,274.795364,274.573542,274.872656,274.376354,273.962344,277.39875,278.465885,274.794115,276.740677,274.429896,275.211094,278.836667,274.588802,276.743959,274.183854,275.232708,279.019844,273.646511,277.387396,276.384844,281.567499,282.636458,280.405156,277.494427,275.366875,275.001719,279.140469,275.20099
