8.667917,3.21849,3.183959,3.133333,3.097239,3.071718,3.182656,3.147135,3.188594,3.127969,3.15849,3.290885,3.302031,3.352083,3.412604,3.24401,3.144688,3.411771,3.251459,3.095157,5.231354,3.337552,3.231666,3.156145,3.147239,3.052291,2.975625,2.958854,2.950938,2.943802
7.465416,2.774114,2.859375,3.184636,2.819218,2.773802,2.72927,2.816458,2.666042,2.779375,2.840625,2.718177,2.687396,2.727709,2.743646,2.646667,2.753334,2.620677,2.73724,2.900365,2.645313,2.633177,2.717239,2.80073,2.632031,2.78625,2.733229,2.568437,2.618229,2.594844
4.373906,7.008177,6.778229,3.731979,6.598073,5.622865,3.64224,3.496094,3.571041,3.59099,3.586771,3.405573,3.490417,3.601407,3.501354,3.540781,3.375989,3.387344,3.368959,3.388958,3.339687,3.309219,3.355157,3.308541,3.342031,3.35401,5.634062,3.514114,3.515521,3.560105
9.680521,2.919688,3.049895,3.048333,3.033282,3.118854,3.262969,3.016927,3.094115,3.018489,3.046979,3.01625,3.001771,2.924583,2.956511,2.865781,2.895156,3.205625,2.850313,2.863489,2.916354,2.918386,2.764166,2.911614,2.934687,2.916198,2.940573,2.957708,2.924271,2.937083
9.349323,2.887239,2.910573,4.457083,3.078803,3.130209,3.003333,3.022656,2.955989,3.132187,3.150678,3.141354,2.867864,3.037188,2.864063,2.933802,2.85599,2.875208,2.704271,2.804531,2.793906,2.806302,2.729271,2.755469,2.719532,2.813386,2.757031,2.798646,2.750677,2.754323
8.610156,6.20724,2.958958,8.098073,5.139219,11.580312,3.07125,2.840729,2.747812,2.6875,2.711406,2.501094,2.676093,2.574114,2.572187,2.642448,2.703959,2.686511,2.687031,2.622291,2.706667,2.671563,2.671614,2.700573,2.670677,2.573489,2.810052,2.684792,2.661719,2.791875
7.991979,3.406719,3.30599,3.427032,3.466979,3.281615,3.379687,3.46026,3.319166,3.286042,3.320885,3.277761,3.186562,3.220833,3.074115,3.196875,3.100052,3.074167,3.145157,3.165052,3.081146,3.130468,3.072604,3.070885,3.178229,7.766459,3.052969,3.062188,3.162552,3.553437
9.452239,3.659688,3.435572,3.259219,3.113697,3.193542,3.12974,3.135833,3.162188,3.149948,3.056094,3.157553,3.007968,3.135105,3.206615,3.228125,3.272083,3.182291,3.127708,3.050469,3.122916,3.129011,3.137188,3.054479,3.010312,3.024687,9.037292,13.538021,4.122657,3.249166
17.410365,6.501562,8.104583,4.308645,6.112604,6.215469,3.100261,2.861979,3.007084,2.839896,2.936354,3.016979,2.809375,2.930417,2.899114,2.747916,2.887136,2.774843,2.827291,2.915729,2.880052,2.790886,2.766562,2.904531,2.877084,2.833125,2.835677,2.878386,2.83349,3.077187
4.093073,3.466667,3.249218,3.240261,3.068177,3.057343,3.01823,3.077916,3.083281,3.039166,6.097291,3.339323,3.153958,2.870885,2.822708,3.196875,2.752604,2.78651,3.202709,3.190729,2.715678,3.148229,2.95625,2.795469,3.151198,2.783125,2.848489,2.810365,2.685521,2.880313
16.198593,12.428854,10.840677,3.264011,3.283541,3.205781,5.52474,3.210885,3.479688,3.372708,3.230885,3.520417,3.195885,3.189896,3.592864,3.2,3.179271,3.180469,3.483385,3.107761,3.473333,3.164687,3.15823,3.615156,3.220157,3.180365,3.282344,3.182552,3.160886,3.537969
9.000834,3.937761,3.999531,3.782865,3.78599,3.839063,3.53625,3.753854,3.756198,3.713438,3.743593,3.835469,3.881614,3.759166,3.930729,3.825104,3.86698,3.341927,3.817552,3.789062,3.779322,3.838542,3.829063,3.785625,3.790938,3.697448,3.762084,3.754688,3.693229,3.913802
8.689583,3.417396,4.004115,3.738854,3.756979,3.688282,3.785104,3.666667,3.680261,3.696094,3.678282,3.725937,3.655208,3.633281,3.635365,3.6625,3.667813,3.664739,3.620521,3.624323,3.747344,3.641562,3.747917,3.642864,3.815104,3.836198,3.811771,3.771458,3.686563,3.763907
38.008438,12.014844,5.164166,10.757552,4.484114,3.945313,3.929427,3.958021,4.020938,3.862604,3.896615,3.862396,3.893594,3.746458,3.749635,3.719011,3.674583,3.670469,3.703229,3.710104,3.698594,3.684739,3.489844,3.870416,3.744218,3.742552,3.206823,3.939219,3.726875,3.680729
8.239636,3.754688,3.642813,3.29625,3.28401,5.364479,3.307344,3.23901,3.240052,3.232188,3.203645,3.410885,3.224583,3.327812,3.344219,3.221928,3.186979,3.36875,3.142605,3.210938,3.197605,3.275052,3.249531,3.242656,3.209114,3.160416,3.836042,3.500313,3.194583,3.234166
12.455104,6.631458,12.62427,4.41,6.715521,4.69651,4.085625,4.059896,4.029427,4.025416,4.060104,3.960156,3.994427,3.999219,3.833073,3.979635,4.027188,3.962396,3.928489,4.025468,4.014375,4.031146,4.058385,4.068594,4.013281,3.976042,4.006354,4.051094,4.045885,4.054739
9.364323,4.711822,4.072084,4.019063,4.030834,4.014166,3.964843,3.976667,4.160781,4.370104,4.055157,4.455052,4.032552,4.566666,4.225625,4.147708,4.060521,4.769062,4.062083,4.149166,3.909948,4.100365,4.062032,3.974687,4.299271,4.060468,4.06526,4.022084,3.900208,4.291146
8.024531,3.922761,3.344532,3.351198,3.254688,3.307291,4.004375,3.545417,3.409271,3.423802,3.344427,3.299323,10.944635,3.365989,3.228854,3.70849,3.714114,3.371562,3.78526,3.292604,3.322656,3.399895,3.181771,3.623125,3.205938,3.255521,3.579427,3.179323,3.249271,3.436771
10.231875,5.272657,16.90901,8.769583,6.261041,3.729271,3.378646,3.454739,3.803542,3.826874,3.457969,3.768906,3.674062,3.235417,3.681302,3.810156,3.298594,3.258073,3.719792,3.173802,3.712187,3.722344,3.474687,3.701042,3.6975,3.539583,3.265052,3.640781,3.74401,3.603698
10.750416,4.236511,4.559114,4.465104,4.345,4.33875,4.431042,4.239167,4.335573,4.383907,4.488177,4.015572,4.72677,4.381093,4.261094,4.421666,4.059375,4.419844,4.419375,4.000157,3.907761,4.592239,4.618438,4.668386,4.647032,4.284479,4.281667,4.505521,5.064896,5.559844
18.065989,10.532084,5.363385,3.65375,3.7625,3.020052,4.177188,3.502239,3.502969,3.779635,3.706511,3.939688,4.401145,4.770052,4.666771,5.077864,4.699635,4.604531,5.117239,4.077344,4.577761,3.935,4.711459,4.74776,4.765781,4.969844,4.525573,4.498907,3.722657,3.708333
9.704792,4.582968,5.06724,4.154479,4.795677,4.557343,4.390052,5.098386,5.255,5.004219,5.564166,5.2825,5.924896,5.373178,4.628958,5.102813,4.556563,4.487917,4.391093,4.770313,4.443021,4.880729,4.70375,4.951042,4.537292,4.436302,4.62974,4.606041,4.497812,4.572605
9.777292,4.272083,4.276093,4.594063,4.545573,4.393334,4.457761,4.30625,4.263906,4.425938,4.024583,4.544844,4.413959,4.538281,4.530312,4.452032,4.471719,4.433334,4.284479,4.586458,4.453021,4.547292,4.439323,4.39625,4.709323,4.634948,4.329584,4.610886,4.961458,5.056354
19.289271,3.804896,16.736666,14.71625,3.691771,3.644115,4.317188,4.428385,4.072708,4.202292,4.703646,5.188907,3.849114,4.673177,4.747865,4.264375,4.095729,4.019427,4.28276,4.416718,5.302135,3.711041,3.637448,3.661146,3.591302,3.363177,4.198802,5.343698,4.255312,4.840052
8.717917,3.059583,2.983645,3.140417,3.748177,6.088541,2.916927,3.520053,2.973959,3.25,4.273958,3.829375,3.837708,3.894791,3.856927,4.43026,3.883489,3.703593,3.497552,3.867239,4.092291,3.851094,3.890677,3.652292,4.503021,3.993906,6.708125,3.794844,3.901667,3.607864
15.394688,7.345625,11.500938,4.251562,3.861667,4.411927,4.34474,4.333802,4.346666,4.381771,4.306563,4.458333,4.197865,4.69599,4.787135,4.950989,4.818802,4.84276,5.20349,4.702291,5.177916,5.714063,4.772448,4.794844,4.360625,4.683333,5.046406,4.269479,4.227343,4.439844
8.817083,4.401511,4.517812,4.164375,3.886354,3.883802,4.275781,4.449166,3.855782,4.009323,4.087969,4.249375,4.576667,4.071198,4.642656,4.527135,4.092084,4.716875,4.039896,4.455156,4.848385,4.793906,4.328229,4.02,4.583125,5.011771,4.908177,4.563333,4.427917,4.50375
9.187031,4.272344,3.930625,4.357187,4.303646,4.006823,4.43276,4.629948,4.933907,4.94375,4.713125,4.71401,4.617761,4.603021,4.629584,4.493385,4.596927,4.148021,4.442344,4.647552,5.18526,4.561771,4.343802,4.750677,4.435312,4.523437,4.618802,5.009739,4.64401,5.20526
59.870052,3.146563,10.989011,5.990833,2.862187,2.91125,3.143021,3.118073,3.724687,4.502083,4.089167,3.535365,3.482187,3.436459,3.387865,3.280781,3.228855,3.125365,3.258072,2.851041,3.317135,3.231093,4.068958,3.328489,3.900313,3.479843,3.45401,3.254583,3.901615,3.8425
8.201302,4.222864,4.230104,4.436458,3.673125,3.901406,4.141094,4.577448,4.475781,4.960573,4.673697,5.139063,5.165209,4.66401,4.442917,4.545937,4.586823,5.01073,4.487969,5.081354,5.035573,4.947031,4.631562,4.875208,4.64677,5.594792,4.859427,4.777187,4.761823,5.556302
13.690521,7.908333,3.384896,8.071407,4.808437,3.543334,2.825,3.895885,2.927396,2.90651,3.549427,3.943906,4.555157,4.104323,3.829375,4.037708,4.460937,3.582604,3.509792,3.617344,3.925833,3.955625,4.220364,4.089583,3.46849,4.016719,4.065937,4.090937,4.033125,5.012656
8.559688,2.970729,2.758177,3.053281,2.98677,2.999114,2.91625,2.884167,2.884896,3.858229,4.118125,3.75724,4.053073,3.947865,3.51599,3.56625,4.114479,3.380677,3.344427,3.432865,3.445573,3.441875,3.190365,3.399375,3.431302,3.650052,3.328593,3.862395,3.647188,3.567657
8.497812,4.30573,5.020729,4.255104,4.224427,4.295053,4.027917,4.239427,4.160833,4.119374,4.164428,4.803073,4.378542,4.419531,4.27651,4.609271,4.218073,4.01026,4.149532,4.553489,4.451719,4.43724,4.225729,4.491562,3.845313,4.289791,3.529375,3.939635,4.120729,3.87224
27.889219,15.279531,9.936979,9.636354,9.649791,9.711458,9.865677,9.993073,10.49375,10.437656,10.137865,10.629948,10.062135,10.057605,10.391198,12.424375,10.905781,11.352032,10.902656,10.74,11.572188,11.08099,11.293438,13.61,10.881875,10.583177,10.021719,10.166875,9.75474,10.802864
15.092291,10.934115,10.281042,11.339323,10.842865,10.763854,10.580156,10.841094,11.19026,10.491302,10.991407,10.983021,11.404583,14.567969,15.799635,12.657604,10.366302,10.412344,10.679844,11.474791,11.328489,14.764322,12.575677,12.42875,13.768333,12.182969,12.540886,12.761094,12.435052,12.607604
25.052604,19.97849,28.452239,8.398386,8.604792,8.503594,8.72823,8.688541,9.267552,9.307136,9.179218,8.926615,8.019896,7.624532,7.668229,7.606198,7.712604,7.444114,7.468385,7.53724,7.265833,7.292656,7.574322,8.464427,9.211563,9.595365,9.408125,9.208958,9.956771,8.763385
14.026354,9.36125,9.857396,9.935989,10.189479,10.258645,9.640313,10.473125,10.428229,10.317552,9.802761,10.488594,10.417187,10.572969,10.82276,11.814687,12.093645,11.630052,13.144115,12.278594,12.02224,11.892969,12.805364,12.443906,12.372448,18.846718,12.646354,12.775729,12.264844,12.014531
10.82224,7.27026,5.961354,5.914739,5.870052,6.030052,5.736094,5.693437,5.650104,5.612604,5.5925,5.664062,5.697344,5.608073,5.538021,5.554114,5.494427,5.498594,5.602083,5.548697,5.607812,5.578594,5.483438,5.940989,6.332187,6.563646,6.799167,7.26,6.830937,7.493854
73.835573,20.623229,26.673803,9.569427,9.923593,10.647031,10.54,10.361614,10.465364,10.447395,10.633333,10.126094,10.146407,10.582968,11.49125,11.228542,11.512187,11.531458,13.504792,11.653125,11.794688,13.733698,11.659062,11.601823,11.548542,13.157187,12.248281,10.684219,10.090781,12.598177
15.246042,10.0075,10.009063,9.881771,10.016771,10.320053,10.929948,10.860261,10.978333,10.671875,10.485312,11.327239,11.05276,10.544167,11.928541,12.605677,12.236354,12.123541,11.885937,11.976093,13.569427,11.88474,12.82,12.265729,12.568177,13.273802,13.286927,12.808281,12.645572,14.041145
22.067292,30.287917,9.636771,8.690781,7.951146,9.083385,8.655104,8.815937,8.705,8.38125,8.236511,9.135938,8.945104,8.875208,8.963959,9.267605,9.003438,8.887812,9.131927,9.975,10.224844,20.30526,8.765416,8.424948,8.719896,8.674375,9.48099,10.042968,9.273802,9.629375
15.082552,9.858646,9.418802,9.921562,9.922292,9.628125,10.164427,9.760885,9.949062,10.208282,10.643541,9.850886,10.295312,10.724531,10.300313,9.765625,10.423177,10.556979,11.593958,12.934583,12.267031,15.082292,12.724896,12.334219,12.064322,12.582188,14.268906,13.933073,13.602552,13.691823
13.35849,8.596093,9.293854,9.008802,9.241979,9.020625,10.004323,9.357448,9.553385,9.631562,9.517552,9.648229,9.492448,9.464896,9.437708,9.96,11.259739,10.930572,10.776771,9.885,11.097864,10.425625,11.102864,11.817031,11.857656,12.962708,15.244167,12.441823,11.904011,13.593542
69.642396,18.154635,11.428177,9.453073,9.37526,9.814427,10.039167,10.202084,9.691458,10.148542,9.936146,9.945,9.915416,9.863854,9.783542,9.915313,9.263802,11.338125,10.972969,11.786042,11.397864,10.95776,10.909479,10.54573,10.606615,10.900208,11.118334,11.324635,10.542917,11.08125
12.698334,7.922396,7.858698,8.137604,8.149791,9.125209,7.828125,8.289843,7.75125,8.758073,8.957865,8.426146,8.534427,8.242864,8.507396,9.010782,8.263386,8.624375,9.464896,9.564114,12.161198,10.816875,10.543229,10.316198,10.506823,10.132917,11.011719,10.025468,11.820989,9.632292
26.484479,21.449167,8.668385,6.399531,6.465208,6.892656,6.803854,6.933802,7.070729,6.462083,6.446302,6.529167,6.166615,6.870625,7.042083,7.185104,7.032813,7.025729,7.261458,7.381875,7.019948,6.947031,6.654739,7.400313,8.991875,7.96224,7.875417,7.982291,9.839739,8.759948
15.425469,8.300312,7.662812,7.659531,8.02651,7.498542,7.173854,7.423334,7.147813,7.973906,8.032864,7.682865,8.07849,8.188958,8.491979,8.699687,8.994948,9.021198,8.31526,8.29349,10.927396,10.560261,9.789531,9.94401,10.253386,11.390312,9.623021,10.501146,10.930677,9.659115
13.962969,9.700104,9.886406,9.941719,10.209583,9.955052,10.200469,10.145886,10.140469,9.921198,9.929792,10.67625,12.600104,12.08948,12.167552,12.102552,12.957136,12.061927,12.094218,14.427291,12.277396,12.020573,12.076354,13.118593,11.998125,13.438438,13.374219,12.119896,12.01875,11.894948
12.936562,7.440365,14.653906,7.033802,7.035469,22.142604,27.709948,7.285469,7.175938,7.254791,7.169636,7.249948,7.475313,7.677031,7.34599,6.821354,7.258906,7.384895,7.080417,7.015469,6.652604,7.044271,8.101615,6.994428,7.604687,7.528646,7.665416,8.006979,7.558334,7.563906
11.742135,6.224844,7.041042,6.249271,6.555,6.740573,7.179896,6.811823,7.46,7.109115,6.898542,7.364011,7.435937,6.787761,7.49849,7.035573,6.427552,6.842864,6.702917,6.974323,6.968594,6.820417,6.759531,6.373854,6.083958,5.973802,6.346823,5.975886,6.538177,6.657709
21.442656,22.007708,8.984375,9.188541,8.997969,9.125105,9.115104,9.117917,8.967135,9.065886,9.976458,9.830885,10.236667,9.753906,11.663906,11.54625,11.386666,11.526042,11.531667,12.589219,11.528802,11.728385,12.349271,12.372291,11.743021,11.606042,11.716562,12.10401,16.210781,11.266875
15.270364,11.010886,10.616354,11.756563,11.292188,10.801406,11.102396,10.906563,11.205416,10.624166,11.211406,10.773177,10.744688,10.752761,12.27026,11.047084,11.282344,11.657813,11.751146,11.954583,12.42974,12.518177,14.6425,12.5075,17.531511,14.741198,11.114791,11.091041,12.960782,11.969635
13.251875,7.88026,8.370469,8.045938,8.376823,8.184896,8.110781,8.099271,8.774792,8.368178,8.851562,9.423594,9.967656,9.904688,9.359427,9.405469,8.817135,9.562292,11.014739,11.141459,11.532448,11.411355,11.342083,12.161667,14.568646,11.040989,11.401042,11.946146,10.889167,10.704635
19.854375,23.017135,7.671355,17.021719,8.152448,6.394687,6.394844,6.486302,6.315156,6.109948,6.176771,6.462396,5.820573,5.986927,6.570938,6.05651,5.857187,5.697969,5.760312,5.827448,5.743438,5.781875,5.76198,5.788021,6.300729,5.758958,5.82,5.738438,6.184532,6.436041
14.32677,9.354843,9.342135,8.731562,9.526042,9.684166,9.419584,9.102188,9.281823,9.782448,10.506407,9.970521,10.458854,9.853594,9.749427,9.934427,11.95151,11.604323,12.015677,12.490365,12.13375,16.51349,11.866511,12.160521,13.866615,10.346927,12.733021,10.397031,12.205886,11.05375
22.768281,25.225886,10.127084,10.085,10.723698,11.753385,11.050833,11.222813,11.132291,11.550729,11.859271,12.188229,13.177135,12.564479,13.747605,13.250261,13.534635,13.474218,16.761198,14.05849,15.672448,13.315937,15.770469,11.57125,12.002968,11.278333,10.857031,12.096771,12.023178,12.175573
11.635886,6.900364,6.626823,6.34974,6.60349,6.776406,7.258177,7.038698,6.635052,6.685208,6.63073,7.130625,6.790105,7.005573,6.953385,6.444062,7.003334,6.895261,6.61026,6.786511,7.338125,7.717604,7.487552,7.534115,8.448229,7.505469,7.833333,7.598906,7.49276,7.345782
11.466146,6.730677,6.528334,6.547552,6.548542,7.77151,7.679531,7.652656,7.303125,7.484635,7.849687,8.054271,7.749583,7.517708,8.124375,8.170989,7.937916,7.497396,7.773542,8.689323,9.127344,9.666719,8.124948,8.067344,8.007604,8.085833,8.323489,8.208125,8.394636,8.770885
20.317239,27.135469,32.344479,9.165,45.500625,9.852605,10.080469,9.495833,9.686563,9.537239,9.727708,9.891458,9.782083,9.906094,9.531458,10.07349,9.645416,11.93599,10.97849,10.856406,10.884636,10.375052,10.43224,10.349115,10.172344,11.654063,10.50151,10.891406,10.851146,11.378802
14.273386,9.556823,9.701562,9.55875,9.47599,9.396354,9.462239,9.561927,9.522135,9.395052,9.339062,9.340416,9.474322,9.376094,9.897188,9.840209,9.996302,11.415833,10.587292,10.928073,10.972032,10.719636,11.7125,11.75599,11.337396,11.907083,11.248542,13.128854,10.72901,11.531406
23.941197,21.558178,9.405364,9.334844,8.915677,9.851927,9.841719,9.722396,9.425365,10.427552,10.310209,10.132604,10.395156,10.219375,10.247968,10.417395,10.205937,10.229583,11.879375,10.7725,11.118073,12.64526,10.960312,12.233437,11.279948,10.669166,16.552239,10.814532,11.738073,11.344896
10.513125,6.475833,5.958334,5.801719,5.999114,5.697291,5.904063,6.277604,6.123906,6.072187,6.034166,6.260104,6.650937,7.290885,7.33776,7.480781,7.50625,7.753386,7.05099,7.096563,7.591198,7.75875,7.074584,7.064843,7.507552,9.078177,8.364687,8.26724,7.622708,7.795053
15.438906,10.148854,10.440833,10.079896,11.479167,11.334062,11.257657,11.288334,11.344011,11.197344,10.646094,10.661355,11.397188,12.938125,11.582291,12.210782,12.296979,14.096979,13.163854,13.79099,13.362708,13.229114,13.894791,13.290312,13.094375,16.840052,13.0,13.942083,13.334583,14.54802
84.559427,9.418594,14.908802,9.51125,7.949219,7.855313,7.873125,7.816354,7.810782,7.732552,7.697292,8.542917,7.853177,8.516667,8.101094,9.219323,8.737813,10.256563,8.888646,9.557657,9.52349,9.463021,9.240468,10.110157,9.166198,10.511145,11.059531,9.096927,8.921197,9.086875
13.064636,8.413333,8.202136,8.560104,8.637343,8.82573,8.853802,8.557396,8.68323,8.557239,8.551407,8.402292,7.867709,8.016927,8.046667,7.859427,8.008646,7.899948,7.973073,7.95276,7.938698,7.87625,7.883386,7.906614,7.885365,8.607969,7.876771,8.427135,8.636823,8.83651
24.552657,21.004167,9.354271,8.106875,8.205417,8.310417,8.560573,8.312396,8.444635,8.68802,8.486458,8.285625,9.030938,9.025417,8.978333,8.805052,8.752552,20.432031,10.334948,10.135365,10.155625,10.192604,12.381771,10.140989,10.122343,10.17375,10.156719,10.350417,10.447135,13.197188
13.581614,8.691875,8.694844,8.484062,8.720208,8.648594,8.96375,8.556615,9.59349,9.887656,9.241407,9.888854,9.123854,9.437656,8.968125,9.370469,9.186719,9.996458,8.607708,9.250885,8.989062,8.637083,8.51724,8.159739,8.770989,9.580052,9.041562,9.317031,9.762969,10.201458
14.061771,10.208958,9.525365,9.513854,9.474218,9.447708,9.923594,9.48526,9.923073,10.101667,10.265625,10.212344,10.21401,10.70625,10.906771,12.822604,13.155469,12.134323,12.202291,10.158125,11.073073,11.855156,12.629895,13.160469,13.720469,12.627604,12.651875,14.320104,14.709323,13.664635
19.612136,18.554011,20.548802,17.584896,9.328177,9.678229,10.124531,10.032813,9.925469,9.61625,9.906198,10.447291,10.399167,10.413177,9.977552,10.852604,14.796042,12.458542,13.10625,11.125052,11.548333,16.706197,10.502969,10.884791,11.694427,11.794843,12.787812,12.736302,12.131927,11.9625
15.428959,10.307135,9.62,9.966771,10.611042,10.927709,10.91776,11.284583,11.023489,10.896042,10.967343,13.040938,12.982864,12.801302,13.148073,12.96375,13.106875,15.820469,11.902083,13.23026,12.858386,14.232292,14.700938,12.48375,12.627136,13.06651,12.962083,13.384375,13.062917,13.286406
25.178229,25.81474,13.93802,9.177604,9.687916,10.308177,10.505833,9.937448,9.796667,9.880052,9.715,9.800521,11.321146,9.76073,10.584948,11.545573,11.106459,11.43875,14.461511,16.821979,10.477552,11.048385,11.364167,12.157031,11.544427,12.590156,11.960469,11.767396,11.484688,16.346979
15.8325,10.388282,10.361406,10.630781,10.64875,10.385052,11.136458,11.733385,11.163073,11.121354,11.517031,11.549531,11.551875,12.051927,13.536563,13.08151,12.960469,13.662968,13.951823,12.18375,11.780573,11.158386,10.996979,10.920365,12.24625,12.267135,11.340989,11.418645,11.588646,12.636563
12.975678,8.0825,7.979687,7.772708,8.280729,8.587864,8.242864,9.073437,8.737968,8.367188,7.592396,7.485209,7.154166,7.204531,7.412083,13.768386,7.347448,7.245833,7.406667,7.279063,7.302708,7.306927,7.411875,7.282343,7.237448,7.349375,8.379323,8.394635,8.511563,7.775
89.516719,10.494739,27.918177,10.024583,10.789635,10.811354,9.848594,10.728958,10.284375,10.849427,10.512084,10.401406,11.098958,12.300833,10.747292,10.508646,10.57849,11.598281,11.18052,13.253959,11.413958,13.770937,12.669375,11.363281,10.553542,10.448437,10.280677,10.286146,10.691458,11.270416
14.542657,10.002969,9.257135,9.330365,10.484531,10.503229,9.943177,10.34651,9.988958,10.187343,10.82349,13.699948,13.005625,12.882084,13.362032,12.998229,12.749062,13.647344,12.913646,12.979166,16.413698,12.889375,13.659583,12.97073,12.642448,12.090052,12.72375,10.311667,10.064166,10.994375
28.391979,18.932916,13.948021,9.164479,9.935416,9.737864,9.502656,9.933802,9.919583,10.169375,10.938229,9.939531,10.078021,9.875156,10.723021,12.188229,11.811197,11.705104,13.253281,12.127135,12.277083,13.536667,12.591355,11.956197,12.215782,12.611198,12.056354,12.021771,11.665625,12.43026
10.855729,6.493489,6.434063,6.690833,6.75724,12.384375,6.514531,6.535729,6.806667,7.012396,7.228125,7.647864,7.975261,8.014635,7.920261,7.927656,7.441771,7.456146,7.560156,7.572864,7.44125,8.024948,7.600469,9.267031,9.137969,8.771979,8.806823,8.825468,8.869062,8.339479
13.12125,9.027604,8.795208,9.213698,8.628698,8.792344,10.189062,9.609271,9.692395,9.734739,9.487604,9.301562,9.199479,9.227656,11.347969,10.07474,11.283907,10.140417,10.339583,10.969739,10.512812,10.295625,10.148802,9.936718,10.06349,10.216198,9.748437,11.096875,9.244219,9.838177
27.149271,52.548073,22.035885,11.622813,11.918542,11.254479,11.488125,12.67552,12.827969,12.360313,11.872813,12.076302,12.260156,12.591666,14.050052,14.085885,22.7275,14.513177,17.121354,13.970729,14.117605,14.171042,13.80724,13.790937,13.602344,13.891302,13.63375,14.284532,14.489532,13.614167
14.650833,10.211823,10.007344,10.441875,9.840104,10.754479,10.248958,11.168438,10.871094,10.990729,10.507292,10.151771,11.809583,13.147864,12.646458,12.598125,12.981355,14.286666,13.051511,13.030677,13.212396,13.160572,12.87823,13.129583,17.177448,14.362864,13.283594,14.167813,14.027344,13.112239
14.63125,9.867865,9.639739,10.205833,10.402656,10.125729,9.828229,10.21427,9.85776,10.193854,10.570312,10.814375,11.277656,10.341302,11.218594,13.078959,12.032761,10.81849,10.026563,10.511771,11.032552,11.529792,11.833906,12.586667,13.43,14.057448,14.656198,12.767343,12.74224,12.684323
18.861979,13.762031,18.321146,11.093958,25.485156,6.992657,7.798281,6.922864,7.162395,6.973542,6.805989,6.846302,6.992135,6.774427,7.12151,7.229635,7.28099,7.385781,7.442552,7.480625,7.452031,7.346771,7.46849,7.354896,7.466666,7.434114,7.654011,7.330729,7.424896,8.292396
16.207136,11.097552,11.280261,11.997865,11.977344,11.149063,11.911042,12.009688,11.974219,11.180416,12.044844,11.651614,12.82474,12.404583,13.059948,12.419792,12.616146,13.342292,12.938177,12.696927,16.248073,12.798855,14.218073,13.84151,13.56349,13.260416,11.976875,11.928645,12.06802,13.779114
11.768177,7.675885,6.600157,6.828958,6.62198,6.870468,7.265261,6.825833,6.816666,6.970729,6.826823,7.051563,7.107031,7.166562,7.223073,7.277813,7.123541,7.862552,7.45474,7.480417,8.05974,7.602395,7.979062,7.468698,7.40276,7.78401,7.546562,7.404375,7.074583,7.887916
20.418229,23.915781,15.230053,15.451407,11.338802,11.236927,11.163855,10.563073,10.875573,11.42276,11.93724,10.791979,10.614688,10.849219,10.939635,10.971302,13.283177,13.781667,12.307344,12.965156,12.326666,12.110052,12.00901,14.671979,14.400417,12.2775,14.503959,11.291823,11.870053,12.05
11.588698,6.47552,6.657865,6.130573,6.509323,6.609323,6.786042,6.929531,7.083802,6.862188,7.268541,7.687292,7.439375,7.074844,6.676615,6.800782,8.002761,7.255261,6.946458,7.328855,7.44401,7.992136,8.248334,7.459271,7.924532,7.170729,7.844635,7.663698,7.58948,7.946042
23.939688,17.464062,21.187396,10.115469,11.228958,10.598593,10.700417,10.863854,11.580416,10.877552,11.696979,11.197344,11.219114,10.862656,11.963906,13.081458,13.264167,13.419115,13.056822,13.26552,17.018385,13.526562,14.171927,13.030729,12.818021,12.970625,13.066094,25.95875,12.805833,12.342813
11.398385,6.119323,6.174896,6.142396,6.535209,6.794844,7.053021,6.936302,7.574688,7.533646,7.502656,7.2075,6.738334,6.715,6.763854,7.244219,7.242552,7.281771,7.721667,7.382344,8.195,7.574635,6.578021,8.781146,8.333645,8.284896,8.703386,10.178906,8.132916,8.701563
13.602916,7.358698,7.39974,7.405365,7.374115,7.437865,7.341459,7.29901,7.336875,7.283281,7.293854,7.31125,7.31625,7.349375,7.668854,7.664479,7.93073,7.979167,8.533073,8.044271,8.166615,7.866146,8.430417,8.144115,8.241511,8.372969,8.440313,8.353542,10.839271,8.965209
23.353385,11.707605,21.91151,24.990782,7.021667,6.763229,7.326354,7.74401,7.027865,6.843906,7.472761,7.060104,7.143021,7.620052,8.051875,8.038906,7.911146,7.986822,7.879635,7.953541,7.916198,7.820313,7.939271,7.205312,7.688021,8.664375,9.180521,8.501458,8.917708,12.082709
12.54073,7.994219,7.880938,8.328333,7.960156,8.553072,7.617396,7.339843,7.479896,7.334583,7.147031,6.807657,6.755937,7.023177,7.067657,7.050625,7.195468,7.068385,7.149219,6.959219,7.042396,6.93099,7.073281,7.262084,7.638177,6.83526,7.186458,7.986927,7.602761,7.780469
21.224219,9.920677,41.250833,8.942865,7.233073,6.725312,6.860052,7.302604,7.503542,7.244583,7.237239,7.155469,7.585781,7.058021,7.700469,7.947136,7.937656,8.249011,7.796823,7.802552,7.87625,7.897291,7.729635,8.934844,8.959063,8.506094,8.553333,8.784375,9.160573,9.427552
15.12677,9.909115,9.316354,9.257448,10.496145,9.712396,9.032083,9.638021,10.013073,10.268906,10.479584,9.330261,9.297448,10.118802,9.983542,9.32651,10.241459,10.484792,10.383906,10.407605,10.925104,12.064218,10.95125,11.154584,11.074844,11.421979,11.037604,12.858437,10.827865,11.862812
12.567083,8.504532,8.265572,8.513854,7.953802,8.428073,8.161875,8.179428,7.978489,9.001615,8.287136,8.003073,8.670573,8.966875,8.88151,9.010885,8.799167,8.551406,8.782604,8.485365,8.377709,9.355729,9.041094,8.734427,8.552292,10.419063,9.259895,9.722604,9.522812,9.707917
60.7575,38.894219,16.314635,10.916094,6.067552,5.990677,6.875677,6.875416,7.010104,6.659011,6.571146,6.551771,6.604688,6.639271,6.799948,6.153646,6.373438,6.759687,6.619635,6.679115,7.000364,6.716875,6.879427,6.791563,6.792396,8.231667,7.070833,6.916042,7.013281,6.826407
14.793229,9.74974,9.963438,10.72849,10.908385,10.949896,10.537917,10.70599,11.666875,11.45,10.678906,11.046302,11.726771,11.843697,10.459323,11.668021,11.211146,11.256563,11.333697,11.160938,16.749948,11.167291,11.109844,16.042083,11.336354,11.160781,11.120312,11.144427,11.703281,11.216458
11.504479,6.510156,6.540365,6.078073,6.49276,6.238593,6.373646,6.381198,6.444219,7.145156,7.181719,7.484011,7.573854,7.489531,7.307031,7.214688,7.098541,7.229375,7.241198,7.565313,7.785729,7.746145,7.582187,7.704895,6.851146,7.764375,7.831875,7.480208,7.742344,8.468386
16.431927,23.751563,11.681354,16.242916,8.641927,7.730209,8.355573,7.319636,8.069531,8.911302,7.618229,7.835,8.781354,7.367813,7.35151,8.054635,7.786771,7.385469,8.730573,7.70151,8.425156,8.5975,7.776094,9.123698,8.063385,8.888959,8.806354,7.817187,8.153698,8.803229
13.334636,8.563698,8.933907,8.954063,9.1275,9.429114,9.040468,9.054167,8.862344,9.108489,9.47401,9.855989,9.08651,9.239739,9.188593,8.567968,9.511042,9.387188,9.045208,9.029948,9.648906,10.04,10.170938,10.606823,10.774896,10.820729,15.694063,11.468959,11.170312,12.683854
13.081563,7.128177,7.235313,7.531614,7.44276,7.695469,7.473646,7.474166,7.702083,7.691146,7.443802,7.41,7.846406,7.877865,7.09349,8.715729,8.829167,7.469948,8.262291,8.53474,7.498959,8.583385,8.545937,8.049739,8.673542,9.253073,8.579011,8.336562,8.444739,8.269115
21.24849,16.943541,6.638855,17.000052,5.882448,25.99427,3.370938,3.294115,3.734479,4.36526,3.648855,4.549844,3.968645,3.780938,4.060573,3.886354,3.442552,3.353177,3.897709,3.987605,3.993698,4.217396,3.937708,3.902448,3.907187,3.886459,3.545157,3.139792,3.597135,3.952396
9.166667,4.664896,4.779114,4.611979,5.042552,5.002448,4.6925,5.077656,5.185312,4.844688,4.737448,5.765313,5.299739,5.146406,5.148594,5.534636,5.487083,5.121146,5.432344,5.162604,5.038489,5.065677,5.225625,5.137032,5.086563,5.124427,5.890833,5.289219,5.130469,5.178802
13.266823,12.670729,8.207187,7.04349,7.085417,6.903958,7.013177,6.884583,6.871771,6.882812,6.826094,6.935104,6.954166,6.708907,6.994792,6.658906,6.82776,6.691198,6.741927,6.720938,6.79625,6.709531,7.781459,7.62776,7.044948,7.242553,8.305625,8.06125,7.977812,7.942292
14.522812,8.945834,9.749635,9.309115,10.546771,10.713907,10.186666,10.941042,10.63401,10.692864,11.147865,12.465104,12.213594,13.183229,17.40526,13.263802,13.201198,11.945104,12.225313,12.596406,11.808333,14.866771,12.59526,12.477136,12.121459,13.539636,11.210208,12.148958,12.676979,13.440834
13.826511,8.688594,9.191459,8.48901,8.853281,9.216042,10.023125,9.867292,9.797291,9.90875,10.322604,9.468698,9.917239,9.362812,10.36776,10.885156,10.635729,10.519479,10.976719,11.183542,12.050833,12.169948,11.508021,11.387239,11.627969,11.660104,12.6525,11.501667,11.292083,12.251719
29.394948,19.928594,13.162969,10.123021,10.22177,9.852187,10.171458,10.335208,10.394636,10.09026,10.614166,10.624739,10.28974,10.097135,9.750209,10.065312,9.678646,12.504583,11.502083,10.995053,10.521719,10.127656,10.166407,10.42625,11.387552,10.509479,10.441979,10.35927,10.321511,10.447813
15.701823,11.364271,10.699531,10.829843,11.213541,11.108281,11.028229,11.080156,11.338802,11.402656,12.427709,12.615938,12.410417,12.837709,12.681562,12.47776,12.367708,12.537396,16.382032,14.721302,13.298229,13.04401,14.965781,13.471875,13.565156,15.738646,14.104323,13.222865,12.628281,13.094636
20.249584,10.327448,23.263542,34.888229,9.247865,10.237031,10.469479,9.645625,10.104531,10.948177,9.757604,10.368542,10.192448,10.809428,10.078073,10.494583,10.304219,10.794635,10.783802,10.764011,11.755,13.478281,10.967812,11.243333,10.945208,11.094584,11.582761,11.578073,14.140937,11.46151
18.698646,15.077343,14.129635,14.661406,14.763073,15.110417,14.861563,14.532917,14.934271,17.698906,14.828594,15.325469,14.797708,15.781406,15.0575,15.519844,14.912135,15.177187,14.701615,15.375781,15.22625,15.188282,14.992344,15.029792,15.574271,16.508489,14.715469,15.372604,14.870729,14.886875
10.887864,5.737292,5.663854,5.510261,5.618646,5.728073,5.656927,6.084011,5.405625,6.247813,6.437396,6.340781,7.085572,6.416459,6.580886,6.766094,6.425052,6.423437,6.594792,6.947812,7.151094,6.958802,6.435468,6.573333,6.287552,6.881927,7.00901,6.298177,6.878958,6.751875
63.629011,69.11776,10.689271,9.573489,51.781198,8.471042,8.437864,8.89224,8.618177,8.233073,8.537396,8.681614,8.841874,8.803854,8.822136,10.100313,8.209531,9.221823,8.895104,9.295,10.030678,10.415364,10.819375,10.676146,11.33474,10.774948,13.463854,11.09526,10.866094,12.640312
13.100104,8.649115,8.954792,9.462917,9.445208,9.47375,9.389791,10.062657,9.96802,9.748541,9.725417,9.866667,9.97724,9.930625,9.440261,9.955052,10.173021,10.482187,10.699375,11.18875,11.408177,11.085052,11.465313,10.972188,11.766562,11.601302,12.75526,11.852708,11.319791,11.529375
19.321511,23.021459,13.370469,12.965364,13.090729,13.86323,13.924063,13.888437,13.213177,14.292136,14.57375,14.886511,14.250885,14.134636,14.288594,13.980157,14.150417,14.027344,16.092604,14.485313,15.048333,17.073386,18.666614,16.823125,15.147084,15.044011,14.111146,16.757708,16.506771,15.625468
18.415208,13.880416,14.075886,14.326094,15.128334,14.705938,14.331667,14.370937,14.45526,14.773958,15.829167,15.638959,15.839896,15.945052,15.851042,15.643698,15.973073,15.435521,19.480521,15.445937,16.071666,15.545833,15.462605,17.269635,16.065521,16.946563,15.865989,15.206146,15.291615,15.62375
12.743333,7.948958,7.771511,8.19,7.904896,8.539531,8.92375,9.1475,9.120104,9.046511,8.496146,8.887344,9.242292,8.08526,10.746927,10.185573,10.205261,10.207812,10.420364,10.120104,10.122187,10.615625,10.009375,10.793646,11.588281,10.75,10.006771,10.366302,10.349635,10.229167
80.883646,11.448281,10.19776,17.987865,7.048385,7.018125,6.909167,6.833959,6.763177,7.143021,6.805729,6.935,6.759062,7.242657,7.462292,7.912656,7.938021,7.656719,7.470938,7.91125,8.497344,7.622135,7.844584,7.296927,7.924948,8.091354,8.08651,8.181197,8.5375,8.445052
9.812917,6.071302,5.793906,5.6925,5.452916,6.365104,5.799271,5.87974,6.023438,5.932396,5.941197,5.904532,5.959844,5.911615,6.272135,6.340834,6.23,6.702395,6.385677,5.968438,6.224896,6.051511,6.093698,6.299896,6.283229,6.208854,6.445157,6.274167,8.190521,7.088437
9.555885,18.265937,14.090834,4.775208,3.674635,4.098281,4.701615,4.4575,5.500365,4.68401,4.63448,5.227969,5.005365,5.02276,4.680156,5.25323,5.689062,5.030625,4.997188,4.68099,4.427657,4.498542,4.640573,4.656927,5.090989,5.465886,5.118802,4.599895,4.661093,4.273855
19.818177,16.568802,15.470416,16.179948,16.4575,16.244844,16.451563,15.78026,16.368437,16.564271,15.818229,17.951667,18.230573,16.54198,17.056667,18.458698,15.825885,15.805886,15.397396,16.172709,15.755521,15.886927,16.948021,16.256198,16.289635,19.363645,18.29177,18.180052,18.18125,16.875573
34.535156,41.957605,22.840781,23.171614,22.875781,22.97875,23.780209,23.937448,24.72776,33.128281,28.37,28.649271,26.234896,27.236197,25.103021,22.552552,22.629792,22.881406,28.477865,31.267656,26.456146,30.414531,24.576615,22.42375,25.366563,26.851719,25.920938,25.700573,26.011459,24.304948
37.13651,32.399219,31.947396,31.766667,33.361718,33.630365,37.946875,32.838334,34.491094,32.554584,39.102657,37.6175,38.666145,38.253697,37.76125,44.587552,42.055938,31.434532,36.236927,34.945,33.281771,38.158073,35.869375,36.631511,33.826354,33.966354,35.865208,36.345989,38.550677,35.122552
69.610365,46.352864,46.767291,46.71427,47.987448,50.640156,48.51177,48.231406,47.929896,48.015833,47.507604,49.329843,48.044792,47.745313,45.1975,46.027968,47.179739,45.953593,47.768073,47.800677,48.228073,48.017239,47.615468,47.738177,48.023854,47.794323,46.37,47.701146,49.173542,47.260417
