10.601146,2.722969,2.875,3.131406,2.975469,2.915052,2.984635,2.594427,2.847865,2.777344,2.800625,2.775886,3.023438,2.869583,2.755156,2.738698,2.774062,2.68474,2.699011,3.209427,2.966927,2.944688,3.241094,2.91651,3.104219,3.943021,3.524375,3.897657,3.491667,3.348334
10.452864,2.278334,2.229844,2.241198,2.183229,2.240625,2.204583,2.404427,2.460834,2.434532,2.432969,2.666875,2.273438,2.262969,2.286771,2.265208,2.235625,2.225261,2.247813,2.272708,2.238177,2.235,2.23974,2.405989,2.395989,2.392761,2.388906,2.836042,2.513334,2.792968
11.155417,3.227396,3.191614,3.157656,3.116928,3.119791,3.145729,3.538802,3.19125,3.528906,3.558542,3.327916,3.540052,3.440729,3.412865,3.288281,3.2525,3.416979,4.087344,3.763854,3.853854,3.85224,4.102448,4.099323,3.822136,3.609218,4.282396,3.862136,4.368958,4.573229
12.110469,10.715782,6.250521,7.591667,8.333177,14.359115,7.335938,2.386823,2.362344,2.619427,2.59474,2.778802,2.769947,3.081146,2.711667,2.980469,2.742135,3.011719,3.668021,3.660937,3.518125,3.763803,3.663542,3.682552,3.326511,3.66875,3.200104,3.627031,3.25026,3.644271
10.305886,2.391875,2.339114,2.302917,2.24323,2.418021,2.476458,2.760104,2.44776,2.787917,2.457239,2.715313,2.421823,2.445104,2.391927,2.388698,2.376823,2.361302,2.325885,2.33177,2.394428,2.588489,2.625156,2.589427,2.610625,2.663281,2.644688,2.782656,3.403959,3.000989
11.097813,2.416094,2.340417,2.475416,2.487239,2.500833,2.42151,2.228073,2.51349,2.222396,2.625417,2.714271,2.365104,2.762292,2.554167,2.524636,2.525052,2.559375,2.628073,2.790572,2.762396,2.578333,2.488645,2.390365,2.921615,3.047344,2.993698,2.561094,3.142812,3.192291
11.097396,2.721146,3.005886,3.074688,3.020782,2.957292,3.285313,2.801823,2.817761,2.776198,2.795156,2.938646,2.905781,2.91125,2.655417,2.847656,2.786823,3.065364,3.111927,3.065521,3.044844,3.183855,3.210417,3.3125,3.840833,3.971823,3.761771,3.514166,4.009375,3.755886
10.554375,2.883125,2.75125,2.769844,2.790208,2.85,2.822969,2.740261,2.773177,2.867865,2.874063,2.776042,2.717916,2.683489,2.71875,2.718802,2.693906,2.730365,2.685834,2.650156,2.722032,2.701667,2.794115,2.723386,2.78448,2.97276,2.73151,2.725573,2.627135,2.75625
11.176563,12.140521,13.610625,8.188177,10.303959,5.939688,6.533594,2.341979,2.374792,2.585782,2.407968,2.42901,2.910781,2.544792,3.049479,2.650937,3.005781,3.257447,3.527708,3.504115,3.063281,3.522552,3.026458,3.341719,3.730104,3.323907,3.719114,3.266875,3.722187,3.631979
10.797083,2.556719,2.439011,2.437395,2.428489,2.36224,2.348489,2.506718,2.473854,2.485313,2.55875,2.68349,2.976041,2.617083,2.716771,3.025416,2.725416,3.100885,2.753594,3.042083,3.189636,2.730885,3.045782,3.105833,3.517552,3.074427,3.546094,3.003594,3.544895,3.214167
11.018021,2.871979,2.837396,3.08125,3.061094,3.03625,3.001407,2.954115,3.110521,3.322187,3.20099,3.589584,3.199636,3.627865,3.214896,3.425886,2.983177,3.494166,3.015677,3.509948,3.834636,3.714635,3.859791,4.084219,4.10724,3.702812,4.1275,4.180364,3.701822,4.350417
10.980886,3.117083,3.173021,3.233906,3.216094,3.256667,3.276615,3.834427,3.519479,3.48,3.559479,3.696041,3.937865,4.401875,4.439479,5.117292,4.043594,4.414218,3.768854,4.585833,3.961406,4.466875,4.333542,3.932188,4.078854,4.080521,4.377448,3.905261,4.143177,4.038645
11.404896,3.052553,3.237083,3.225312,3.149791,3.079739,3.048281,3.187395,3.805417,3.769635,3.532865,3.93026,3.614062,3.916198,3.855677,4.344895,3.798073,4.414687,3.780833,3.889479,4.287084,3.735938,3.707031,4.304479,3.658645,3.697917,4.325937,3.707083,4.32125,3.975677
12.75849,10.565313,7.608021,8.099531,7.826615,13.842969,7.694844,3.065781,3.306875,2.908281,3.194115,3.275729,3.287448,3.647032,3.826354,3.679739,3.532864,3.808281,3.609688,3.883229,3.730469,4.367188,3.88651,3.91125,4.267084,3.8425,4.024166,4.508854,4.367291,3.851666
11.031459,2.713958,2.79724,3.095156,2.791615,2.756303,2.688333,2.624948,2.672709,3.003906,2.899687,2.83125,2.891614,3.074271,3.365364,3.446406,3.286302,3.352396,3.477969,3.330729,3.979063,3.224427,3.652031,3.645261,3.736615,3.310312,3.299635,3.684219,3.825781,3.461823
11.985104,3.957916,3.429166,3.245625,3.67651,3.79349,3.605677,3.551927,3.535417,3.408541,3.597083,3.893645,3.95026,4.078854,4.230209,4.027969,4.348437,3.755885,4.1375,4.123125,3.651093,4.550625,4.120156,4.544479,4.211302,4.861458,4.300573,4.839739,4.800365,4.782032
12.088541,3.727605,4.2325,3.971302,4.469323,3.784114,3.732969,4.067917,3.674636,4.263855,4.392083,4.517187,5.011146,4.371302,4.601093,4.915729,4.692656,5.292657,4.79125,5.087656,4.729532,5.195313,4.672969,5.273594,4.753906,5.357709,4.761771,5.310573,4.614583,5.670573
11.088593,2.934636,2.867812,3.335365,3.108386,3.080105,2.90099,3.026875,2.858333,2.942188,2.964271,2.994011,2.919323,3.021823,2.972396,3.066406,2.897865,3.121875,3.327083,3.181458,3.131146,3.331927,3.661875,3.924895,3.773386,3.70375,4.55125,4.284427,3.888854,3.642396
13.627708,10.782605,10.298125,11.954011,5.557448,10.970729,7.9325,2.950781,2.814792,2.856771,3.012916,3.228542,2.847604,3.003489,2.864219,3.032969,3.031458,3.101719,3.170313,2.969115,3.491562,3.148855,3.205157,3.605365,3.159011,4.26823,3.995156,4.073698,3.765782,4.010625
10.849896,2.856146,3.209948,3.12776,3.099062,3.229271,2.865729,2.87698,2.907917,3.167916,3.026614,2.799635,2.728698,2.710573,2.656875,2.711302,2.664687,2.668958,2.632136,2.953646,3.005885,3.015104,3.236771,3.047916,3.609687,3.597292,3.734271,3.947865,3.349427,3.513021
11.078906,3.244219,3.231667,2.801927,2.836615,3.063959,3.190469,2.785677,2.957292,2.652552,3.129114,3.113646,2.930104,3.454062,3.588698,3.534479,3.555521,3.748698,4.194739,3.725313,3.715417,3.704531,4.144115,3.705,3.688125,3.843333,4.133594,3.814739,4.248073,4.13724
12.501614,3.2875,3.445781,3.429687,3.366771,3.466041,3.428021,3.488125,3.342448,3.327396,3.65599,3.63901,3.695625,4.091979,4.20651,4.273073,3.774844,4.055312,3.813646,4.453698,4.248281,5.202291,4.29375,4.656771,4.142917,4.227604,4.255573,4.242604,4.395678,4.735625
11.196875,3.036093,3.095417,3.349843,3.204947,3.157136,3.405208,3.499323,3.152239,3.159219,3.56625,3.216979,3.425364,3.422604,3.442447,3.942448,3.550468,3.47724,3.8925,3.882031,4.288385,3.926458,3.982344,4.538906,4.124896,3.979739,3.934375,3.886303,3.827136,4.120625
11.95875,8.012552,6.510729,9.951302,10.035833,12.677708,7.445365,8.284427,2.880885,2.767448,2.9775,2.659375,2.919583,2.917188,2.9775,3.118073,3.034323,3.344063,3.326302,3.271875,3.352968,3.329844,3.264271,3.819739,3.491615,3.493542,3.895052,3.486563,4.153021,4.05552
11.410781,3.01849,2.699479,2.539219,3.003333,2.625625,2.552552,2.533021,2.397969,2.325312,2.77151,2.459427,2.435417,2.685468,2.244167,2.546614,2.227656,2.605886,2.658229,2.657344,2.840105,3.049271,2.879479,2.642031,2.73776,3.045365,3.016614,3.449843,3.112552,3.516562
11.434427,3.038489,3.243594,3.309115,3.510937,3.276615,3.344479,3.433645,3.179271,3.651406,3.213073,3.408073,3.552396,3.864792,3.613854,3.542239,3.470052,3.521562,3.829218,4.403333,3.834218,4.370104,4.19974,4.451562,4.136146,3.816615,4.588646,4.331146,3.754428,3.990469
11.11974,3.303177,3.331198,3.537448,2.941458,3.154792,2.947604,2.911511,3.14599,3.412708,3.689427,3.689479,3.44526,3.791771,3.530781,4.24875,4.336979,3.887447,3.89724,3.929271,3.916094,3.779844,4.308125,3.851093,4.571875,4.36276,4.398386,3.874115,4.453281,4.565573
11.748698,2.976354,3.202969,3.188594,3.002239,3.244219,3.501354,3.359688,3.921406,3.527917,3.552656,3.62052,3.755052,3.894323,4.392865,3.892552,3.958906,4.393177,3.915208,3.92948,3.813906,4.363542,3.738542,4.206041,3.853334,4.352917,4.018437,4.183854,4.64125,4.207083
15.591666,9.805938,9.686875,5.410677,7.709844,19.373594,2.516615,2.456146,2.393854,2.249323,2.337448,2.686771,2.336563,2.677292,2.271094,2.207813,2.552083,2.273021,2.271355,2.230885,2.184791,2.834323,2.36349,2.390416,2.344479,2.319844,2.612448,2.511771,3.405104,2.829167
11.422396,2.881614,3.106875,3.04224,3.374219,3.190104,3.29224,3.401198,3.025885,3.033125,3.415104,3.140677,3.111927,2.852761,3.079323,3.060104,3.078177,3.552969,3.173542,3.271823,3.729532,3.378386,3.588802,4.298489,4.167084,4.256302,4.056718,4.454792,3.920989,3.707239
10.319011,2.942813,2.931458,2.930625,2.322656,2.612917,2.58151,2.332448,2.446771,2.814011,2.873541,2.70776,2.354271,2.319896,2.320833,2.617761,2.583489,2.60552,2.893021,2.598438,2.926667,2.557917,2.931615,2.641823,2.994114,2.786823,2.890729,3.338594,2.85375,2.940782
14.551875,2.363854,2.199011,2.169531,2.484895,2.327187,2.60474,2.288489,2.672761,2.244635,2.553073,2.217187,2.481927,2.012969,2.169688,2.37099,2.083072,2.395417,2.099323,2.471562,2.324583,2.672656,2.930417,2.486614,2.91724,2.613906,3.023958,2.914896,3.234688,3.117969
11.351407,2.883542,3.129531,2.864427,3.459322,3.052552,3.009115,3.316875,2.988594,3.285052,3.316563,3.54625,3.216406,3.728125,3.695416,3.333281,3.707917,3.251562,3.991146,3.673541,3.82401,4.506302,3.907448,3.859271,4.177344,3.638386,3.700782,3.722916,3.70125,4.060364
17.026458,15.608281,18.774583,12.965156,7.52323,7.274114,7.364843,7.804583,7.83974,7.935625,8.228594,8.433907,8.773281,9.257083,8.741875,8.739011,8.288281,7.880938,7.889375,8.266667,8.319427,7.881875,8.162239,8.352344,8.758802,8.279843,7.889635,8.229167,7.959635,8.574532
16.945833,9.637135,10.199792,9.402552,10.058229,9.866875,9.726979,9.184844,9.972031,9.998125,10.083229,9.943021,9.673177,10.357656,10.059271,10.096459,9.532969,9.1575,9.77724,10.49651,10.17375,10.201354,10.512865,9.872708,10.419375,10.16401,10.202136,9.823698,9.763594,10.159792
14.415417,6.416406,6.978177,7.812084,7.669323,7.405052,7.607031,7.240573,7.930364,7.738229,7.17401,7.973906,7.875313,7.396511,7.988437,7.513178,7.901614,7.668177,7.688697,7.433542,8.134271,7.883386,8.251823,7.674687,7.747239,7.796823,8.235989,7.845364,7.789844,8.136667
16.30724,7.845677,8.413959,9.017812,9.376042,9.582031,8.918333,9.45526,9.287135,8.616302,9.761667,8.988282,9.311979,8.894583,9.483073,9.350781,9.246094,8.95125,9.297292,9.073073,9.277239,9.528437,9.368437,8.474114,8.764792,10.343021,9.276354,9.557396,9.382031,8.580573
12.585,4.370417,4.646146,4.874843,4.637916,4.347812,4.639687,4.982344,5.025833,5.321823,4.873489,5.417917,5.093333,5.256146,5.366979,5.731094,5.738958,5.273021,5.275208,5.53401,5.603489,5.397552,6.108854,5.535833,5.774584,5.460156,5.80875,5.795365,5.445886,6.04224
19.520417,13.381511,17.641823,17.618333,13.611198,11.256146,11.89276,8.456927,8.611093,9.434896,9.69875,9.22,9.754062,9.059895,9.980989,10.304531,9.923646,9.466823,9.926354,10.013021,9.691407,9.875572,9.985156,10.005156,9.606354,9.922969,9.327656,10.284271,10.224844,9.274218
15.697188,8.195104,8.475417,9.361407,8.991979,9.351719,9.438437,9.012396,8.370364,9.23198,9.581042,8.44474,8.956458,8.841614,8.944895,8.849896,8.854896,8.630573,9.186042,8.986927,9.25026,8.140886,8.385469,8.775521,8.890677,8.628281,8.836875,8.848907,8.797604,9.217864
14.496093,6.539948,7.637031,7.012395,7.451041,7.162917,7.193802,7.519583,7.705156,7.789114,7.20474,7.366614,7.302917,7.362396,7.132448,7.503645,7.385729,7.193594,7.315833,7.464479,7.675573,7.752032,7.018594,7.436042,7.518229,7.262812,7.351823,7.562083,7.528021,7.057136
16.664115,9.155417,9.458593,9.365,8.590157,8.53,8.667968,8.962187,8.901042,8.652917,9.575365,8.808073,8.366823,8.519271,8.421146,8.380365,9.034688,9.523542,9.008281,8.755625,9.052865,9.475365,9.183282,9.309687,9.264739,9.839583,8.446042,8.905938,8.468073,9.158646
15.532917,7.778073,7.059271,7.538855,7.101875,7.591407,8.276667,8.576562,8.638229,7.828282,8.220052,7.902708,8.41302,8.463333,8.610312,8.539271,8.526875,8.716406,8.081771,8.689114,7.871146,8.001094,8.50875,8.130573,8.91875,8.317968,8.490885,9.562917,8.671146,7.858229
17.399792,16.479115,14.383281,9.939531,23.486094,17.220781,7.938698,8.384584,7.793698,8.794375,9.04552,8.8325,8.58224,9.310469,8.964166,8.672083,8.571355,9.047448,9.271719,9.321042,9.16875,9.473386,9.366198,9.2275,9.346666,9.449739,9.714427,8.658385,8.977292,9.38052
14.877605,6.560833,6.737135,6.675312,6.746927,7.775,7.686823,7.18948,7.799219,7.126094,7.745,8.095573,7.28974,7.722136,7.814636,8.05724,7.926927,7.190781,7.228386,7.612656,7.609062,8.105885,7.335886,7.989167,7.887448,7.3425,7.729531,7.633437,7.302292,8.301093
12.561459,4.979427,5.189635,5.487917,5.687083,5.610625,6.172864,6.199427,5.876406,6.11875,5.964583,5.520625,5.937656,5.995365,6.017396,6.060468,5.953073,6.036667,6.169115,5.79526,5.445313,5.865521,5.91026,5.605156,6.052083,6.11099,5.724167,5.589167,5.983542,5.436563
14.893177,6.820625,6.753959,7.236771,7.400052,7.718906,7.721562,7.222292,7.580938,6.987135,7.444844,6.982865,7.045625,7.608698,7.138334,7.294687,8.032031,7.891145,7.971823,8.283073,8.380834,7.693386,7.125313,7.475,7.209531,7.571562,7.962708,7.595886,7.75375,7.53474
16.051354,7.839896,8.174636,8.904166,9.080625,9.495313,8.895989,8.547187,9.240209,8.752344,8.848177,9.445208,8.478333,9.076718,8.516666,9.228177,8.853177,8.987031,8.793959,9.035104,8.367969,9.276667,9.48651,10.411563,8.973958,9.158854,8.732761,8.773281,9.940052,9.451719
18.205,12.952552,13.506094,7.19401,12.862239,9.274531,12.293072,12.80875,4.875885,5.125104,5.234167,5.536042,5.491302,5.365052,5.793437,5.953698,5.818125,5.831198,5.809218,6.155417,5.829323,6.005052,6.329271,6.156511,5.844792,5.835938,6.099219,6.044583,5.697708,6.457657
13.478125,5.471667,5.688281,5.253906,5.322656,5.613386,5.620677,6.112083,6.326875,5.925834,5.940157,6.56724,6.349479,6.401718,6.766459,6.253072,5.968438,6.407188,6.310938,5.658593,5.94776,5.99724,6.076563,6.830938,5.971615,6.128646,5.987396,6.773385,5.918542,5.982448
15.363334,7.142916,6.806459,7.190521,7.703282,7.58474,7.743021,8.128177,7.621927,7.760729,7.507813,7.63849,8.087032,8.180886,8.300052,8.027917,7.850417,7.953854,7.593906,8.144635,8.132813,7.723333,8.144114,8.101875,7.611458,8.015469,7.581927,8.183646,8.249687,9.622761
16.816094,8.838802,8.904583,9.0325,9.125521,10.10099,9.370885,10.166666,10.106719,9.946146,10.003333,9.393906,10.698906,10.101042,9.587812,9.438803,10.487968,10.492084,10.476875,9.500729,9.778645,10.11875,11.238438,10.585677,10.290625,10.339739,9.201562,10.802552,11.745261,10.215573
14.766406,6.736718,6.299843,7.354584,7.669531,8.016823,7.965833,7.565625,7.749271,7.62901,7.426094,7.933178,7.045,7.415261,7.486719,7.675989,7.506614,7.685573,7.902864,7.425208,7.971198,7.060469,7.607916,7.445209,7.882292,7.574688,7.500521,7.563958,7.636094,7.594479
15.132396,11.113542,10.600104,5.21349,17.648698,14.806615,14.368698,8.342917,11.490833,4.93599,4.905417,5.236354,5.338385,4.944427,5.186042,5.391614,5.725729,5.652865,6.105104,6.086927,5.9925,5.827396,6.176614,5.717188,6.431459,5.772187,5.934427,6.164531,6.495469,6.444167
15.443906,8.050417,8.023386,7.675417,8.258125,7.918178,9.249166,9.698334,8.174219,8.368542,8.691302,9.214427,9.386979,9.479635,8.620261,8.894896,8.31,9.019792,8.721666,8.673594,8.790313,8.63323,8.4675,8.82198,8.502031,9.794167,8.340885,8.411198,8.477604,8.734323
17.177395,9.164844,9.517396,9.323541,8.819687,8.926615,9.640365,9.49125,9.285937,9.678542,10.379531,8.788541,9.10375,9.469219,9.251563,9.45974,9.40875,9.575833,9.262552,9.186198,9.201197,9.530677,10.048542,9.382187,9.479636,9.402864,9.513125,9.287761,9.014323,9.048958
13.549427,5.806875,5.899427,6.26677,6.17323,6.559271,6.035,6.425625,6.025104,5.92724,6.012344,5.985313,5.926458,5.887761,6.328489,5.986458,6.942552,6.853594,6.952344,7.288594,6.823959,6.025417,6.79375,6.454792,6.049166,6.321875,6.055938,6.086562,6.026823,6.053438
13.483958,5.635312,5.679219,5.229896,5.506042,5.66526,5.956562,6.138438,6.206042,6.203906,6.067239,6.030886,6.121407,6.202917,6.255313,6.128125,6.184792,6.167552,6.152917,5.978855,6.20125,6.173333,6.318646,5.75349,6.206042,6.185521,6.497344,5.426198,6.190313,6.016979
20.189167,17.251927,21.823802,20.503489,11.967083,13.070729,7.932968,8.194895,7.958125,8.980208,9.482136,8.502448,8.950573,8.852916,8.783073,9.284323,8.989687,8.708438,8.391563,9.228073,8.693906,9.354271,9.630417,9.325208,9.531615,8.538646,8.905521,8.8875,8.830781,8.452188
16.379635,8.735104,8.781458,8.693698,9.221563,9.459636,9.178802,9.559948,9.3675,9.615104,9.381145,8.796198,9.385729,8.882292,10.378959,9.664271,9.063542,8.856823,9.190989,8.797344,8.899479,8.834844,8.824688,9.341354,9.644531,10.130833,9.108906,9.628438,9.665937,9.655365
16.42573,8.338385,8.179375,8.754636,9.087291,9.651875,8.932656,9.498125,9.003073,9.070989,8.678333,10.155364,10.053229,8.70349,8.587552,8.59099,9.057292,9.736614,9.126615,9.023125,8.977656,9.151979,9.231875,8.679583,8.654844,8.782865,9.920937,9.663854,9.592917,8.882396
12.895469,4.82401,5.140208,5.871823,6.073646,5.612657,5.711355,6.144531,5.6775,5.487813,5.939323,5.544896,5.991042,5.655937,6.01375,5.967188,5.490885,5.814583,6.28875,5.965052,5.81526,6.616927,5.892031,6.029063,6.085052,5.622448,6.032031,5.581146,5.97474,6.117448
17.079323,8.841563,9.258593,10.420312,9.970886,9.968489,10.419532,9.916146,9.80401,9.250261,9.650677,9.598021,9.315,9.253698,9.418334,9.996406,9.816614,9.814844,9.673333,9.709271,9.875468,9.319375,9.664166,9.914739,9.854584,10.310729,10.239479,10.203073,9.814271,10.1925
16.050625,9.13474,13.09724,16.342708,14.094635,16.643125,8.843958,11.608281,6.734322,6.902083,6.550781,7.11375,7.795989,7.414896,8.093542,7.620157,8.313854,8.155104,7.863906,7.71151,7.437864,8.306928,8.057396,7.715885,7.926354,7.999896,8.459583,8.318594,8.4225,8.34349
14.956562,6.710261,6.314167,6.94526,6.849947,7.419219,8.361354,7.780521,7.822032,7.698541,7.338021,8.31276,7.734219,7.786979,7.382396,8.061667,7.509948,8.026458,8.853177,7.890416,8.20099,7.611667,7.171823,7.288907,7.614375,8.020625,8.644532,7.161614,8.492448,7.293021
14.583281,6.617292,6.529688,6.334844,6.632656,7.044896,7.302448,7.41474,7.361302,7.588177,7.485729,7.335677,7.584062,7.261615,7.213125,7.405416,7.868333,8.002812,7.573854,7.605469,7.153906,7.898177,7.159323,7.45125,7.439167,8.009271,7.442969,7.148698,7.42974,7.626719
14.441198,6.734323,6.870573,7.899323,7.967083,7.992656,7.583385,7.580417,7.967552,8.390885,8.337136,7.922656,7.527761,8.351719,8.386302,7.886927,7.955781,7.875156,7.666406,8.715938,8.73323,7.475937,7.439271,7.765677,8.442969,7.915364,8.384583,7.943802,8.057552,7.811719
16.114219,8.426927,8.336823,9.780469,9.868281,9.747656,9.488854,8.824375,9.196666,9.571302,9.543334,9.318333,8.740104,8.952552,9.13401,8.758646,9.165573,8.679427,9.441355,9.335104,9.156197,9.259948,8.99177,9.643854,10.094062,9.291927,9.142239,9.111875,9.705625,9.152604
16.726875,9.664166,20.325469,15.810677,17.090937,12.090416,13.250989,8.246146,7.829584,8.280625,9.31302,8.673906,9.350625,9.162969,9.100104,9.281927,9.145208,9.742552,10.103333,9.154167,8.437552,8.459271,9.379322,9.11875,8.928697,9.583646,9.637448,9.108021,8.628229,8.80849
15.930468,8.238698,8.835833,9.185312,9.417916,9.401822,9.908021,9.98849,9.347292,9.726458,9.964583,9.753229,8.850209,9.372031,9.040208,9.290365,9.537916,9.232605,9.528125,9.227344,9.194896,9.967292,9.332136,10.164063,10.388542,9.784271,9.781198,9.822187,10.162813,9.640834
16.344791,9.269636,8.82698,9.575365,8.892188,9.530157,9.692761,9.896302,9.845312,9.053697,9.418854,8.902604,9.285209,9.230573,8.493281,9.378073,9.311511,9.52427,9.492032,9.510833,8.950208,8.758021,8.597604,9.267291,9.389219,8.905781,9.721667,9.508021,9.440417,9.766198
17.453177,9.210625,9.67901,10.314271,10.146198,10.297864,10.437969,10.159739,9.670208,9.806094,9.999688,9.694062,9.659739,9.98375,9.959687,10.276146,10.431145,10.363594,10.847709,10.320886,10.262656,10.469635,11.266719,10.984531,10.444948,10.044167,9.947188,11.113854,10.569635,9.690573
14.424166,6.417708,6.394635,6.158125,6.770365,6.867136,6.808594,7.07849,7.387032,6.987552,6.849687,6.833489,6.759323,7.106823,7.06875,7.437343,6.906979,7.059427,6.919792,7.36125,7.297604,6.895052,7.209114,7.048489,6.90052,7.042031,6.69125,7.050104,7.136927,7.029375
18.514635,19.563698,17.641458,13.599166,21.090781,13.944948,12.86651,8.971094,9.357552,8.719115,8.838281,9.313125,9.795625,9.583021,10.02802,9.482448,9.33099,9.241771,9.353229,9.782656,9.673125,10.106927,9.666979,9.836302,10.009583,9.789948,10.144427,9.798593,9.671614,9.838177
15.828437,8.723073,9.640052,10.173802,9.593646,9.17651,8.795625,9.700052,8.986718,10.279688,9.754635,9.123855,9.22151,9.586719,9.094219,9.622187,9.519948,9.51651,9.434375,10.079375,9.7625,9.122292,9.052188,9.096354,9.342969,9.508073,9.010208,9.148802,9.267031,9.103854
15.888385,7.955416,8.449167,9.315729,9.751562,8.794948,8.39776,8.329896,8.327343,8.547292,8.179739,8.639115,9.038802,9.473073,8.439844,9.356406,8.628646,8.748021,8.320677,8.363281,8.584323,8.578177,8.383229,8.658646,8.446979,8.578802,8.328125,9.110937,9.359687,8.79875
13.344583,5.960209,6.251719,6.471614,6.152708,6.395417,6.364792,6.390677,6.23177,6.339583,5.87302,6.241406,6.295781,6.307135,6.27526,6.321407,6.3,6.031198,6.512136,6.440364,6.295781,7.575208,6.837344,6.302552,6.323489,6.79625,6.352656,5.950104,5.926406,6.09
14.65052,7.446406,8.130989,8.171302,8.32901,8.339531,7.898125,8.281615,8.096979,7.581094,7.618125,8.030104,8.272083,8.978437,8.966823,8.077239,7.744218,8.242083,7.903073,7.783594,8.906562,8.390469,7.665625,7.535677,8.220365,8.732187,8.894375,7.660781,8.095365,8.147864
20.161719,17.095833,14.782396,15.552188,17.330052,15.592917,8.878073,8.708229,8.769687,9.430833,9.781563,10.042135,9.202136,9.506302,9.280469,9.610417,9.942916,9.145989,9.321511,9.891927,10.034792,9.105885,9.665261,10.048073,9.596042,9.96823,9.964896,9.195208,9.389479,9.850261
17.025677,8.845521,9.274687,9.253333,9.416615,8.965156,10.22099,9.9425,9.949375,11.103594,8.983385,9.111927,9.259636,9.011198,9.077292,8.96349,9.034531,9.357083,10.259219,9.880364,9.442031,10.165729,9.4425,8.786614,10.127969,10.08125,9.529115,9.556406,9.2575,8.811042
16.433698,8.741041,8.788072,9.032969,9.641094,9.980833,10.096979,9.014792,9.548281,9.083594,9.21,8.79224,8.87974,8.852552,8.877396,9.153594,9.198125,9.186771,9.16724,9.459792,9.823594,10.210364,10.208489,9.879948,9.565365,9.436927,8.776198,8.749114,8.779219,9.003386
14.260469,5.696875,6.238489,5.989375,6.428958,6.733073,6.710052,6.699896,6.980364,6.902448,6.781667,7.001042,6.694896,6.803229,6.364948,7.066093,7.113385,6.49276,7.111094,7.099635,7.180052,7.005104,6.344844,7.529375,6.969792,6.752969,6.509218,7.129531,6.451302,7.028906
16.879323,9.528646,10.102604,9.917343,10.743177,10.932344,10.579166,10.965781,11.004479,11.960886,9.902084,10.157239,10.831979,10.553489,10.585729,10.394792,10.588333,10.910937,10.792395,10.686927,10.951042,10.418281,11.224948,10.64776,10.309375,10.531042,10.897968,10.71026,10.639948,10.72677
18.685417,15.556354,16.121562,7.575469,15.94875,28.624271,11.856042,5.494063,5.950989,5.752969,6.266146,5.880625,6.805625,6.804063,6.667239,7.043541,6.454427,6.360104,7.045313,6.331979,6.428802,6.965989,7.057812,6.566406,7.02474,6.452396,6.445834,7.274739,7.294427,6.476562
16.903386,9.195469,9.881145,10.339843,9.84375,9.985573,9.663646,9.236302,10.166666,10.220105,9.287969,9.586302,9.640834,9.555885,9.725416,9.897291,9.805365,9.326563,10.249323,9.737708,10.213802,9.770312,9.502031,9.799167,9.973959,9.607135,9.738593,10.284375,9.785052,9.533646
13.659896,5.566407,5.587917,5.556354,5.208542,5.532604,5.840313,6.442969,5.812552,6.361927,6.456094,5.872969,5.756771,5.768386,6.2125,6.26651,5.774635,6.119896,5.79224,5.819011,6.103072,5.775729,5.811719,5.822396,6.376928,6.404583,6.347083,5.973854,5.937083,6.466198
16.616718,8.91875,8.70099,9.025937,8.757395,8.545208,8.730677,9.181718,8.804896,8.963125,8.926354,9.566145,8.627292,9.371198,8.499792,8.984583,8.460886,9.064427,10.173697,9.413855,9.488646,9.002292,9.244375,9.5925,9.511823,9.070208,8.812656,9.311718,8.563958,8.475729
13.361823,5.975625,5.697343,6.295469,6.234271,6.043489,6.010261,6.890573,6.02125,5.911458,5.747865,5.823021,5.862344,5.805677,5.848959,5.861406,6.211511,6.204739,5.962292,5.727031,5.825937,5.764843,5.927916,5.882604,6.403282,6.374792,6.240572,5.641146,7.74224,6.425677
14.343385,10.90474,34.838906,12.944584,23.379479,9.724688,6.259062,6.989531,7.020521,7.159167,7.405312,8.081927,8.466094,7.144062,7.709844,8.026718,7.986771,7.55625,7.471302,7.190052,7.387552,7.059375,7.62401,6.955885,7.389688,7.709532,7.548958,8.390729,7.801927,8.031615
13.21026,5.601354,5.319844,5.424479,5.684635,5.669584,5.490521,6.01198,6.560104,6.046875,7.144948,7.016198,6.466719,6.095208,6.022083,6.137813,6.132604,6.557916,6.115677,6.082709,6.092969,5.969948,5.978229,6.065781,6.326718,6.192708,7.07224,6.57026,6.184114,5.996511
14.161406,6.374531,6.480677,6.801979,7.362135,11.853178,7.024063,20.554063,12.905469,17.202604,19.500521,6.646093,6.375104,7.43401,6.720208,6.976666,6.858959,6.759427,6.726615,7.463385,7.474323,6.830573,7.069687,7.270052,7.223177,7.00526,6.828125,7.241614,6.841094,6.906042
13.279635,6.530468,6.030833,5.995937,5.963645,6.318855,6.196667,6.082239,5.726562,5.97849,6.0,5.973125,5.81375,5.858594,6.150312,6.068177,5.886822,6.155677,5.638281,6.158542,6.172604,6.399948,6.103489,5.773906,5.859218,6.681666,6.640677,5.631302,5.87875,6.318854
16.178802,7.842396,8.126614,7.928125,7.912083,7.705312,7.366615,7.544427,7.290677,7.974687,7.602916,7.280469,7.937656,7.688073,7.821615,7.741719,7.420313,7.708594,7.551458,7.48026,7.53401,7.574323,7.647135,7.724635,7.658906,7.574687,7.612239,7.552032,7.507188,7.888177
18.38875,15.422969,18.921875,15.428541,17.604271,9.00724,14.358333,6.879479,7.279323,7.201302,7.911563,7.841354,7.741094,7.636718,7.80849,7.895625,7.999792,7.542813,7.313907,7.675416,7.383958,7.70849,7.929688,7.55625,7.677396,7.715,7.346927,7.963646,7.405052,8.633802
12.370573,4.327552,4.331718,4.709427,4.429843,4.551198,4.409479,4.334428,4.675782,4.909948,4.690417,5.20875,4.762448,4.781563,5.324375,5.394948,5.040312,5.54026,5.467292,5.406354,4.905625,5.307031,5.324063,5.374688,5.344427,5.30625,5.318802,5.305365,5.459427,6.765469
16.550885,8.646823,9.219895,9.522917,9.839844,9.844323,9.334583,9.749843,10.463593,10.779636,9.325521,9.274791,9.573594,9.523438,10.076719,10.124531,9.744166,9.652552,9.83375,10.058593,10.073906,9.370782,9.679219,9.291666,9.395781,9.020104,9.401979,8.974166,9.025938,10.095834
13.267969,5.407083,6.231614,5.709375,5.669896,6.184896,5.614219,5.893646,5.469375,5.617656,6.536406,6.152135,6.115052,6.223281,5.550261,5.584895,5.570938,5.640573,5.549479,5.551875,5.932968,6.299688,5.96625,5.919844,6.650833,6.057136,6.988646,5.618803,6.049323,5.569948
14.168281,6.230468,6.260365,7.001302,6.960469,7.414218,7.617656,7.48651,7.375,7.552031,7.437135,6.905417,7.604479,7.006823,6.876354,7.456354,7.714063,7.905156,7.808281,7.658073,7.089219,7.250729,6.951511,6.83526,7.315625,7.3775,7.374166,7.197187,7.659635,7.419011
18.352396,19.652188,13.225937,13.472761,16.625833,19.991875,7.719271,7.755729,8.065417,7.44073,8.037552,7.923542,8.454948,8.351823,8.31776,9.18802,8.011042,8.481667,7.925937,8.00875,8.761458,8.018385,7.928698,8.144636,7.971042,8.986718,8.467604,8.279271,8.921979,9.238333
14.622448,6.765052,6.450313,6.451354,6.409479,6.595521,6.231302,6.479635,7.092135,7.135156,7.226406,7.128177,7.357969,6.624115,6.632761,6.687552,6.750417,6.742708,7.441771,7.3075,7.213854,6.579219,7.218177,6.73224,6.737343,8.105729,7.334375,6.752396,6.752084,6.634166
10.128073,1.908645,2.139792,2.174115,1.964844,2.23901,1.946927,2.192448,1.995885,2.095104,1.769896,2.035052,2.018386,2.502291,2.436198,2.267344,2.360677,2.075416,2.463073,2.093125,2.417605,2.446198,2.85375,2.355573,2.786459,2.663333,3.056354,2.918333,3.027813,3.087239
19.09625,5.818229,8.510208,2.839947,3.038802,2.839531,2.818802,2.897969,2.895677,3.208437,3.075781,3.154375,3.088698,3.120313,3.532031,2.94724,3.199948,3.215157,3.088386,3.748594,3.799167,3.363698,3.636666,3.368229,3.638906,3.394948,3.605052,3.116875,3.750625,3.537188
12.955052,4.916093,4.743334,4.70625,5.18974,5.362031,6.005156,6.516979,6.224375,5.891094,6.534322,6.357916,6.434792,6.648802,6.197136,5.781198,5.849792,6.446354,7.467708,6.911094,5.939532,5.746823,5.939479,5.913646,6.052916,6.105834,6.64427,6.469218,5.642813,6.966041
16.533073,6.374688,10.531667,9.697813,8.580625,6.207969,5.763281,5.8775,6.379635,6.33427,7.236666,7.319635,7.21276,7.428333,7.621615,7.294532,6.92526,7.313542,7.22875,6.925625,7.031771,8.38625,7.110677,7.636354,7.349062,7.211302,7.32224,7.728229,7.000208,7.073646
14.620364,7.599531,7.234688,7.201979,7.17677,8.167187,8.563698,8.01401,7.60276,7.519115,7.751041,7.989531,9.124636,7.658229,7.698802,7.799115,7.614219,7.795208,8.018854,7.927396,7.835156,7.978645,7.532656,7.878125,7.862604,7.963542,7.97474,8.309739,7.95276,7.506875
16.647813,9.379843,9.825104,10.337343,9.881302,10.144271,9.609479,9.31526,9.514375,9.507865,10.385885,9.787396,9.778542,9.318177,9.325104,9.263438,9.186771,9.054062,9.67849,9.681406,9.337812,10.194739,9.845886,9.768021,9.773386,9.892552,9.61599,9.293959,9.291094,9.182761
17.816875,9.67375,10.343906,10.550521,10.585157,10.22276,10.547448,9.965834,10.408073,10.54099,11.305157,11.205886,11.203125,11.279844,10.476927,10.754688,10.32375,10.03776,10.63073,11.212917,11.118334,11.397708,12.651771,10.424583,10.824896,11.248959,10.82125,10.606146,10.379271,11.98026
16.121875,8.370782,8.443542,8.162812,8.583125,9.16875,9.498907,9.238802,9.350677,9.284584,8.764219,9.44901,8.829323,9.839479,9.31625,9.307448,9.769166,9.006146,9.745,9.635521,9.715834,9.689948,9.698229,9.406562,9.726042,9.405312,9.691407,9.528594,9.24974,9.828542
21.388229,16.087968,31.246458,11.514636,22.107188,12.383386,12.994791,13.320468,13.507031,13.579062,12.876875,13.156823,13.450989,15.578906,14.501875,12.669063,12.972708,13.652708,13.433854,13.65276,13.315573,12.996198,13.792343,13.630781,14.027396,12.841875,12.98,13.553386,13.258594,13.722135
12.697656,4.557552,4.790261,4.512031,4.395886,4.832604,4.9625,5.278385,4.73474,4.669791,5.272865,5.125729,5.125,5.092031,5.254896,5.057032,5.17948,5.131927,5.386198,5.185625,4.972812,5.075834,5.050313,5.094688,4.974896,5.147239,5.153281,5.107708,5.527917,5.457969
14.242812,6.320677,6.607864,7.180468,7.136406,7.134271,6.795521,7.514532,7.373594,7.07276,6.576198,7.244011,6.92323,7.070833,7.414219,7.452344,7.238281,7.223906,7.564948,7.391563,6.873021,7.392865,7.126302,6.925833,6.849688,7.166302,7.171198,6.974271,7.9225,7.222917
15.739687,7.727084,8.119062,8.720208,8.463854,8.507136,8.412917,8.441927,8.313542,8.526041,8.993333,8.470105,8.187396,9.220157,8.791771,8.424271,8.928489,8.968906,9.588437,8.321145,8.949844,8.702657,8.755364,9.012969,9.004427,9.688073,9.111979,9.157656,9.040677,8.642448
18.504739,10.700937,11.296718,11.576823,11.736875,11.563229,11.872187,12.038438,11.656562,11.336042,11.019583,11.399687,11.449166,11.846771,12.895625,12.553333,11.443125,11.539843,12.193281,12.20948,12.669687,12.823802,12.029375,11.688854,12.576302,11.477083,11.431927,12.057552,12.397083,12.116823
19.075989,12.516823,11.828698,15.457552,11.370625,15.238333,15.411823,9.938646,10.614531,11.081823,11.551146,11.07,11.237031,11.070312,10.953802,11.541354,11.18099,11.487604,11.216615,10.774584,11.064948,11.31349,10.800833,11.236094,11.415261,11.45375,12.820625,11.702604,11.138438,11.765938
14.940573,6.432968,5.99651,5.892864,6.810104,7.414114,7.161719,7.139688,7.744479,6.907865,6.62948,6.364375,6.746094,7.406042,6.718333,7.601458,7.730364,7.37776,7.487395,7.206406,6.622917,6.557604,7.334479,6.934479,6.870677,7.570365,7.153646,6.796718,7.227187,7.553854
13.855729,6.544063,6.296042,7.046511,7.537135,7.25125,6.954948,7.137136,7.048385,7.085938,6.578385,6.588229,6.636354,6.826771,6.934167,7.113802,6.751094,6.510521,6.499479,6.79974,6.48776,6.820521,6.737032,6.566146,6.604375,6.887864,6.672187,7.056667,7.016562,6.905208
12.172083,4.261614,3.942032,4.215313,4.317396,3.986563,4.431406,4.056823,4.33052,4.211927,4.408229,4.764167,4.824792,4.647292,4.737709,4.167344,4.700156,4.770729,4.707031,4.853958,4.820781,4.822552,4.673958,4.540625,5.104479,4.830886,4.613802,4.609063,4.670104,5.087813
12.200104,2.689479,2.876719,2.61,2.934635,2.765938,2.58625,2.89625,2.928906,3.286771,2.876771,2.923125,2.918437,2.88026,2.87375,2.96,2.887604,2.938282,2.786823,3.181146,2.756563,3.516614,3.201146,3.201979,3.193281,3.169167,3.057448,3.274375,3.574739,3.188698
29.45401,13.69125,15.404792,13.585469,16.894271,13.45599,13.5,13.454011,13.485573,13.650156,13.643437,14.570937,14.670208,13.689323,14.643855,14.3075,14.143698,14.027969,13.996511,13.931354,14.256198,14.35875,13.619479,14.338125,14.082031,14.327604,14.382344,14.465781,13.979115,13.630261
27.449427,20.116458,20.441823,20.094479,20.01974,20.302188,20.081302,19.678281,19.735937,20.15651,19.927292,19.751302,19.692135,20.51323,20.0325,20.209219,20.141979,19.783229,19.634792,19.886093,19.905989,19.676927,20.357031,20.579584,20.067292,19.679219,20.258438,19.551458,20.162657,19.564531
52.069271,38.214479,41.188281,31.195833,25.349219,27.140469,26.201875,26.082917,26.43927,25.813437,26.226302,26.96849,27.801302,28.457709,26.622344,27.036406,26.9725,26.808698,26.491354,27.28677,26.942136,26.292292,26.756823,26.415312,26.00474,25.735208,26.161667,26.518855,26.352083,26.711563
44.713438,38.517812,38.217812,38.185416,38.281511,38.398333,38.28677,38.296771,40.001042,38.288854,37.496197,37.375886,37.856354,38.406562,38.32474,38.032344,38.080521,37.969688,37.98552,38.36224,38.287031,38.1725,38.371927,38.16948,38.013438,37.73401,38.071718,37.991718,37.971093,37.949739
