79.033133,70.459746,70.794278,68.493913,68.409434,67.858184,67.257663,67.292038,67.612246,67.56709,68.561153,68.275059,68.290944,68.764226,68.143288,68.108548,68.488288,69.053444,68.321621,67.929017,67.56834,68.741621,67.473705,67.656309,68.206882,69.276569,68.060788,67.203236,67.17683,67.797872
57.169485,50.712037,50.698182,51.039588,51.092609,51.447557,51.79339,51.343807,51.663287,51.387766,50.94089,50.841412,51.234016,50.89714,50.97688,51.264484,50.788442,51.084172,51.155682,51.256776,51.494693,52.169328,51.527088,50.959328,51.259485,50.919432,50.930682,50.981099,50.98063,50.916933
86.698915,84.243081,83.963134,84.310998,84.015582,84.108966,83.897196,83.692561,83.322821,84.155165,83.726727,84.269748,84.111467,82.576727,83.796154,85.140217,84.128186,84.468654,84.371311,86.12855,85.176884,84.436936,84.524436,84.642404,84.276206,84.486936,84.320633,84.953655,84.45631,85.494592
80.73006,76.547091,74.258705,75.304487,74.991778,75.591935,75.630268,74.643237,74.900893,74.972403,74.765945,76.832612,74.966101,76.258081,75.59032,75.182508,75.828237,75.086674,75.39631,74.928236,74.634017,75.150685,75.288132,75.197872,74.894174,74.285528,75.597351,75.649382,75.032924,75.301466
61.241413,60.103965,60.288026,59.943755,59.983235,60.167141,59.83386,60.113548,60.734276,59.521933,60.065579,61.938548,60.664849,59.679068,59.847714,59.404172,59.764225,59.937089,59.655214,59.748391,60.4661,59.897611,60.275059,59.629329,59.724902,59.563548,59.778235,59.696048,59.43636,60.681256
50.671515,49.864849,50.075317,50.072713,49.626463,49.677922,49.527453,49.414692,49.647244,49.373807,50.079223,49.103963,49.571932,49.524276,49.760838,49.433025,49.632192,49.607609,50.743859,49.372765,49.669745,49.629276,49.577193,49.463755,49.581828,49.6549,50.106359,49.502297,49.693755,49.680942
82.752821,76.577039,75.524174,75.613445,76.320216,76.491726,76.624123,76.90058,76.221049,76.340164,76.270268,76.246361,77.078445,76.174018,76.163028,76.445893,76.096518,76.479122,76.473758,76.343549,76.272924,76.304487,77.229071,76.559174,76.995268,76.334591,76.445841,76.114435,76.398445,76.264695
79.534383,74.628133,74.113081,74.372403,74.175216,73.401779,73.694955,74.128288,73.701049,74.325372,75.078654,73.569747,74.312924,75.063705,74.459278,74.181466,74.727559,74.455268,74.308289,74.396987,74.186778,74.162039,74.685007,74.213029,73.867299,75.206466,75.033601,74.983757,73.719122,73.908966
56.296099,54.827349,54.691151,54.210838,54.307818,54.373755,54.474953,54.297454,54.659484,54.734067,54.186099,54.22688,54.665474,53.94813,54.52412,54.589224,53.684641,54.06787,54.651828,54.475526,54.430786,54.311307,54.340578,54.292037,54.387974,54.269693,54.565266,54.227506,54.535943,54.298964
56.337714,54.95787,55.545682,55.313078,55.448964,55.143339,55.430161,55.01037,55.48537,55.368079,55.347558,55.077193,55.228443,55.177662,55.197141,54.944328,55.322298,55.490527,55.298652,55.030891,55.303131,55.903547,56.801048,55.795683,55.486516,55.078964,55.949589,55.024537,55.484537,54.921724
93.954333,89.190946,87.709488,87.395009,86.882769,88.431884,86.876102,86.067301,85.605216,86.854123,88.43829,85.497404,88.117665,88.166728,89.741571,86.904332,87.621676,87.072456,87.512508,86.778082,88.251936,86.857301,87.048707,87.935425,86.209384,86.226311,86.844175,86.934384,87.834228,85.746258
80.852196,74.77032,75.123602,75.035788,75.828654,74.777455,75.350997,76.136622,75.245216,76.25433,74.808497,75.249695,76.008654,75.757195,76.12657,76.443393,75.018654,75.897924,75.829643,76.571466,77.124018,75.884383,75.974331,75.904747,76.367768,76.763966,74.928237,76.132872,75.135216,77.220737
80.4873,75.060163,73.691309,75.08157,73.718236,74.771726,74.329435,74.514487,73.539383,74.500007,74.318705,76.0723,73.985893,74.922195,74.167872,73.563341,75.383132,74.023914,74.207455,75.217716,74.47756,75.073601,74.48834,75.10157,73.618289,74.021101,74.581518,75.044538,74.50183,75.40183
83.3023,78.079539,76.527977,78.343602,77.822664,77.730372,78.149382,77.948705,77.886049,77.777195,77.105007,77.954955,77.948653,78.11006,79.128862,76.436153,76.623341,80.624279,77.982612,80.827612,78.664018,79.38907,77.315997,77.22032,78.932716,77.683914,77.735842,77.890632,78.359644,77.245997
72.948445,67.913393,67.815527,68.105735,67.655997,67.67709,67.800788,69.626257,67.760267,68.172506,68.673965,68.46209,68.543393,67.84657,67.692455,68.419851,67.079798,67.448184,69.040841,67.618913,67.778288,68.504278,68.155267,67.441256,67.841778,67.901048,68.252038,67.297819,67.130424,67.769642
89.35204,83.584384,84.190582,83.974488,83.884227,83.015112,83.419383,82.834227,83.82605,84.275789,84.135477,83.798081,83.770946,83.271362,83.389123,82.301571,84.132196,83.441415,83.706623,83.747091,84.616936,83.672873,82.403862,82.630321,82.120269,83.351467,87.199904,84.181415,83.709019,84.67079
114.933605,93.516832,94.346624,93.474489,93.809228,92.603447,93.982509,92.350322,94.028499,93.144124,92.405322,93.040009,92.247978,93.481155,93.722041,92.968186,91.715842,91.861259,94.090165,93.769332,93.940166,93.557457,93.161312,92.377458,93.212874,93.345843,93.618343,93.311884,92.901884,92.300425
74.760893,69.039851,69.111621,69.195371,69.066882,69.069225,69.894434,68.388079,68.090632,68.720371,68.854122,69.12933,68.807923,69.135892,68.292663,68.066725,68.756361,69.295737,69.895267,67.956257,68.529434,69.543392,68.975944,69.698028,68.181101,68.949434,68.776881,68.197975,69.386778,68.899851
83.505008,77.171049,77.257977,78.005321,78.384487,78.110736,77.309018,78.31381,76.677248,77.474695,77.543237,78.418497,76.937716,77.166101,76.82157,77.454956,77.505632,77.847456,77.225477,77.686258,76.908706,77.781309,78.083237,77.413445,77.782039,77.577977,77.305372,78.220529,78.091623,77.996414
80.482976,75.243549,75.569122,75.910737,74.408341,74.136257,76.263445,74.760424,75.509799,76.123445,75.402091,74.892455,76.131466,75.522976,74.327143,75.522716,76.14032,75.401882,76.653862,75.301049,75.753757,76.267663,75.821778,75.25407,75.881206,76.134383,74.916622,75.339382,75.46907,74.577559
64.989798,63.854173,64.085944,63.556361,63.599902,63.764278,63.568912,63.573861,63.625944,63.337402,63.442766,63.872454,63.470214,63.047662,63.625892,63.4986,63.991413,63.665163,63.648079,63.450527,63.422818,63.661204,63.724069,63.589382,63.5761,63.95735,63.427142,63.490215,63.760683,63.564225
94.88501,92.635009,92.296468,93.868187,92.781936,92.578239,91.655634,91.62402,92.354436,92.236155,92.402822,91.621364,90.717874,91.605374,92.253708,92.080114,91.739644,91.957509,91.451884,92.274697,92.574853,90.526415,91.352717,91.904489,92.560269,92.146415,91.550426,92.688395,91.639437,91.336884
87.601988,81.65204,81.77881,81.9598,83.26506,82.045529,82.949956,83.633134,82.53756,82.152144,82.018393,82.300009,84.349956,84.153862,82.890842,81.835893,82.906831,83.208342,85.377092,86.246519,82.53829,84.997092,83.655373,82.283498,81.615477,82.165529,83.198446,81.253289,81.473393,82.491102
80.259331,72.880841,73.767455,73.539538,73.023236,73.162143,72.972508,74.332663,73.682611,74.361882,74.121101,72.84032,73.396726,72.824799,72.980945,73.027872,72.737924,72.826569,72.730736,72.994278,73.190164,74.810268,75.593965,76.809643,78.480945,76.841622,78.374851,78.198862,74.343757,74.355476
62.036256,60.746516,59.894173,59.282974,60.931881,61.71511,61.144745,61.659902,60.843288,58.690214,57.793026,57.698391,58.992402,58.034173,57.26636,57.491048,56.745579,57.457506,58.090995,58.300735,58.598704,59.086725,59.329797,59.247714,60.698756,61.066465,58.1186,57.429537,57.054798,59.204277
78.619227,76.097351,75.762507,74.957716,76.301206,75.675424,75.510945,77.158184,75.896049,77.025216,75.942612,75.811414,75.837612,75.902976,76.153653,75.751049,75.812352,75.8973,75.871935,76.045581,76.407143,75.871205,75.93907,76.354539,75.31084,75.184643,75.150476,75.220841,75.179018,75.955267
86.124748,82.340789,79.278081,79.692352,80.866883,79.737508,81.461623,80.879956,79.500893,80.08256,81.334331,79.148498,79.506258,80.529226,79.997143,80.122977,78.896206,79.383289,79.209799,79.773081,80.220894,81.040425,79.758967,80.384383,79.895894,79.367404,79.769956,79.432612,79.13605,79.837248
81.48631,75.787455,75.561362,76.566778,76.440685,77.662144,75.792612,75.986101,76.33881,75.651622,75.997924,76.471101,75.985059,76.99657,75.931414,75.853966,76.049591,75.842404,77.080476,75.807768,76.251205,76.416414,76.410424,76.150789,76.111883,76.279695,76.586154,76.451414,76.673758,75.703914
54.60162,53.045943,52.854224,52.300995,51.627505,52.81063,52.627609,53.477558,52.419849,53.634537,52.903911,52.936047,52.683963,53.11412,52.613651,52.868234,52.599589,52.901776,52.582349,52.008391,52.47438,53.422297,52.588599,52.898286,52.67386,52.799537,52.444433,52.689745,51.643234,51.74511
88.725425,85.150842,83.9048,84.569748,84.964644,85.416102,85.965841,84.072613,86.142248,83.847821,84.535008,85.295894,84.463602,85.889488,84.843967,84.36355,84.777352,83.919176,85.124018,85.19006,85.383966,84.727612,85.041623,85.139019,86.171884,84.542092,85.129956,85.521571,86.001206,84.012821
63.696465,61.870475,61.560266,61.500423,61.549642,61.749902,61.572297,60.9186,61.490579,61.936152,61.415891,61.4786,61.724068,61.401672,61.687714,61.826412,61.808131,61.472141,61.461308,61.59636,60.660423,61.558913,61.883131,61.50959,61.958287,61.623444,62.017402,60.61386,61.659798,62.328704
58.308599,57.609797,57.995995,57.417506,58.238964,57.658964,57.21985,58.030006,58.163079,57.701308,57.950371,57.785682,57.320735,56.588704,57.696204,57.740683,57.864537,57.564485,57.76761,57.848548,57.721829,57.617193,57.937402,57.632557,57.857922,57.662766,57.741881,58.017974,57.602298,57.518756
81.933967,75.99756,75.998705,75.513289,74.75657,75.538132,75.967768,76.751206,76.352456,76.217456,75.502039,77.752716,74.904383,75.12032,76.60506,75.425945,75.33032,75.618549,75.531101,75.286986,75.15657,75.963341,75.976883,75.595529,75.391154,75.442663,74.50131,75.081309,75.265372,75.668445
331.660867,308.798833,304.559405,305.837686,305.090707,305.026957,308.890708,307.15602,307.302999,304.827218,305.890291,305.730291,304.938572,304.511697,306.789666,308.62951,306.813937,306.728573,305.84227,305.227531,306.26477,305.893208,304.897895,306.372113,307.081957,305.729874,307.260812,307.333833,307.60477,307.148468
351.772848,350.23415,350.070504,349.489566,349.748524,355.156806,351.831598,349.321962,350.087014,351.543473,352.105816,348.590504,351.991701,351.189514,350.574358,350.625764,351.005608,351.084202,350.285712,349.157431,349.689462,350.38915,350.97316,351.448368,349.273837,350.114358,348.49618,350.882274,348.901181,350.440868
258.717838,256.59763,254.625495,254.48164,254.172995,258.874766,256.867838,256.843879,255.1019,253.289557,256.571328,254.588307,254.540806,254.158567,256.620703,254.800338,253.107786,254.738047,253.5894,255.991431,253.796432,252.952265,255.189869,255.034713,255.144349,256.991067,255.081484,254.371692,253.005442,255.070337
368.399568,346.116128,343.600659,341.810503,341.601024,341.456284,343.511389,343.003732,351.214565,346.636077,351.246285,354.367274,358.704931,357.579462,347.085295,359.529411,356.450765,355.076337,354.931493,348.592639,350.369774,347.952014,357.78441,351.433733,356.993577,371.882485,365.490401,365.649307,359.524151,358.509671
712.831321,212.618199,211.314552,203.531791,205.760854,205.112676,205.19877,208.235125,206.976583,204.92601,208.386322,205.885594,207.222573,210.628927,212.791063,209.627417,210.441948,210.33601,211.907469,209.342417,213.206427,209.145645,209.898667,208.445906,209.284136,210.931271,212.417729,208.840854,207.895437,211.587938
360.722953,336.781648,337.597013,330.745658,336.820398,328.310657,334.599044,327.850762,326.01097,330.103106,336.668106,321.800136,327.062845,321.904199,322.933157,325.273678,331.936804,330.88571,329.965033,317.324927,322.325449,330.622116,327.183678,319.08774,323.610293,315.191698,323.102688,317.397011,313.944094,315.168052
344.088524,319.305396,310.361385,323.761543,320.284407,302.577061,303.117894,301.746436,303.530342,303.294613,304.659458,301.457895,301.367478,297.512582,301.068885,298.351801,298.889926,298.125758,299.113519,305.413936,304.777634,299.422477,301.101384,297.001279,295.1993,294.829561,297.798363,297.480081,296.861488,295.570915
262.616745,258.276171,256.635599,255.230129,255.113202,255.493463,255.555702,259.182161,257.997317,256.257473,254.47414,257.476327,256.472578,256.956224,255.466223,255.260754,256.264505,255.827838,256.753046,256.358255,255.351328,254.410338,255.378723,255.688515,255.383671,257.336015,255.680754,254.998984,255.23914,254.919609
356.392848,343.923888,346.965451,345.762691,344.906857,345.439202,347.292691,346.978107,346.907066,346.261024,345.38092,346.549045,345.73967,346.172847,344.728837,344.878055,342.995243,344.725191,345.740086,343.884722,345.409566,347.275295,346.061024,343.596389,344.658993,345.34217,343.573524,344.103264,343.392795,348.856961
387.657643,343.741544,310.25227,308.639666,310.714093,312.013521,311.799511,312.395239,313.092114,313.396906,310.785656,312.988625,312.758104,313.74201,311.669302,315.329042,314.866854,311.187271,309.315447,310.819823,310.883312,313.354302,310.330343,312.752062,313.122167,311.564041,312.783052,312.453208,310.64675,310.917583
360.950817,362.942796,345.764722,342.996076,345.235764,347.584775,346.404983,346.343837,344.952847,344.456233,346.598368,343.187586,343.033107,357.327849,366.42087,375.195245,361.688005,344.595972,343.840503,343.956128,344.93816,344.869983,343.713524,342.22868,343.821337,343.780243,344.291024,345.350712,342.430398,342.274201
280.840184,278.158309,277.249351,277.893152,278.408049,278.141381,278.250549,279.86159,278.309247,277.692944,278.442996,278.475965,279.519039,279.163205,277.938413,280.040236,280.067059,278.012528,278.788049,278.96857,278.865028,278.152997,278.529611,277.633674,280.013101,278.671954,277.793101,278.464142,277.935757,279.22784
170.033558,168.323819,166.798767,168.726163,168.327464,168.959183,168.964027,167.567205,167.296527,167.15059,166.717413,167.253975,166.914496,166.607465,166.813297,167.09309,167.995434,168.083142,166.393038,166.769235,167.0171,167.657933,166.546475,166.983194,167.617673,167.545798,166.999392,167.50309,166.785642,166.959599
298.908363,285.877893,285.103205,284.585706,284.671383,284.612685,284.348362,283.956904,284.00034,283.95956,283.509507,284.01482,284.481486,284.09857,283.717736,283.777997,284.289039,284.471747,283.667788,283.773153,283.778778,284.474767,283.972788,284.475185,283.65107,283.577164,284.090133,283.791227,283.604039,284.626122
320.901646,311.133417,310.243156,309.854615,310.511125,310.816177,309.999666,308.381593,310.293625,316.833105,315.136906,313.134511,311.966802,309.203937,312.089823,312.780135,328.523783,327.60748,321.67998,322.142584,316.046646,318.635813,319.478886,319.154095,311.784146,312.673208,329.679616,314.005656,324.41972,318.974875
253.992734,247.521639,247.015649,246.384816,247.06992,248.684712,250.182368,249.085285,246.021274,246.321691,247.202577,244.921378,245.505493,244.878566,244.943878,246.444348,244.626118,244.658722,245.608566,243.529452,243.085805,243.231222,244.945753,242.899659,243.041535,243.970493,244.400181,242.419711,242.911326,243.980961
254.885755,238.596066,239.584659,238.521691,238.244659,237.744295,238.448773,237.650336,238.279607,238.557992,241.342577,240.557941,240.34544,238.462055,236.884607,238.449867,241.820181,244.227004,239.877159,238.441326,239.256534,238.505701,237.751742,237.960961,239.12518,238.982992,239.400649,239.631013,238.135909,241.194504
273.616902,256.761068,255.659505,258.504036,257.888046,258.604401,259.387005,257.729766,256.46263,255.632525,257.72112,257.609192,255.142108,256.068776,257.769349,255.022786,255.362004,256.83789,258.555807,256.211015,258.275911,260.165599,260.208724,257.638411,256.542317,255.294088,256.295547,258.344609,257.742629,256.635911
350.815607,337.233784,339.712325,337.692898,336.602169,337.898679,335.644565,337.731544,339.98993,338.918784,338.397169,336.406596,335.854721,337.085086,337.542482,335.278783,337.74644,336.966648,338.235659,334.952377,339.43243,338.224513,334.962637,339.214982,339.911336,336.987169,338.189878,346.593524,338.032065,337.366804
282.708674,277.784715,273.983725,273.076954,272.974298,272.845705,272.58258,272.745704,273.946069,273.239715,275.655652,274.589819,273.556538,273.487527,273.550132,273.38185,272.775757,272.428464,276.362319,277.119507,276.200912,274.926642,275.39258,274.461538,275.740809,278.210288,276.525392,273.648361,275.534507,274.260965
240.623097,238.38768,237.051378,238.79367,236.645961,237.219086,239.096014,236.567575,237.575805,238.013878,236.737368,236.461691,237.615075,237.210701,237.58669,237.18367,238.154346,236.911065,237.935441,237.245076,237.053096,236.90242,237.95643,237.807211,237.112315,236.882888,238.611013,237.009034,237.554607,236.487836
354.692431,337.81842,335.680189,338.391179,337.374773,338.363628,339.467638,337.338523,336.861335,338.884513,337.466284,336.261544,338.460763,337.053783,336.267846,335.533888,336.587638,335.646856,336.62946,337.770972,337.006544,337.727221,335.118002,337.69519,334.814877,339.829669,338.489565,335.390867,336.340815,337.494826
467.771921,394.874518,375.444413,374.071235,375.948631,378.660298,375.264725,375.452486,375.987329,380.275559,375.053371,374.894569,376.447069,377.315818,374.300246,374.670402,375.055662,375.224934,374.713163,375.106913,377.301028,378.077486,376.901652,377.375767,376.543058,376.320246,376.449152,375.270245,376.884673,375.170507
203.493614,201.677624,201.269447,202.081895,199.653978,198.854134,198.846895,198.654759,199.399603,198.910072,198.307363,199.779603,199.175853,198.729604,198.767884,198.542884,198.653457,198.662103,199.864551,199.194655,201.683718,198.858092,198.900697,199.354968,198.653509,198.303666,198.687416,198.895957,199.456479,199.463822
196.58653,193.879863,194.573353,193.584915,193.379186,193.749967,193.55179,192.086738,192.610488,193.403353,193.216426,194.087623,192.56028,193.558405,193.471582,193.335383,192.546425,192.946686,192.832624,193.188822,192.309342,193.362728,192.031425,192.842311,193.048821,194.904291,193.614706,192.930384,192.197988,192.473873
323.446334,312.733104,311.767635,313.388417,311.992583,312.201125,310.761021,308.888833,310.837479,311.184302,310.109719,309.042635,311.391802,310.756385,313.881229,311.297323,308.473052,311.639562,310.845812,312.944927,311.172167,312.384979,312.70149,309.412531,310.601385,309.677635,311.45201,310.054197,310.338676,310.540708
336.534461,323.742636,319.522793,321.800449,323.610709,323.538626,319.731022,323.593261,319.819407,320.639824,320.658938,319.323938,321.795605,321.301491,321.745814,321.937428,324.474355,321.843313,323.568105,320.643105,319.133105,321.238886,320.231438,323.139251,324.419251,320.967532,320.509251,322.300501,321.324147,321.917324
331.407324,324.038105,324.866283,325.134356,322.744876,321.621699,322.988574,325.016074,326.028105,323.640761,324.987428,327.099876,325.218001,326.953262,324.252689,325.952168,325.188626,323.153521,323.273991,323.256335,323.965605,323.962741,324.038938,323.695709,324.018522,324.441178,326.252063,324.00873,325.15347,322.431542
171.825486,169.65684,170.608454,170.666475,168.218976,168.660173,168.479079,168.568714,167.726527,168.311996,168.065173,169.200225,168.09684,169.446892,167.955225,168.451215,168.003715,169.171371,169.379704,168.836215,167.951631,168.646632,167.868819,168.139236,167.655694,168.665746,167.426996,168.030955,167.713246,169.071215
350.676076,349.896649,351.302796,349.623837,349.169774,350.283003,350.75066,350.668472,354.17165,348.70618,347.181129,347.677066,348.115972,348.440816,349.968108,345.503316,345.08644,349.93842,348.105608,348.885191,348.170139,348.617326,349.553785,348.903421,347.784201,351.872118,350.716701,348.415868,349.251753,351.495868
288.270342,277.127111,278.402007,278.894247,277.372163,278.42659,276.980548,281.472215,280.03508,279.430861,276.669715,278.866486,276.747631,274.709714,276.14633,277.244506,277.928882,277.935444,277.25232,278.458621,278.564298,277.095028,278.010289,275.458777,277.782632,277.321382,279.630445,276.357892,277.783777,279.531955
277.151955,272.855287,273.201277,272.435965,274.451903,272.979714,273.747631,273.735549,272.71211,275.24883,272.53284,275.31211,273.499246,275.177632,275.625913,273.917996,273.330287,273.133621,273.417683,273.475912,272.845652,272.796434,275.639558,274.630548,273.483517,273.4856,275.399299,273.960183,272.942059,272.909766
274.651016,264.560182,263.644297,265.163621,262.620859,262.598359,262.750807,263.823828,264.425964,262.369558,264.727371,263.887058,263.021693,262.416328,262.557995,262.226068,262.411432,263.253932,264.930339,261.751745,267.515079,263.35612,264.235287,262.95112,263.569818,261.318828,262.029713,263.19789,261.826588,263.529349
280.450132,276.77909,274.222892,273.742059,274.201017,274.119715,276.680496,274.221589,274.647267,276.388361,275.764715,276.510653,275.535184,276.197163,275.828569,276.048777,276.111433,276.972527,277.256434,273.73159,275.46284,274.640339,274.928569,275.492267,274.328153,274.64284,274.936329,275.227631,276.136381,274.468569
411.66051,303.540187,299.46654,298.395394,300.615238,300.799301,299.863155,299.63779,299.962686,300.130603,298.540915,298.982738,298.34279,299.753259,299.494718,299.792425,299.596853,300.190603,299.045186,300.014405,299.506228,300.394093,300.663572,298.476644,300.203468,300.048155,299.312321,300.277061,298.436801,300.499666
346.127899,329.258314,333.074981,329.34472,329.119355,328.607012,328.893522,327.399772,327.728991,329.470762,326.973678,328.783523,326.83946,331.067221,326.726178,326.610918,329.310658,329.604616,328.705241,325.174772,326.397168,327.02149,326.823053,327.833054,327.862741,328.159356,327.364355,326.491699,326.417793,328.916648
321.503574,309.139354,311.35951,310.109822,309.349614,307.025187,307.539927,306.102479,310.846281,306.641645,307.452375,309.463156,308.191697,307.21451,306.749302,307.974874,306.563989,308.239823,310.927896,309.349145,307.783729,308.048468,307.710291,309.236958,309.376749,309.807427,309.616698,310.088729,310.825135,310.432479
281.53331,272.472579,271.002527,272.094507,271.767579,273.963413,271.725131,271.867892,269.976642,269.073725,268.534611,269.436693,274.88409,271.012059,271.217162,272.621954,269.104142,269.733517,269.622318,271.3356,269.687839,270.931329,271.503465,270.306225,271.082006,270.886329,269.562006,270.920131,269.069922,268.483725
343.082639,340.777951,343.536805,341.940399,339.60717,339.94019,340.497534,341.440451,340.952273,340.000554,340.179149,340.50894,339.138367,339.461388,339.53269,340.257169,340.224461,344.465712,339.109356,338.13868,339.567169,338.292325,340.383002,340.432898,338.469253,344.000503,344.17592,343.556336,341.975503,339.765554
291.467789,275.467006,274.464246,272.984766,272.557422,272.88185,273.130132,273.506433,273.769037,273.087944,273.200965,272.94935,275.476694,273.657163,272.905184,272.262058,274.376382,273.060756,274.352423,274.281381,274.27659,272.598673,274.294506,274.151173,273.796746,272.680391,273.232475,274.285913,273.29435,273.221225
362.212901,351.245973,349.588941,350.12092,350.37566,352.347483,351.519827,349.263941,351.623316,352.355608,352.736337,366.815245,355.845244,357.993525,350.807014,351.498629,351.173212,350.962483,349.937639,347.600659,349.200295,350.221077,362.363005,353.166806,353.419879,350.478421,351.777171,351.711806,352.458264,356.1954
351.269827,340.323524,335.881649,344.309513,359.778056,338.372325,337.148315,337.224252,337.159721,337.011857,335.225346,333.682377,336.756284,336.524252,334.932794,335.811648,336.365971,335.486075,334.205971,335.133211,339.59618,336.142013,335.391856,335.468732,334.818002,334.93571,338.086805,336.94743,335.803211,336.286492
357.850869,345.943732,346.711232,344.74691,348.690972,348.677639,347.875764,343.853055,344.866441,342.739982,345.733576,349.666494,345.025295,345.398212,344.623992,346.052483,348.591389,346.39243,345.083212,344.82868,346.71691,349.098681,349.654254,348.575399,348.656545,348.178941,345.955295,345.201233,346.537639,346.856077
225.192262,222.02346,222.468303,221.598928,222.684033,221.833668,222.741116,221.131949,220.579709,219.842418,220.737157,220.424762,220.054553,220.314761,221.672418,221.438615,221.218512,220.820439,221.319449,222.187782,221.594084,220.738564,223.257523,221.236377,221.474761,221.40773,221.106429,220.875959,222.189605,221.53997
290.195133,287.808154,286.821435,286.484195,286.282945,287.463414,288.270915,287.359091,287.250549,287.15633,286.373518,286.964977,285.798518,287.670081,286.902893,290.121748,287.977998,286.287997,287.362476,287.9593,289.631383,288.446852,288.96055,290.143987,287.757424,290.409508,289.759144,287.821747,286.742008,286.502581
387.088632,378.234256,381.511913,375.449569,377.589934,374.302225,378.438423,377.013111,377.649621,377.481131,379.491444,378.59134,378.324777,375.987225,377.457381,376.042642,378.326548,376.745662,377.253944,376.24535,375.673787,376.688422,375.317745,376.851912,379.153787,377.331236,377.818267,374.691548,375.2216,375.654099
340.414304,338.193784,337.000294,337.028159,337.091856,337.982586,336.518835,337.683419,334.935033,337.906231,336.347377,334.624408,339.403003,338.601857,338.275346,336.717794,335.767793,335.064409,337.26894,336.199044,336.659304,337.941127,336.552638,336.959304,340.491649,337.150242,339.685242,336.895919,335.733366,336.177534
300.553259,297.277008,296.352322,297.579717,297.095863,295.838675,295.962113,296.050498,298.123831,293.972061,296.736644,296.91029,297.183259,297.171645,299.471801,299.105811,298.179196,299.375603,295.893623,297.605082,296.362686,296.474613,297.372998,296.979821,295.856123,297.618207,296.733363,296.865238,298.204092,296.435811
244.235754,242.01919,242.621014,241.17867,240.534139,242.738931,242.784868,241.320024,241.090962,241.134764,240.962315,242.198826,242.264087,241.980962,241.83341,241.219242,241.971795,242.360701,242.465597,241.819451,242.964764,244.730285,242.855649,243.016326,242.664607,242.061327,241.988983,241.255233,241.363305,241.419295
362.160974,348.139774,341.861909,344.170347,341.188315,342.058732,341.521024,345.202014,343.069461,343.092118,342.317742,340.995242,343.447691,342.973263,342.383836,342.229357,340.986961,341.064826,342.919878,343.561024,342.020867,342.000346,341.751232,344.539982,341.145763,343.040294,341.868263,342.58743,344.185607,342.170243
281.493882,268.336121,266.729193,267.924871,267.08112,267.576694,266.193412,267.530599,265.990026,265.996693,268.004663,268.830496,267.041329,265.191693,265.87211,265.810391,265.400286,267.899714,265.728464,267.125912,267.799453,268.46961,267.372735,265.929245,265.573777,265.698881,266.306173,266.257266,265.001693,266.131641
395.314415,376.412225,373.767954,374.953319,374.694881,373.006078,373.663006,374.957016,376.30311,375.248475,376.308944,374.131027,381.65134,396.265717,387.333372,390.999519,388.09681,386.37134,382.610142,384.981289,376.831965,376.517329,373.109933,372.137121,372.037485,374.44712,375.444152,380.995663,392.394257,383.537747
268.177735,260.030651,261.183203,260.712891,259.704766,258.446276,260.066797,259.120026,259.05138,258.920546,258.561432,259.068932,258.159713,261.012682,259.537734,260.866276,265.625182,261.65138,259.602734,261.09612,258.64513,258.045077,258.548984,257.846693,258.431068,257.990077,258.36315,257.663984,257.84789,257.482474
392.186341,380.028267,379.022902,381.063632,381.775247,378.298996,378.717277,381.533268,375.108423,375.793683,374.888006,376.019725,375.61936,376.163006,377.556913,376.995142,374.320298,375.248214,375.866965,373.950611,373.59962,374.953006,375.037225,375.23535,375.710454,373.461443,373.501079,374.027745,375.138683,375.719204
218.002834,195.348197,196.17403,195.340957,193.569081,194.070957,193.889238,194.193405,194.453092,195.213249,194.755332,194.355592,194.541738,194.321894,194.968092,195.62127,195.63127,194.869134,194.268144,194.453144,194.458613,194.371374,195.32554,195.849811,194.95127,195.06304,193.584186,193.879863,194.236582,193.210123
1342.279717,293.32003,264.789505,264.775547,264.116954,264.326797,264.398724,262.806589,263.166381,263.482422,263.121276,263.212995,263.508359,263.477213,264.521276,263.060547,263.560651,267.629401,266.948569,265.07185,263.926954,264.112213,262.937995,264.394297,264.276849,264.504245,264.085963,265.153516,263.959401,263.886432
258.967839,249.919713,252.38138,251.166796,249.437837,249.0619,248.151639,249.820077,248.8894,249.441015,248.918567,249.005286,248.41216,249.177421,250.890755,248.277837,250.868566,251.679504,251.237993,250.812473,249.351223,248.659087,249.277265,249.945442,249.792837,249.870911,250.087837,248.38466,249.020598,248.685545
270.359714,269.311694,269.481068,269.441849,269.153672,268.999193,269.369193,270.104558,269.92836,271.579558,270.674818,269.361276,267.378933,268.487788,269.037683,268.798985,267.741798,267.413516,267.188932,267.193256,268.609506,269.413048,271.379454,271.583569,267.460965,267.38862,267.551172,267.76086,269.680704,270.333048
248.95065,246.368514,248.722109,247.040962,246.149764,246.087681,246.169816,246.859035,247.379191,245.845493,246.587681,246.585857,245.947681,249.720546,248.865546,247.296431,246.921066,247.930285,246.494868,248.450962,246.291014,248.916275,247.945858,246.883774,247.90143,247.821223,247.619556,247.207524,247.873775,248.082889
405.377436,348.597743,335.898575,330.686804,329.156596,329.605033,329.389773,329.542168,330.399876,329.218523,329.749512,328.005345,329.783054,330.645762,329.317116,330.147793,330.544668,330.154668,332.120971,333.2917,328.793158,329.717585,330.494304,329.874564,327.813939,328.456335,332.212794,330.175762,329.71571,329.899148
377.980402,289.761695,284.900028,284.898622,284.980497,282.541174,281.685757,283.420393,282.484976,283.76034,283.412684,283.677372,283.367997,283.714143,284.809352,285.028726,282.699924,282.211278,282.11258,283.560549,282.892945,285.896695,283.153049,285.21581,282.645809,285.153831,284.557059,285.014612,284.199039,283.782216
188.941946,177.259081,176.708976,175.646112,176.43731,176.89408,176.172569,176.927987,174.853611,176.689185,176.913507,176.122048,175.509288,176.60033,177.116528,177.183247,176.617518,175.114237,176.55658,175.999653,177.132725,177.197622,177.363455,176.87382,175.252934,175.292986,175.066423,175.44283,175.773455,176.958299
397.117384,371.542485,369.028162,371.480454,371.141182,372.041808,371.17634,367.712589,370.50936,371.417328,373.755767,371.214776,371.180923,373.869048,374.392017,372.006652,373.429152,370.459725,372.238422,368.337225,372.401027,371.818631,369.628214,369.04113,372.854203,371.962537,370.462797,370.960766,371.884568,372.253474
297.267634,243.959503,222.75997,222.48497,223.542366,223.755335,222.463564,223.530543,223.385283,223.345179,223.093564,223.521845,223.564085,222.451064,221.621637,221.304761,223.070803,223.502991,222.20372,223.262574,222.933616,221.787106,222.730908,222.880074,221.542209,221.502366,223.449606,222.946793,222.794033,222.207626
249.090441,247.703827,247.954764,245.58117,245.303358,247.475337,246.539555,245.313931,245.236587,253.651484,252.441327,253.176692,255.474088,263.45112,257.788411,260.862474,253.078619,256.332734,251.356327,246.36815,246.300129,246.067785,251.856275,247.350389,245.875129,246.023671,245.537785,246.023462,246.295701,247.844765
260.624088,252.935182,254.681379,253.92638,255.090962,255.347109,255.545963,254.713306,254.466952,255.716275,253.958723,254.625025,254.498255,255.736223,254.354401,254.777682,254.479088,253.665755,253.599974,254.330338,253.807473,254.753983,254.336328,254.403359,255.993671,255.592578,255.224192,255.163098,254.744192,255.12289
295.707581,293.944717,292.725394,293.167425,292.343467,293.629248,291.256591,294.135654,291.585446,293.115082,290.715446,291.999716,292.151175,295.074613,292.10956,295.189821,292.034456,296.889561,295.411748,292.559092,291.548258,293.015237,289.744873,292.946487,292.699716,293.046696,291.15529,292.317164,292.62404,291.855238
60.221152,55.094484,55.225526,55.375265,55.144432,55.573704,55.504121,55.36787,55.223755,56.355318,55.391776,55.283963,55.133756,55.260734,55.23287,55.428443,55.326516,55.196568,55.064224,55.343599,55.557662,55.413912,55.478443,55.525006,55.536411,54.816099,55.351203,55.431204,55.451933,55.393964
114.138136,112.37923,110.039281,111.811886,111.73074,110.319907,110.969907,111.120323,111.081209,111.632563,110.287667,110.479855,111.61324,110.381052,112.362459,110.480428,112.678553,112.294698,113.299595,111.822303,112.573344,110.693657,111.713917,111.805272,110.63074,111.51272,110.537979,112.833084,111.980063,112.045896
190.456529,183.635904,181.761425,182.981841,179.235175,179.043924,179.643664,179.79184,179.917726,180.889497,179.74257,181.180591,180.969653,181.879185,182.560383,180.111424,181.235487,179.881684,181.431529,181.142779,181.03783,181.222414,180.314393,180.535122,180.621736,179.794601,180.710799,181.863612,184.242102,181.187258
259.959661,248.895493,248.376899,247.946848,250.996743,249.931327,250.562993,250.522056,249.836014,250.396692,248.099191,249.164764,249.627941,249.93789,248.462473,248.775233,250.085025,247.724087,250.739556,249.962941,251.227005,251.430702,250.654036,249.238723,249.797994,250.175286,249.887994,250.030338,249.798046,250.119504
265.951745,256.858254,254.888671,258.458985,257.213619,254.951223,255.429661,255.579922,256.005442,256.057109,256.803255,255.442838,256.181589,259.795651,256.927161,256.59513,256.737317,257.75289,258.031484,257.028723,256.96065,255.728776,257.158046,255.32289,258.086901,257.034713,255.765286,255.111223,258.090702,255.568671
265.603047,259.976537,260.232005,258.444193,260.901328,260.669714,264.975079,261.184661,261.10461,259.149609,259.083359,257.704192,259.23539,260.255183,259.008412,259.785026,260.39263,260.275651,261.141172,260.283255,259.700911,259.512787,259.303515,259.567631,260.735234,260.995078,258.73513,258.796484,258.822682,260.67914
307.190551,301.240863,303.504353,303.782113,302.511281,303.415968,302.149093,304.567322,303.428155,301.867009,300.917218,301.584509,301.176384,302.256801,302.445343,305.262113,300.65529,301.894561,302.474718,301.415395,302.69477,302.192583,304.604093,302.555916,304.690551,302.654353,305.681489,308.513052,310.536072,302.89477
264.015807,261.464714,258.15362,257.135546,256.350495,257.110598,259.108463,254.65914,256.006067,259.324765,254.307161,255.931745,258.544609,256.695911,254.139973,255.093306,254.53414,256.054556,255.686484,253.106587,254.818827,257.601796,257.295963,255.506952,255.901588,258.033723,257.445338,257.337526,255.155286,257.111379
448.815148,430.855616,431.05796,430.444365,429.328428,427.690303,430.06572,432.833325,432.201918,430.463324,434.220252,431.238011,431.077804,431.397335,431.080616,429.870355,430.29322,431.840356,432.742387,429.463741,431.236605,429.562595,432.734992,429.487022,431.064939,430.410095,430.796397,430.85723,431.22421,431.18098
125.437981,106.113865,106.75626,106.090844,106.001833,105.121104,105.569854,105.110948,104.934594,105.459803,106.006573,106.382458,105.700479,105.207458,105.972511,105.983344,105.858604,105.036573,106.173448,105.34074,105.269333,105.285479,105.140219,105.358864,105.139073,105.059178,105.556573,105.491416,105.64173,107.016261
194.394238,190.757363,190.74278,191.114915,191.508039,190.779342,189.537623,191.69554,190.168769,190.146113,191.025279,191.216894,190.946529,191.078404,191.618925,192.569082,190.644342,190.649707,190.650123,190.688353,190.449811,190.178613,192.359499,191.17179,191.507363,190.131269,189.930696,191.74054,191.265436,189.530123
256.085494,236.569398,236.098044,236.702523,234.58794,234.574242,234.650805,234.812992,235.142211,234.629086,235.443773,235.958409,235.61268,235.386534,235.848929,235.075492,236.536378,237.549138,235.255492,234.893722,237.004398,237.345076,235.658045,235.147107,235.060127,234.362783,235.340909,235.165961,237.990492,235.753774
386.509882,363.335922,362.333839,370.478526,371.02488,362.44988,364.50363,364.40488,365.328214,364.897485,362.737171,363.968266,364.904568,364.847588,367.389672,362.566703,364.570558,365.657797,363.39014,364.010401,364.089984,363.424619,364.203474,364.678109,364.931494,363.787432,364.152536,364.217797,365.151599,364.405349
327.904408,321.391074,320.625761,316.704667,315.875552,315.444094,315.292063,315.719407,314.520344,314.255656,316.131385,313.932844,315.548,314.766906,316.128417,318.463469,315.935344,314.591646,314.703729,315.553833,314.851802,315.367532,316.230239,314.874666,316.144042,316.07175,314.876803,315.484146,315.038834,316.403365
173.51585,171.178558,169.391996,169.119028,168.983715,168.58434,168.04236,168.141111,168.492204,168.233663,168.607569,169.125799,168.011371,168.215017,167.858663,167.567569,169.464131,168.444912,169.52934,168.60236,168.794132,167.426059,170.40632,167.841475,167.717152,171.633142,167.945902,169.616891,168.399965,168.914392
218.583512,214.227365,216.287209,216.757938,216.960855,215.339344,216.029865,215.411271,216.467209,215.913824,216.898511,215.681949,216.345595,216.293042,215.820178,216.149969,215.955282,217.017209,215.212209,215.494657,215.4645,215.022938,216.857001,215.443615,215.885542,220.24773,217.669188,216.990178,218.140022,219.467262
117.428084,112.991261,112.140376,112.446261,115.337303,112.840428,112.690636,112.768137,113.164855,112.833605,112.586262,113.53647,112.94496,112.918084,112.857563,115.158553,118.280168,120.070846,121.569335,121.181054,119.322564,117.952408,117.372928,118.218293,123.066783,123.080742,120.679335,120.949283,118.722043,119.881314
60.366724,57.382974,57.075475,56.375786,58.083027,56.335266,57.095371,57.655735,56.613443,56.316777,57.441725,58.003026,58.415006,56.837975,56.240943,55.873235,57.096152,56.715474,56.233235,55.667454,54.838964,54.564485,56.379381,57.033286,55.723859,57.291673,55.140682,55.432505,55.318547,57.557506
606.35881,559.740003,564.468702,579.346099,587.143183,571.15162,542.261044,541.605106,545.63495,541.773023,543.734221,541.609064,543.911825,544.642867,542.783023,545.111513,549.635523,549.70042,542.303075,542.206981,544.923909,554.242504,580.165631,574.624016,574.047974,589.800944,588.486308,561.498493,578.568651,568.050733
987.344265,956.963845,978.57567,942.174156,963.22895,974.206034,981.534213,977.844837,951.584991,914.10858,911.649362,978.00067,965.291606,916.734362,915.273529,915.333893,919.0328,929.915457,921.863894,912.912227,910.18332,909.60957,914.959414,909.500924,911.281341,909.432017,911.411549,909.858581,919.635142,912.598424
1283.15143,1196.115328,1190.781994,1194.177463,1194.573348,1202.99387,1206.492828,1196.239963,1195.05689,1197.28689,1200.439651,1200.864703,1200.108036,1198.157515,1199.59064,1200.286422,1202.561578,1197.246943,1191.071629,1210.612516,1189.583399,1196.230015,1201.766526,1212.355225,1207.339703,1202.824026,1199.448349,1198.780224,1203.927412,1201.718662
2121.660575,2142.774693,2088.094479,2081.072395,2087.71375,2083.594739,2085.305885,2092.407448,2084.410052,2084.848594,2087.574219,2080.81078,2087.242291,2083.833802,2081.795051,2088.529271,2087.277344,2083.467551,2091.610469,2091.920157,2089.359063,2124.192868,2090.191511,2091.381979,2081.004114,2084.328385,2088.34224,2085.543802,2086.94151,2089.968386
