205.547968,88.053333,107.852292,101.052552,95.113074,99.519948,90.666198,89.708906,88.687032,91.504636,94.578489,94.274479,91.37125,88.643125,89.44724,89.805938,89.102761,88.623124,88.387917,88.931822,88.684792,89.216719,88.685,88.349635,89.221667,92.798229,87.569532,88.584948,89.328438,88.334531
73.073281,49.11078,48.10099,48.175886,47.435573,48.429063,48.366355,51.735625,58.84875,47.234895,45.38099,44.770937,46.359844,48.049479,44.644218,45.041979,44.704791,44.719323,45.784687,45.288698,44.589375,44.896406,45.372397,44.543697,44.941615,44.724635,45.451563,44.882447,44.85224,44.084791
131.645936,111.354585,110.603646,110.691458,111.083229,110.682812,110.889479,110.645885,110.58125,112.617761,111.229635,110.70026,110.503438,112.156666,110.446823,110.489427,111.009323,110.399271,110.018854,109.806978,110.857448,110.91302,110.110157,111.136874,109.816666,109.450052,111.001979,110.631614,110.486146,111.136927
117.206146,96.412865,97.97177,101.921719,104.248021,97.09776,99.604167,96.865728,104.923334,103.164218,104.965261,97.790417,96.953541,106.319376,94.848906,94.814792,107.026511,96.186145,99.9663,96.228543,101.777448,102.819271,103.004272,96.297864,93.694011,95.22125,94.243595,94.194375,97.914687,93.471927
72.698438,56.125782,53.578489,62.659323,55.1375,53.204635,53.158386,52.694635,52.987812,53.892657,53.223072,53.214635,53.089532,54.033697,53.16651,53.042657,53.58927,53.53276,52.911042,53.685208,53.525626,53.409062,53.558489,53.737553,52.844374,53.467603,52.951301,53.381616,52.869792,53.604271
69.941562,52.302292,41.984584,43.833802,42.215625,40.930677,40.358333,48.537135,44.72698,44.215572,44.420574,45.749635,42.210209,43.033281,42.992447,41.39026,41.151198,41.184688,40.323802,42.932187,40.31651,40.485989,40.738906,40.513333,41.061458,40.556927,40.505469,43.196094,41.170677,41.313958
118.933855,98.020782,95.188281,95.067292,94.937864,94.617345,96.648334,95.16828,98.81224,96.135258,95.034533,95.372656,95.547136,95.316198,95.219219,95.317396,97.249844,95.247656,98.855209,96.450521,94.904999,97.187084,99.356406,94.531615,98.08349,95.000781,94.907239,95.19448,94.410051,95.409532
116.160834,93.408281,93.456614,91.535886,91.984271,91.114477,92.090209,91.373021,91.84349,92.374739,92.989636,93.030051,92.904323,91.739479,90.745104,91.533021,95.805313,95.944739,91.992761,95.060104,91.137292,91.866354,94.693177,91.986354,91.182083,91.309427,92.082761,90.484427,91.09125,91.964791
71.988281,51.069323,49.941979,48.41125,49.736822,48.847498,53.432293,47.710104,49.254844,50.022396,48.628906,55.413228,55.884011,47.01599,47.386719,47.316459,47.754532,47.252605,61.107499,51.080781,49.155417,47.757969,48.764375,47.476249,49.369427,47.481719,50.066875,48.228437,47.0425,47.003125
88.067657,49.394375,49.647448,48.127292,48.392239,48.527396,60.2575,48.166615,48.81349,48.193959,48.77901,50.204896,49.986354,48.590417,48.642917,48.362968,60.939948,50.696406,48.534218,48.469791,48.932344,49.268385,51.237239,48.014636,48.423645,48.438332,50.423387,48.127084,48.814948,47.495521
130.039687,109.627396,108.580261,110.2375,111.078125,109.584687,108.594687,108.740468,108.615469,109.42625,108.365469,108.914895,109.145625,109.449479,108.476979,109.114063,108.796406,108.705468,109.209427,108.494323,108.339687,108.356719,109.243698,108.223646,108.632552,108.362448,108.116146,108.899219,108.419636,108.188646
113.544427,93.747917,92.053645,92.096459,91.936875,92.502761,92.657708,93.229427,92.192239,92.802188,93.187812,92.839739,92.571459,94.051301,92.747708,92.885938,92.193799,92.58646,92.513333,92.857292,92.326614,92.207343,92.921875,92.761824,93.479427,92.100417,94.231928,101.129011,103.718854,92.367813
115.245677,91.241875,89.028021,89.091406,89.51276,90.181875,89.769896,88.966198,90.049792,88.915729,89.087136,89.019582,89.218177,89.546249,89.135885,89.934427,100.583125,89.580469,89.679219,91.510572,88.952291,89.094739,89.211666,89.842813,95.306407,89.899688,89.031094,89.490208,91.37198,88.985
131.125677,97.96375,97.157916,102.583698,99.424584,95.978438,95.933593,95.695156,99.064791,96.805625,96.23333,96.105159,96.084166,100.82474,96.06427,97.128334,96.570729,97.958645,96.405,100.30073,96.402448,95.76026,96.514428,96.055782,96.046926,96.148282,95.951614,95.945156,95.983438,95.898906
102.366667,83.11776,82.889167,82.438177,82.299896,82.280312,82.442448,82.207291,82.305885,82.485416,82.276459,83.240937,84.248386,82.37375,82.185052,82.232865,82.416406,82.562813,81.928073,82.343906,84.288282,82.326874,82.154166,83.660417,82.421564,85.400625,82.765157,82.221354,83.021927,82.285312
114.8325,102.380313,101.680468,103.538333,102.054167,102.449063,102.047081,102.264428,101.734011,101.826771,101.785833,101.825729,102.289844,103.188594,101.302968,102.42375,102.110781,102.318125,101.700625,101.648698,102.089844,102.470833,101.422501,103.194636,102.60375,103.681563,102.58776,102.181823,101.671249,108.95651
142.938332,120.08823,118.142657,118.137344,129.472031,118.677344,119.259947,118.097813,125.415105,120.102448,118.553646,119.47401,120.474635,125.382239,119.220938,121.121875,126.883907,119.520156,119.707031,117.804271,119.172396,119.321615,119.560363,117.62224,117.930417,118.157448,118.894479,117.957135,117.890469,118.219843
104.846407,83.749687,82.663072,83.347761,82.690989,84.192656,82.89599,82.826354,83.181562,83.18198,83.134479,84.049948,83.002293,83.712188,83.391979,84.458491,82.971875,88.024948,82.897135,82.78755,82.635365,82.989062,82.982187,83.924584,82.553593,82.474062,84.686511,83.072708,82.766459,83.903021
120.16224,98.087083,98.349688,97.453177,97.374115,97.37052,108.950521,103.669063,97.269531,99.931146,97.072396,100.98901,99.390625,100.708177,99.654688,97.300469,108.297133,97.701929,98.825781,99.387292,97.332604,97.294375,99.506979,99.022708,98.141823,97.999739,97.154792,96.660625,98.863698,97.049062
113.470781,93.560573,93.347552,93.23724,93.42823,93.558021,92.955781,93.062813,94.136874,102.834948,93.857761,92.771198,94.760936,92.974584,93.000208,93.176406,93.063802,94.397813,94.000417,93.276406,93.097656,95.230677,92.925312,93.195,92.730781,92.939583,92.914115,92.590522,93.029843,94.031614
79.185937,60.243333,58.558802,67.064948,60.024218,57.110469,56.901302,56.851874,56.965,56.791875,56.703436,56.237759,56.665625,56.357447,57.452188,56.58005,56.572241,56.406927,56.443438,56.392865,71.722031,62.586614,58.110417,56.969323,57.676198,56.52724,58.030261,57.201667,56.724426,73.69125
137.399271,116.332186,115.925886,127.519844,116.211353,115.819011,115.40401,116.512032,117.804584,115.340728,116.220104,115.795209,116.540312,115.501145,115.219895,116.061042,115.183125,117.392292,115.427396,115.178437,116.46224,116.915521,94.635104,85.834011,85.596771,86.619219,86.097553,85.345885,86.357084,85.146041
117.38052,77.880573,79.43151,76.897709,74.177812,74.465209,74.45026,74.601042,74.392396,74.448072,74.145625,73.858853,74.338959,74.612031,75.315625,74.98526,74.465677,76.475156,74.201615,73.957084,74.720781,86.090885,78.352969,73.840469,74.577448,73.671406,73.651875,73.5,74.226771,73.615573
82.416719,65.180833,65.890522,64.448542,65.35802,64.532761,64.486406,64.591927,64.23823,64.480573,64.6075,64.399531,64.953855,64.367552,64.361824,64.341353,65.315417,64.20203,64.948437,65.158177,64.621042,64.893281,64.491354,64.706458,64.639531,64.247552,65.489322,64.820104,64.625051,65.536355
54.81698,39.113021,38.211718,38.788698,38.555833,37.872448,38.181042,39.773646,38.227864,38.046666,37.900938,38.138646,38.505312,37.873959,38.465468,37.724114,42.53573,38.161718,38.212292,37.862083,38.214427,37.76349,38.622813,37.842707,38.297865,37.975156,38.069531,37.798125,37.965884,39.167292
81.037708,68.987656,68.94401,69.922291,69.037553,69.434323,68.92026,68.554947,68.79375,69.038907,68.785625,68.946875,69.812031,69.404583,70.257292,72.897761,70.397916,68.866875,69.188021,70.28802,68.810416,69.224896,68.999375,68.817605,68.586927,68.85573,68.75651,68.667605,69.042032,70.215521
95.719479,77.964167,75.797969,77.309843,75.290105,75.257291,75.29849,75.687344,75.217031,84.693386,75.73026,76.84625,89.477342,84.041511,74.679011,74.927291,75.53125,74.847291,74.716667,74.947655,74.950313,74.907344,74.749011,74.705989,75.423698,74.78151,75.790782,74.881093,75.838906,75.288854
85.094271,69.381666,68.732031,69.743385,68.98724,68.812656,69.135833,70.607448,69.119844,68.875678,69.920261,69.049115,68.746771,68.950417,68.891927,68.69625,69.130886,68.981874,68.798385,69.456563,70.727656,71.371719,68.926094,69.26573,69.273854,69.461614,69.44776,69.896459,68.767916,69.743073
44.561511,34.988124,34.426251,34.449531,34.556615,34.36526,34.496199,35.08625,35.262448,35.387447,34.38,34.367968,33.886095,34.655728,33.914167,34.148125,34.453281,34.214532,33.959948,35.161927,33.975,34.274375,34.248646,34.253072,34.147969,34.424114,34.204845,34.256406,34.145573,34.507968
98.62401,82.68625,80.250469,80.551927,79.879114,80.162448,81.219789,91.322345,80.22224,80.175677,80.369219,80.506562,80.487448,89.893855,82.074063,79.900885,81.889062,80.60276,80.485729,81.227083,81.575573,80.218698,80.701458,80.482343,80.038802,80.001667,80.28974,80.686979,80.650522,80.083333
64.094583,40.755261,39.970573,40.101094,40.111979,40.418698,39.839218,40.299896,39.788333,39.848125,40.033385,39.808177,39.995,39.800209,39.843905,40.087603,40.420262,39.933177,39.794427,39.857813,40.077396,39.783125,39.950573,39.774479,39.858125,40.216145,39.834584,39.912187,39.818854,39.846979
52.767812,38.264062,36.710364,37.671094,36.831771,37.619375,36.721458,37.722448,37.022552,37.944896,36.69427,37.557813,36.81776,37.489322,36.973021,37.594114,37.062865,37.327708,36.863959,37.875365,36.877709,37.322396,37.216251,37.398854,37.221042,38.260051,37.692917,39.014792,37.849792,37.101302
98.389011,69.529583,69.343438,68.340417,69.608281,68.942657,68.268905,70.04526,68.955105,68.393021,69.583488,69.161356,79.814167,68.495,69.31474,68.941511,68.558229,69.610521,68.971771,68.320521,69.692969,69.080885,69.977968,69.374063,69.030781,68.721198,69.152448,69.616198,73.790468,68.742969
343.824375,302.885989,322.576668,311.27651,306.650729,301.684897,301.590781,302.098593,301.530156,307.508803,303.291927,300.881406,300.050728,300.905208,307.742969,302.408594,300.853386,299.807343,299.84375,304.862083,311.807291,301.492396,300.528021,300.431146,302.431875,299.60875,300.259531,305.931145,301.753751,305.297186
354.014948,327.607969,327.9875,329.67625,326.996876,326.116041,343.157188,336.92203,328.597553,327.029115,326.926875,325.805156,327.854583,327.191563,327.848698,338.237082,335.97073,338.380937,328.98,333.316041,327.366302,331.062812,329.268021,329.062499,327.436823,326.378749,337.676615,344.192188,328.538386,327.792969
267.744165,242.140782,242.161875,251.402916,242.43552,241.192135,241.895313,244.315989,242.807343,295.497813,247.948541,243.756822,244.532969,243.870885,243.142239,248.118698,250.843177,245.279271,242.890208,254.386718,245.328021,243.429583,243.462656,243.900208,245.147917,242.644427,243.263541,242.997605,243.353854,244.624114
370.77724,333.906301,331.406407,329.750052,331.14776,331.861146,330.929739,331.501875,332.134323,347.719427,330.263854,340.535313,328.555573,328.285313,327.707813,328.778959,328.348177,327.827551,334.272188,355.245416,329.918646,344.272761,331.640833,330.318386,333.096875,331.793385,330.27349,341.5825,337.273853,335.957969
168.672083,148.663386,150.149062,149.988958,150.995886,148.033126,149.897238,148.132917,150.021093,149.120261,149.426302,148.96026,149.218021,149.118125,149.22,157.586198,151.869896,148.722709,148.942865,161.823281,148.367136,148.329219,148.087604,149.870781,149.378437,147.254791,149.368021,189.168386,176.894896,149.277344
321.147916,301.184791,302.64802,301.540729,300.803439,301.254478,303.199739,301.762188,302.348594,322.252553,302.946875,313.09651,304.638126,302.76229,302.184428,305.110574,305.686249,311.200261,302.827396,301.372865,302.341667,312.67276,304.189219,301.452813,303.26901,301.891823,301.351823,302.159375,301.848958,302.168333
314.737343,276.201771,276.106145,275.627708,276.555729,274.991302,276.145365,274.274271,282.063437,279.078125,275.407395,275.303385,278.432968,278.663646,276.554688,275.282812,277.544844,277.040469,275.842134,276.332135,276.705781,275.720365,275.694844,276.903855,276.138802,275.638386,277.006563,282.976666,275.648489,277.064843
264.874583,245.666459,241.624531,241.514427,243.149323,242.844271,242.050573,242.888854,243.165208,244.372083,247.036146,242.792135,241.544375,241.581823,242.946667,241.291927,242.675261,241.855938,242.75526,241.449844,241.402968,241.956458,241.94276,243.4225,241.661615,241.57776,242.204062,242.524166,242.189584,243.165417
366.341353,325.864063,324.788438,324.461876,325.733124,325.26198,324.965469,325.765781,325.7425,324.233333,325.184844,327.432812,324.660625,324.617916,326.576615,325.00422,324.182446,326.150781,325.156875,325.340938,325.381771,326.124063,324.762917,336.314011,335.25229,324.713907,353.73552,329.320156,323.648855,324.13427
327.452188,296.858907,296.67328,297.774739,296.395261,296.215417,298.93927,299.956406,300.540209,307.748541,307.826042,298.151874,297.534479,296.537812,298.735521,299.048073,297.12901,339.14974,298.782239,297.94052,297.451354,298.192083,298.497136,297.855313,298.355104,302.437708,307.047917,301.150104,301.404947,300.312656
361.494376,333.458802,332.301614,331.341979,333.206615,344.105156,358.155416,343.589323,337.389428,333.11875,331.501928,334.693176,332.276302,332.268177,332.516458,329.881146,331.500365,331.273802,329.62651,330.539323,333.152239,329.7813,330.417814,331.967865,330.483959,330.560833,330.599271,331.641146,331.026615,330.620675
243.904999,219.185052,217.806094,227.787136,220.793072,217.237969,218.979427,217.289791,217.562917,220.32552,217.30474,218.112499,280.436562,294.768594,307.057865,309.177917,296.162136,295.828905,298.060365,293.651301,296.130833,298.790573,294.029635,295.668699,295.226197,295.772501,294.837031,295.800105,295.624115,295.706041
197.076824,169.30125,172.416145,169.418698,169.129635,169.696927,168.739375,168.573854,170.861458,169.825885,169.740833,168.708646,168.6175,170.802551,168.779792,168.389218,168.250053,168.029427,168.560573,168.357344,168.86276,168.709115,168.213801,167.97526,168.484843,168.297865,168.582708,169.081093,169.745778,168.826148
321.553437,294.65052,305.850886,295.009583,294.333126,293.505521,293.955886,293.343124,302.941302,297.704896,295.094792,291.517812,292.035781,291.848749,293.70474,291.817188,299.122187,294.267864,303.210677,298.085313,293.926302,293.293489,292.920417,294.512969,293.119322,293.489843,293.371199,294.810833,295.809844,302.417864
459.355729,394.73276,397.032446,396.028856,395.942552,396.133177,394.735521,394.78125,397.6,395.792291,396.147761,395.559635,393.047709,397.908126,396.00953,396.023021,396.561144,394.336875,400.868698,395.164635,394.625833,408.645417,401.913332,399.128073,407.932708,398.451979,397.148594,396.235521,398.948229,398.230156
296.770677,269.535781,267.677188,268.814583,268.683229,268.318333,268.038905,268.306094,266.941562,266.646823,265.959896,266.054323,264.962031,265.604271,264.690469,269.708594,269.289323,266.268854,267.144688,268.181719,266.333385,267.102344,264.103333,266.566615,264.719792,264.032552,266.25974,266.721508,265.267762,265.467083
286.847136,243.079687,258.639323,241.862188,241.743489,241.842032,240.518333,241.555101,241.03771,241.0875,241.046979,241.977344,242.554116,246.598854,259.277813,243.432917,241.21724,241.262396,241.309218,240.966094,240.841562,240.651146,240.922552,241.812709,241.229062,240.716615,241.017552,242.086823,241.606511,241.331927
377.336249,336.085261,327.792448,330.37224,341.533333,328.80474,330.17875,338.637134,305.455937,242.022396,240.565885,242.583125,247.236771,257.56302,244.178803,249.467761,243.28302,241.980208,243.074115,241.466145,251.25099,243.740729,242.875313,241.793593,243.16828,241.728021,241.019688,241.113749,242.159844,243.479218
390.373698,330.719427,332.397239,329.673489,332.72849,331.093228,329.774063,330.483177,330.946615,330.311614,329.88375,330.678959,329.378853,330.632498,331.059846,329.35125,331.230156,329.334063,331.97875,331.569427,330.593125,333.643958,332.76901,330.350677,330.61526,330.832813,330.323125,331.008646,330.570416,329.807447
284.444688,260.898281,263.884531,256.981927,257.438177,257.930364,256.705104,267.756042,259.336458,256.135208,256.442656,256.156146,262.114791,261.07,259.215364,256.273282,256.738905,258.035989,256.360626,265.546301,258.780365,256.811146,255.953751,256.026822,256.315104,257.784532,256.268854,261.390261,259.004791,256.637396
208.411979,189.034687,186.590259,187.142969,186.107969,186.27875,184.655469,186.231666,185.080418,185.641301,186.901979,184.663751,186.060416,188.649323,188.037917,186.473645,185.232864,191.281249,186.950834,186.02026,184.93099,187.205521,184.430052,185.028959,184.279583,185.03375,185.21349,189.720729,186.202865,187.65073
353.638125,331.162604,324.601667,322.422396,323.633177,322.797551,323.405157,323.208542,321.954427,322.191823,331.205157,329.103646,323.833177,321.99802,324.140052,322.48224,321.646094,325.339219,322.242031,326.229635,324.382344,329.172292,321.983958,322.533541,323.395209,322.30552,323.816666,324.488438,321.677552,327.167709
384.775937,352.037448,351.558073,353.741459,351.371198,352.244843,351.848229,356.984947,353.553906,352.339323,352.902708,354.08427,352.629792,359.317344,371.27578,364.161458,354.838594,351.95375,354.357968,354.897397,356.443542,353.506718,353.51729,352.700366,355.503385,353.168281,351.948438,353.715624,353.565677,353.103437
170.477031,153.569166,152.648542,152.72573,152.214791,152.724427,152.665313,153.066874,153.089062,152.399739,152.154636,152.226406,152.151979,152.447865,153.296824,152.565051,152.031511,152.353333,158.379948,153.517656,153.99625,153.430417,152.345,163.584531,152.316406,152.090625,153.285834,152.811301,154.104324,152.296354
162.250051,148.588332,147.767917,147.926719,158.651146,147.903801,147.68875,152.529115,149.503907,148.499688,147.683073,148.797657,147.840781,147.930207,147.913021,161.011042,148.237291,148.793698,157.463125,148.328593,147.170885,147.609844,147.141042,147.70375,147.841874,147.656458,147.904323,147.182969,147.687188,147.063905
332.03026,303.949532,302.151562,303.526145,303.675365,301.87901,304.681406,303.924948,303.017917,302.721354,301.83,303.838019,302.315156,302.651302,302.242918,303.855885,303.615729,301.461145,302.470053,303.013386,301.60552,302.028645,303.297969,302.96026,301.62677,304.162553,306.008801,302.334167,300.994636,311.782655
322.609948,297.087187,306.780156,295.83625,293.228125,293.118594,296.020001,292.919113,295.204167,294.114635,295.580938,293.771458,304.691875,302.981563,293.804479,295.352969,294.318228,294.486719,292.644739,294.040208,294.572032,293.018385,292.688124,293.446355,293.684115,293.392082,293.94849,295.792656,294.054583,294.061146
358.422552,308.584375,308.430155,307.248646,307.89599,306.527136,306.545104,306.426719,307.107813,337.169635,415.675574,419.282968,417.094948,418.685208,418.79875,415.244844,418.183541,418.818905,418.322761,416.930416,415.555313,419.203698,415.586093,417.762864,417.592656,416.688647,418.006457,415.448698,416.702448,417.453541
196.260624,170.549271,168.440624,169.978542,168.658437,169.456198,168.738489,171.080729,169.757709,169.210938,168.232865,168.853281,168.141458,169.090157,168.543073,169.494997,168.674949,168.030417,168.1775,168.965,168.145729,168.43875,169.05099,169.112604,168.984218,169.625468,168.554479,168.376511,169.293229,168.573281
488.155155,447.726667,447.628438,446.117708,447.366406,446.871979,446.635468,446.087552,449.416823,447.545417,446.175625,450.683227,445.508959,449.164948,446.332187,464.065468,447.16099,446.55552,452.134322,445.427031,447.665573,446.59198,448.411146,447.374739,448.113489,447.589062,447.122708,451.76776,446.034219,457.594738
386.935781,361.131771,359.518073,358.689532,359.084948,360.275781,357.808488,360.386718,360.717865,361.196458,358.95526,359.076198,358.680311,358.425156,363.093906,362.306666,364.718646,360.765365,359.553021,359.739271,359.589531,359.733489,358.492083,360.809479,359.234584,358.176615,361.729635,358.632187,358.983384,360.986875
389.356511,351.082969,349.131354,349.048073,350.409375,350.53604,352.640625,349.829688,350.736146,349.571719,349.670208,349.348386,348.70203,350.391615,351.835729,349.261823,349.749323,357.405625,348.866876,351.625052,350.700364,350.927916,350.262604,350.080105,349.593854,348.926355,350.643958,350.146978,350.027968,352.362031
385.020626,344.462031,345.859271,345.378072,345.926718,347.236667,344.184895,345.138907,346.471875,346.161876,346.28849,346.49302,345.568542,343.762135,346.473438,343.793072,344.692344,346.519895,344.883542,344.876978,346.355365,348.647187,343.710572,347.070313,344.659635,344.226353,346.404532,344.723332,344.30599,346.169478
383.993751,355.272291,298.539115,260.974791,259.491354,260.235884,259.805625,260.583542,259.794011,259.856562,259.121094,259.865625,259.140782,259.008177,259.222448,259.650832,259.261771,259.371145,258.952136,259.6475,259.164479,258.557447,258.336823,259.757396,259.201875,258.697552,258.554739,258.82375,259.675417,260.183125
326.35724,292.414219,289.374271,288.947812,290.03927,288.377031,288.138124,288.217552,291.043698,288.885156,289.197917,290.076771,294.650782,288.488801,289.45375,289.820989,289.689114,289.187656,291.675052,289.913386,288.816355,288.894635,288.636041,288.650781,288.324896,289.612657,290.081615,288.352031,290.099219,289.530052
332.667865,309.305624,307.387187,308.525469,307.535573,308.003021,308.277344,307.382031,307.761199,308.920103,311.058124,309.444427,307.905678,308.937865,307.653489,307.188905,307.145417,309.474062,308.535051,307.428958,308.605625,308.485415,308.156667,308.128698,309.043542,307.887969,307.471145,309.381719,308.009896,307.773907
344.195261,306.738645,284.116302,284.227917,286.879322,284.254843,284.65349,284.868073,285.831146,284.337448,284.558281,286.916927,284.321614,284.52776,285.292446,285.045522,284.797968,284.79599,284.974531,287.102604,284.153541,285.054688,284.207916,288.516197,285.23948,314.618333,286.597344,284.152187,284.693959,285.87177
272.850313,248.105521,249.204738,247.635469,249.738802,248.002708,248.121094,247.528021,248.228697,247.560886,247.821198,248.763177,248.349634,247.561511,248.155781,249.373073,247.89651,248.383698,247.889219,247.680364,247.07125,248.405781,248.629115,250.467604,255.805782,248.62052,248.300573,248.607969,248.140157,247.545104
351.087917,322.250938,320.890154,324.08521,323.498594,321.960156,325.516145,321.970782,321.146354,322.521927,321.239842,321.336563,322.021667,323.463594,322.17526,322.096927,322.635312,321.286095,321.639166,322.406926,321.883697,321.721822,322.729844,321.431354,321.34625,321.039167,324.301303,322.380988,321.054635,321.902188
242.4275,208.861198,217.708281,218.903021,211.736094,209.810989,208.711198,211.099426,208.957136,207.795937,208.405052,207.918958,208.497344,208.089427,209.847292,207.785469,207.872343,214.490573,209.83474,209.496459,208.709947,227.302916,207.871771,207.842135,219.08026,207.520052,207.545989,207.828229,207.818593,209.684427
366.868855,335.087238,335.680626,333.433541,334.007865,398.57724,453.967448,456.403646,453.803175,454.72349,452.474114,452.589479,457.491511,453.289478,453.919428,454.157552,453.323072,456.264428,454.33,454.850208,453.080625,454.981302,452.479531,452.404374,453.847917,453.108072,453.749843,454.634323,454.438645,455.636511
481.984375,439.581458,438.751146,440.747812,439.243698,437.887813,438.261041,436.583489,439.014271,444.297708,438.179636,437.251562,438.508228,438.969323,436.428333,437.882917,436.04375,442.683645,439.111457,438.085469,438.899635,436.636249,436.487708,440.980313,436.058905,437.24901,436.131406,435.501511,437.377396,436.64
479.034062,444.785781,448.175573,449.874792,446.184115,446.045417,445.95401,448.101563,445.850728,446.181094,446.115677,444.850885,445.807083,446.552499,476.548178,459.82375,448.639844,448.82552,485.436197,468.825052,447.195521,463.668333,458.901042,448.120364,445.666459,445.028281,451.340625,444.816355,452.221353,458.210832
260.859844,238.088541,241.673385,239.214583,236.569636,238.170312,236.246198,238.986771,236.335729,239.252967,249.002397,239.831823,236.612605,246.141614,248.036354,237.574999,237.390052,237.775677,238.283229,237.918386,238.322445,236.850418,238.099114,239.426094,237.570001,237.228021,237.384844,238.492813,238.040105,236.75875
406.803071,368.061511,366.166146,371.599427,368.599844,365.921405,372.632865,364.705416,365.894792,366.944114,364.719324,375.847292,379.371093,365.349583,366.461562,367.979532,364.909687,366.702813,370.739167,367.217136,367.285416,369.160416,374.557239,367.134114,376.34099,365.170834,366.031197,378.381042,369.152187,370.594739
549.170833,488.73375,490.222083,490.219115,498.716822,490.859322,496.60974,487.657395,491.686355,486.785624,495.222605,487.704323,490.711146,488.901458,486.694635,497.614061,494.955157,487.966614,488.216094,489.48427,492.914478,492.454948,494.116354,491.480937,488.202396,489.375989,489.069271,489.747969,493.642291,493.248074
476.027551,439.289843,440.078385,430.128489,432.459844,443.963125,432.362342,430.775885,430.040156,431.049063,430.441771,430.504948,437.230413,429.954793,437.208855,429.939636,430.777031,430.936771,432.372552,437.612551,432.086615,430.166718,433.999479,429.99776,431.869323,438.696822,435.019844,438.650104,431.423124,432.165312
412.495726,395.045731,380.274895,393.761458,379.073437,378.123646,380.060833,378.994687,378.282865,377.822499,391.258387,382.219896,386.035728,381.253022,278.327446,277.17672,288.028698,278.406979,276.544634,277.168385,278.489792,277.476459,279.801093,277.960156,291.87104,276.637551,276.975781,276.727031,279.532135,276.632031
196.493334,179.260886,179.790469,179.567031,198.722552,178.643072,178.439427,178.883907,180.062291,178.714115,178.210052,178.859635,178.451094,179.271823,178.566197,178.563282,178.439323,178.352135,179.303593,179.149946,178.965782,178.632032,178.423802,178.17651,179.015521,178.515,179.17125,178.506406,178.237396,179.215885
361.677551,324.85531,333.768804,355.113178,322.055156,322.600573,322.070156,323.386511,323.768177,321.816456,324.805836,323.889947,322.32927,323.135209,321.828073,323.279167,323.529532,322.602759,322.325313,321.43875,325.541302,322.680104,321.46875,323.065989,322.541563,321.619426,324.662499,322.317709,335.814062,321.783073
227.484218,208.854063,207.162292,207.898907,207.495573,209.588593,208.101405,207.861146,209.523177,209.793125,210.816615,210.61974,211.344948,209.928802,213.097188,212.624427,210.979948,211.392187,211.222499,210.179062,212.868438,209.862656,209.624687,209.718542,210.858333,209.068021,208.144374,209.872084,209.325886,225.240156
399.998541,364.204427,363.457552,362.259114,362.474999,365.045156,362.116041,365.007499,363.432813,362.567187,362.634791,362.97422,362.667395,362.415468,363.17651,363.628386,361.655104,363.394531,363.295053,362.150625,363.882135,362.311665,361.78896,364.264947,363.058594,362.956041,363.016041,362.444167,362.682918,363.283592
224.400522,206.893072,206.292917,207.930677,206.513594,206.268906,206.039948,206.059062,207.798177,206.091042,205.856925,205.898283,206.920313,207.314114,205.789011,209.282239,206.344322,206.028229,208.490417,209.432343,206.220572,206.312552,206.651719,206.677082,208.62224,206.580834,206.154114,206.955625,205.985886,206.068854
392.158646,363.769375,363.090781,362.259166,361.393802,361.63276,361.982447,361.457344,361.919063,362.652656,362.194426,364.11125,362.460468,361.742239,381.715781,364.867292,377.348228,472.146927,496.339218,500.98,493.938178,496.340728,494.068489,503.023333,498.814584,502.900728,494.457136,499.177812,499.176771,508.151198
238.071666,200.6325,200.179948,211.273698,202.112343,200.706093,200.861459,201.018697,200.834375,201.747812,200.813333,200.688229,200.765677,205.640104,203.944531,200.732916,201.586822,201.874791,200.879271,201.380521,200.918854,200.631979,200.799219,200.983542,200.818125,201.535104,200.752447,200.648281,208.787188,210.797604
327.088802,289.610885,287.673072,289.271927,287.798021,288.981094,288.173281,288.79526,288.837344,287.420729,290.384167,287.795572,287.450469,287.497292,288.806927,287.598698,288.218645,287.365886,288.948229,288.78182,287.718179,287.696666,287.875521,287.418073,287.521094,289.262708,287.46401,304.723281,292.59031,313.749846
302.759687,275.76974,275.689582,275.982865,275.380051,275.73573,276.355834,275.940778,274.603596,275.286614,276.368126,275.772917,274.222448,274.830051,275.327551,274.915521,273.609218,275.456249,275.406511,275.93625,274.857343,277.455208,278.380364,276.268489,274.687605,276.464063,275.232549,276.253335,274.128749,275.961979
314.770208,290.060521,290.551928,290.434844,289.950625,288.152499,290.862813,288.912082,291.020209,291.649063,291.039427,289.272448,290.403437,290.823073,290.403801,288.429948,289.351094,288.750313,289.299375,304.075156,293.192656,313.846146,306.444374,292.2,293.732917,303.247396,289.792031,288.795521,290.921771,288.812656
289.666354,267.136041,273.425311,264.90125,262.440105,263.563646,263.24026,262.679063,261.17526,268.750678,267.468697,263.537293,262.34578,273.57375,265.14474,262.546302,263.915626,260.656302,262.198385,261.298542,267.09974,265.791979,261.62625,261.52349,262.064271,262.871562,263.964324,260.712344,262.054948,260.799271
484.172029,429.459115,421.117135,433.159272,423.366354,421.780364,419.394219,424.098437,420.342812,422.229219,432.610833,424.048126,432.8675,424.931874,450.890781,420.308073,420.122292,421.347604,419.676771,421.293645,419.599583,420.332865,422.316354,420.574948,421.740312,445.011771,421.270573,432.430989,419.662812,420.78802
357.884219,299.407655,309.835677,297.770782,296.542968,295.47677,297.312604,295.245051,305.972448,299.223333,301.674739,295.557656,307.037916,298.647343,296.213177,295.298853,297.747187,298.373594,296.430156,305.088332,299.143959,297.978178,309.377135,296.551719,310.907865,296.04526,296.869271,295.815938,297.839634,296.090834
217.050261,196.264897,184.841822,192.949114,187.402604,183.297709,183.17526,183.303854,182.697343,183.203177,183.338645,181.981562,183.175729,183.410729,184.530157,183.721927,183.150937,181.983229,192.092449,194.226927,183.810624,210.208334,195.177395,183.062812,190.672916,184.836563,183.913177,182.491875,183.789219,181.626562
549.439948,485.72875,481.160259,482.117658,481.274948,481.682396,481.508333,516.137657,498.07901,483.61052,485.339011,482.547812,483.748801,488.041145,500.787343,497.909219,484.243853,487.584427,497.103853,492.190677,482.165729,482.99099,479.792865,483.985937,480.479375,482.495312,482.918959,481.432136,482.703906,480.999739
252.837813,224.905885,224.987969,224.979479,224.583073,226.045052,224.789531,223.854635,225.601407,223.972031,224.635988,223.869532,225.430833,224.985625,223.521301,222.856876,223.177188,224.327864,225.323594,223.789792,224.803698,222.809427,222.728019,224.786094,224.209635,224.279271,223.149323,222.838437,224.742448,224.10526
287.914896,252.061979,250.56323,251.291562,251.758022,250.127812,250.477709,252.687395,250.558021,250.104688,250.303281,250.936927,250.372031,250.257968,251.113645,251.338334,250.684844,250.410365,251.256979,250.002084,253.056406,250.052084,250.2825,249.925364,252.075208,249.829323,251.660105,251.168177,251.095313,250.065104
351.176251,318.739895,314.415678,313.225051,313.683855,315.402135,314.784375,314.437031,314.710001,313.424999,314.321771,313.247396,313.906927,314.740573,313.335417,315.455678,313.788645,313.447187,313.804896,314.922447,313.848959,313.40151,314.020885,313.557292,317.131145,318.080103,317.310104,316.111719,314.823697,316.211563
356.033437,324.721511,327.418906,322.954115,338.250625,325.098279,325.523647,322.439792,325.074426,324.481146,324.508541,324.265052,325.333072,324.29,326.338437,325.359635,324.417084,323.924896,327.334375,323.930624,325.528802,325.714218,325.692291,325.081041,325.099323,325.058124,323.951042,325.477916,325.59672,323.841927
81.254377,60.191042,57.097344,57.008907,57.55349,57.157813,56.132969,58.155938,56.321042,57.336198,57.494584,56.342709,57.111824,56.045,57.390104,56.253282,57.015104,57.826771,57.456615,56.653697,56.372396,57.470938,56.536876,56.698333,56.750261,66.539219,56.955989,56.931251,56.612448,56.416041
156.235261,138.982394,138.210938,136.764115,138.063802,148.238593,137.579635,137.998437,138.21401,150.025364,138.716198,139.150521,160.101302,140.628334,137.078698,137.250052,136.391198,137.814271,136.892761,136.742864,138.1325,136.709948,137.055209,137.261769,137.034428,137.424427,136.979271,136.763855,139.879011,137.143854
258.724948,231.381667,231.785625,230.95,230.211458,229.890312,229.852344,229.34302,231.632031,229.947864,229.791666,230.340625,232.529948,231.99776,254.294479,247.070417,234.949999,251.309376,232.556249,231.099531,232.688958,232.117917,229.730572,230.737761,231.044791,230.426302,232.883176,235.170313,230.981146,232.96802
323.671562,290.2675,291.121458,290.931614,291.871042,292.555469,303.014479,291.993437,296.511926,293.775156,291.364115,293.329531,292.171666,291.460937,291.703178,293.429323,292.640208,291.729062,297.228229,294.067083,291.025105,291.801719,293.31401,291.778073,292.465574,291.659635,291.817915,291.525989,296.264219,294.440104
375.377135,339.786927,346.648749,334.41354,334.979949,341.147396,335.158802,336.917292,337.314687,334.722865,334.974948,336.144426,334.187552,335.884428,336.115886,334.655208,336.978125,335.201927,335.228021,334.967395,337.360052,335.160105,334.217917,334.28625,335.001041,335.799897,334.522604,334.885937,334.121249,334.491146
344.015677,324.384376,327.919584,322.541927,324.243957,324.616459,323.277083,325.577917,323.137135,322.927656,323.662708,322.497708,322.932604,318.493749,237.927656,238.031979,237.225261,237.760885,238.935104,237.448438,237.633906,237.852657,238.285729,237.702081,237.799169,237.700313,239.35776,239.06125,237.617291,238.13349
303.971876,280.095989,277.517865,278.10833,287.46198,280.887968,279.777709,288.569479,282.753281,278.81276,278.606042,279.264584,279.9,278.469218,278.251615,279.343125,280.916823,288.698489,280.578593,277.963698,279.707396,278.813489,279.193749,278.542135,279.416198,278.88125,280.785833,279.02125,287.406667,302.772135
262.564843,239.14854,236.552292,237.104687,236.462917,237.321562,236.782864,236.500834,236.523594,236.79776,238.451875,236.909375,236.555885,236.632083,237.117396,236.371459,236.54901,236.467031,236.749219,237.783176,237.620625,237.275729,237.175104,238.272393,237.053125,237.211875,236.882031,236.959947,238.119844,236.808959
461.223543,440.25125,414.592343,417.120937,414.948645,414.896146,418.183125,415.570729,417.658854,415.539583,415.48328,416.604167,414.933385,415.165104,415.687967,422.01948,415.316354,416.193906,415.061146,415.759272,414.662917,415.567187,414.926927,414.719532,417.83724,415.522656,417.805104,416.157343,414.723958,417.952187
106.773698,86.890469,85.40401,89.557916,97.731302,86.001302,85.325364,85.248699,86.718436,85.010938,85.194114,85.404324,85.027968,85.090053,85.123124,84.927448,85.235572,85.288281,85.133854,85.088854,85.841771,85.054531,84.921615,85.117708,85.236823,85.080208,85.097709,85.083177,85.002344,85.11276
193.755886,176.344791,176.056719,176.133645,176.16276,176.954688,177.736771,176.18802,176.906042,176.624115,175.703906,176.23,176.600104,176.299426,176.043594,176.144166,176.006146,176.366615,176.090521,176.679063,176.046927,175.977864,175.93328,216.924271,176.817761,176.238698,176.066302,225.59974,239.189792,239.373542
325.813959,291.412708,291.79375,291.727291,289.581406,291.746979,291.201719,289.601823,290.152552,289.84677,290.83698,289.378542,290.495728,290.00125,290.773854,290.911042,289.471875,290.67651,289.295729,290.38474,289.881875,290.297239,290.074635,289.402864,289.725625,291.026822,291.286823,289.820833,289.932031,290.162135
497.833645,467.318906,461.554531,463.54974,462.128854,464.319843,462.410208,461.502865,463.347396,461.9025,465.410573,461.343749,462.997239,466.000261,466.633228,462.837291,463.6025,462.978124,461.410157,463.321459,462.078229,460.742968,463.950469,461.785417,463.320729,461.389322,464.223021,461.98776,462.421509,463.888802
419.656042,392.164322,387.527448,386.160782,386.129687,385.986302,387.636406,402.106302,384.33052,394.660052,383.906146,384.606458,385.754583,384.459375,384.209271,384.728126,383.838646,384.962813,386.802915,383.992396,389.122344,383.427187,387.713751,386.194114,385.78031,384.777033,384.342605,384.405365,386.319271,384.028385
227.389687,202.03,202.474739,200.386979,200.353125,200.678854,200.468437,203.326146,201.753907,200.631719,200.749843,200.510729,200.561564,202.573333,200.8475,201.30302,200.75651,200.461979,202.453385,200.715834,200.637344,200.457864,200.551979,202.808385,200.356979,200.625624,200.399531,200.38401,200.691405,200.381354
321.165729,288.217187,290.420156,288.22776,288.764688,288.794219,289.014115,288.822395,288.084218,289.346928,289.655208,288.025261,288.818542,291.521146,292.746511,287.67078,289.480937,290.934843,287.965157,287.508958,289.430469,289.172917,287.65448,287.931197,288.710886,288.146143,287.009689,288.000417,290.026042,289.645468
166.095209,158.871302,145.847343,155.928125,145.181979,143.431354,143.81526,144.285365,143.159269,143.814062,144.67099,143.648021,144.637552,155.615833,150.669531,143.59724,170.17099,147.803542,147.50401,144.479479,143.52276,144.310938,155.317864,146.474896,143.947865,159.057344,144.129896,144.630625,144.569167,143.168906
72.794531,54.737344,53.460156,53.007344,53.641772,63.577031,53.613333,53.828074,53.003958,53.128749,53.017344,55.220469,53.32125,53.333281,52.889739,53.430417,53.045781,53.283177,53.054063,53.381094,53.177031,53.486302,53.135312,52.959479,53.215209,53.166094,53.739739,53.072241,53.160781,53.554219
795.72026,683.395729,681.164323,680.486771,682.979426,681.692656,680.284479,681.909113,681.925574,681.100105,681.347864,681.437187,680.607396,680.733594,680.667343,680.904634,681.911927,681.283593,685.54099,682.892238,680.42849,681.433594,682.740261,683.461405,682.484739,680.428698,681.277917,681.213229,685.057812,684.04724
1190.378281,1138.067135,1135.585154,1136.054635,1138.229375,1139.568332,1138.103645,1137.849635,1138.550833,1135.272031,1134.911042,1142.00229,1139.417813,1137.39474,1137.141354,1137.126927,1138.939582,1139.244583,1136.547343,1136.137812,1135.519375,1135.402656,1135.581249,1136.363541,1134.443385,1143.734217,1136.9825,1135.053854,1135.432916,1135.316875
1578.694114,1492.828072,1486.330678,1486.743124,1484.356563,1485.259217,1483.467709,1482.85453,1482.615052,1482.830677,1483.309634,1482.578698,1488.348853,1484.619062,1484.838384,1484.099167,1490.088801,1482.88177,1484.520833,1485.085937,1485.75526,1486.279114,1488.279271,1485.241196,1485.248176,1485.356615,1523.099634,1490.455364,1500.936874,1485.782448
2709.049113,2612.265052,2605.377448,2609.033593,2605.272082,2612.004791,2627.066197,2616.633073,2639.650884,2652.785051,2613.269009,2614.36,2617.651197,2657.908486,2644.732656,2638.889477,2643.685521,2641.125833,2645.093906,2654.956613,2656.452864,2642.363592,2620.735103,2615.563957,2640.901561,2650.286405,2654.76677,2617.552603,2619.489322,2640.763072
