161.972448,37.654739,35.105209,37.924843,36.166042,38.210313,37.175365,38.101719,36.610469,35.95901,33.680521,32.853854,33.678542,36.230417,33.806666,33.191042,33.708593,35.291303,33.431875,33.605938,33.900573,34.890052,33.982812,33.563854,33.809583,34.75875,34.338646,34.268542,33.040469,35.934688
43.857916,25.367188,24.399584,24.653281,24.021198,23.469323,23.75776,24.37375,23.38026,23.777813,23.267656,23.54625,25.393385,25.001198,23.779531,23.410157,23.6225,23.297968,25.457448,23.678489,23.750938,23.373177,23.405156,24.052395,24.283438,23.499271,23.484531,23.335781,23.498177,24.734323
45.562187,40.035938,43.317917,41.395417,41.093854,42.950469,41.526094,41.285208,42.420521,42.814948,42.538698,42.345677,45.971823,49.553646,63.586146,54.749115,55.494635,86.556979,59.658334,77.515312,89.869115,51.254375,48.025573,47.95349,50.679323,53.885156,53.40224,49.506615,45.034583,43.403646
52.323906,40.501302,38.884844,37.760313,38.929583,39.505417,39.345885,40.677761,38.609844,42.092969,37.947552,40.126042,38.771094,37.678802,41.39026,38.420052,41.167552,37.594531,39.595989,38.117083,38.759636,40.170885,38.49177,39.663334,37.715989,39.608698,38.159218,39.783073,39.761927,38.56151
49.01099,30.557552,29.000208,29.41474,30.99375,29.794479,31.386979,37.008021,31.211927,32.109114,31.014583,31.349792,32.548125,31.084896,31.811094,32.4425,30.442344,31.261615,31.689323,30.555416,32.238282,31.983073,30.472083,32.025573,31.945469,29.604688,29.988854,31.555677,29.315104,30.139792
35.014584,26.814687,26.953542,26.674896,25.612135,26.439323,27.584843,25.094584,26.330781,28.606458,24.965312,26.559844,26.377916,26.708489,25.783802,26.032969,30.439843,25.46849,26.781406,26.102813,26.830157,26.075937,25.899739,25.082761,25.374219,24.938334,25.335521,26.570312,27.356823,25.524531
43.746979,41.470573,40.307968,39.708594,39.29375,41.450677,39.556823,39.487031,41.221145,39.941354,40.463281,39.203385,41.686458,39.625938,39.242396,41.432552,39.495989,40.099219,39.883385,41.353282,40.016614,40.85875,39.315573,42.242187,38.569271,38.630989,41.070521,38.831927,38.318229,38.138177
48.641823,38.05349,38.92526,37.861458,38.713541,37.140052,39.978333,37.398073,38.471979,38.309114,38.836562,37.8775,38.684843,38.991511,36.978958,37.025677,39.926771,39.775938,37.836614,38.77625,38.817916,38.618125,39.451615,37.713281,40.600052,38.040156,38.013854,37.894687,40.103489,38.245209
29.22125,26.301979,27.644375,26.134479,26.735782,26.345937,26.192708,27.469844,26.647865,26.569375,26.847448,26.247292,28.238125,28.811458,26.973854,26.897292,26.472812,28.446771,27.346666,27.02552,27.151354,27.39,27.357708,28.684948,26.82625,27.372395,27.257812,28.022552,27.156719,27.371823
36.537447,30.469114,27.264531,27.79198,27.984687,27.774687,29.742031,28.025052,28.452604,27.556354,27.170938,29.838489,28.017032,28.023021,27.415104,27.518698,30.615729,26.845625,28.325469,28.238802,26.248385,32.131979,28.473021,27.178907,27.593072,27.498906,29.271667,27.706614,28.997083,27.562709
47.445781,49.061875,44.187187,45.084427,45.774167,48.255156,45.268698,45.762604,45.96375,47.415625,44.172448,45.998698,47.35974,47.151042,45.695781,46.473073,47.832032,46.551407,45.647552,44.725,51.402864,44.479166,45.878906,45.712448,48.629635,43.735886,44.985573,46.263281,48.467188,44.211354
71.849219,39.083229,41.265781,40.280885,43.135625,40.479739,40.216927,39.192656,45.700937,40.222552,41.131875,40.367239,41.516458,41.197708,39.687812,40.074167,40.975209,43.60125,39.001718,39.902031,40.403073,44.554114,39.059635,40.748229,39.427969,42.164948,40.468333,39.614375,41.128437,39.041875
55.677136,38.209115,41.121927,38.36,37.882396,39.738021,39.377813,40.897448,36.977708,38.99052,38.212188,40.889531,38.145416,37.55125,38.569375,39.793437,41.171615,37.99625,38.244062,38.957136,40.299011,38.448542,37.731771,39.338698,39.256406,40.119687,37.40599,38.733282,38.807552,41.071562
53.873802,42.709635,40.713855,42.803125,41.137969,43.119011,41.527084,44.238385,39.638125,41.50875,40.868282,45.018594,39.510105,41.06974,40.404062,41.905677,42.151719,40.125781,40.529792,41.504323,44.196979,40.465416,42.229688,40.686927,44.959323,39.241093,41.038646,40.589584,42.026667,43.249843
46.69224,39.295781,41.873959,34.453802,35.523855,34.899375,36.368802,35.449948,34.708125,36.893906,35.699584,35.344531,35.562396,36.83125,35.207656,35.004479,35.882552,34.996042,35.377917,36.852448,34.821875,35.139063,36.126354,36.862656,35.259531,35.754532,36.133125,35.869167,35.328593,35.557604
75.890938,43.677656,42.004792,44.502396,43.319479,50.009895,44.533229,44.241823,42.861354,45.567031,42.489948,43.870312,43.505468,42.788021,44.53026,42.442656,43.224532,45.720104,43.761458,42.269791,44.47198,44.158802,42.510261,44.61625,43.435938,44.626719,43.479948,42.085625,44.43323,43.354271
170.83401,56.99651,49.773021,48.607552,49.152709,49.300834,47.602135,49.650834,47.482344,49.525208,49.312084,47.037709,50.643385,47.80276,48.987865,48.488958,48.018645,49.289479,47.541719,48.069948,47.485364,46.697344,47.157031,48.866302,47.332448,47.707969,48.238125,47.402709,47.461615,48.685625
66.195521,37.584323,36.06724,36.822188,36.193386,36.222552,35.392709,37.366146,35.988802,36.281875,37.049271,36.251042,36.95974,36.725,37.718125,35.440521,36.058125,36.541666,36.285313,36.567292,36.586719,37.042552,36.11625,34.977031,37.683646,36.290625,36.078229,35.882969,37.225261,36.02302
114.234323,42.739843,40.262656,39.129375,41.8175,40.534063,39.931563,41.62125,39.186562,40.723542,43.000417,41.183594,40.539584,42.287396,40.030885,39.469219,42.094323,41.247083,40.49849,41.786198,40.775885,39.699375,41.3225,40.554375,40.199219,39.879792,41.421458,40.35125,41.274844,42.067709
62.063802,39.965937,39.455625,42.408542,39.781354,43.020468,43.090521,39.920365,39.634479,41.747291,39.961041,38.935677,42.613958,39.96474,39.77625,40.425937,41.453333,39.349427,41.036354,40.931822,39.074531,38.500052,39.230677,40.21401,43.646458,42.606146,40.116823,39.4,43.758125,42.240261
54.655104,34.198854,33.242396,34.529636,36.174166,34.167344,33.794636,33.465677,35.731302,33.536042,34.004844,33.785677,35.771666,33.291511,33.185886,33.915416,36.141407,33.255,32.408489,34.287083,36.259739,34.162187,33.77323,34.293489,34.556511,34.87302,32.711875,34.537864,36.624896,34.153385
77.236302,50.219636,48.358698,51.61875,51.967343,50.540313,49.949635,49.248958,51.514323,50.761198,47.703386,50.404219,48.674271,48.377916,49.646198,49.110729,46.87651,50.111198,49.050937,47.946927,50.0175,47.995469,47.787343,49.503907,48.281093,48.893854,50.220469,46.771667,50.449479,48.778906
92.0575,42.166823,43.625,43.740886,42.173229,44.006458,43.466406,42.548541,42.225365,43.207031,41.947292,42.392031,44.551979,43.797291,41.915104,43.415104,45.004948,42.989115,43.243906,43.395,43.528698,44.486615,44.301354,41.713645,43.956146,44.678073,42.307917,42.752448,41.708073,42.518073
49.006614,40.36026,37.61625,37.538021,37.469843,42.580937,39.774011,38.618124,38.305365,39.187396,41.586614,40.012344,38.133333,38.160208,39.625885,39.338229,38.602657,38.03875,39.019114,40.169635,40.109427,39.750677,37.823802,38.551718,39.920416,40.768803,39.53099,38.239895,38.026354,42.941145
67.237969,33.37651,33.816511,30.69198,30.960156,30.797813,34.509583,33.581302,31.287917,30.561719,29.764115,29.771927,31.806614,31.321719,30.556302,29.930677,30.220677,29.404739,31.773958,32.12474,29.740416,31.180938,29.996459,29.35474,31.570417,31.77776,30.917187,30.775468,29.128021,30.495781
66.124271,39.994583,40.700678,42.8225,41.238854,42.589896,40.534218,41.675364,41.631979,40.326771,40.032292,42.895209,42.421042,40.829896,39.730885,38.832552,41.94474,42.056979,41.155364,39.794011,39.836303,42.070781,40.548594,40.006927,39.045365,39.897969,39.977292,40.985834,39.080469,38.403802
55.265833,43.056407,42.47099,45.083333,44.112552,43.656666,42.070417,47.137083,44.970469,44.501145,42.696198,44.421667,46.760834,43.824063,44.639062,43.008385,44.106719,43.600521,42.984479,42.528386,44.122396,44.665365,44.246042,42.061354,43.280156,45.635937,44.297604,42.842083,42.217604,46.384062
73.316511,40.518438,45.785937,41.708021,41.211354,47.21349,44.848698,42.131875,40.77599,39.268854,44.675781,41.882135,43.888749,41.839427,41.762656,39.642968,43.435156,43.585781,41.832188,40.48724,41.1175,40.830312,42.581406,41.357604,42.219115,41.797135,41.596041,41.242969,42.505729,41.819531
52.146719,29.044583,26.758802,27.265885,27.272291,28.590053,27.045573,27.682188,26.959218,26.808646,26.259844,28.984791,29.270156,26.161198,27.447917,25.078125,28.480104,26.104583,28.721979,26.917813,25.954322,27.199688,29.030104,26.399479,27.42125,27.304167,26.305208,27.819948,26.740885,28.150469
66.12,45.577656,46.120886,46.703177,46.251771,51.265938,46.592239,46.954218,45.062083,47.420209,45.780469,45.448698,45.952344,46.553334,46.695781,44.911302,46.169583,45.753958,44.445573,45.933698,47.219114,43.98776,43.911614,46.575104,43.674114,43.234688,46.01599,45.759271,44.358438,46.470469
34.579323,31.239375,31.464688,33.073958,32.540156,30.055209,30.39901,31.566719,31.93375,32.953125,29.966614,31.533541,33.536146,30.638021,32.38375,31.244844,31.207865,32.242292,32.754063,31.106823,29.955625,31.992344,31.723802,30.940885,31.61875,31.262552,31.950417,30.800156,32.321823,31.405052
55.578281,30.773698,28.335365,29.89651,30.544896,29.224011,29.720312,29.824791,29.984166,29.895469,30.20151,28.746042,29.020365,31.077813,29.832135,29.709948,29.495,28.409635,28.213385,27.414011,28.447448,29.161406,27.85125,27.796719,28.207552,27.437083,28.56375,29.735,27.835469,27.776667
49.508282,38.048697,38.428334,40.277448,38.665937,39.308593,40.470938,38.532188,38.288854,40.038698,38.311823,38.824323,40.722864,38.925625,38.263072,40.72427,38.336458,38.735104,40.827448,39.877083,37.914792,39.399166,39.601146,38.77052,39.095937,40.195313,38.413698,38.796041,39.839532,38.959791
201.848646,165.512396,163.227761,165.665469,163.230885,160.638386,167.014219,162.656458,162.153333,162.226875,161.472135,161.052344,161.71099,164.685989,165.279948,167.225886,166.531979,168.458489,167.396093,167.975364,168.834219,167.136875,168.454999,166.444635,168.37224,167.648906,167.781667,166.418802,165.623282,165.815729
232.465677,185.358802,186.691041,184.78526,184.972812,182.975677,182.671197,183.371302,182.561094,183.359323,184.128229,183.802916,182.531354,180.690313,179.055729,178.548906,178.805416,186.582135,179.249167,179.044323,181.001979,182.467292,180.715989,180.173333,181.957968,181.721249,181.414531,179.459948,181.409531,178.945729
181.174271,131.314635,134.365365,133.036302,130.548386,134.200521,134.537031,130.078854,136.438386,136.082812,130.953334,134.211719,133.029375,131.458645,134.459115,133.822708,130.5775,134.641354,134.446146,131.2125,133.820938,134.362447,130.777813,129.457604,131.461771,130.520469,133.017916,131.749375,130.925469,130.497395
216.447604,177.913646,186.220313,180.670886,181.34401,180.171511,181.797187,177.379166,178.728958,181.056198,179.573958,172.966927,179.655573,180.740782,182.923437,182.20073,184.479531,184.440156,183.988437,191.245209,192.788281,188.878594,188.80224,185.515312,185.824896,187.327031,182.803906,180.404427,179.686771,180.531198
116.390417,100.429114,105.7475,100.980312,105.609323,106.22526,102.84151,104.504844,103.996458,103.612604,103.656354,104.785417,100.934584,105.661562,105.047656,103.246406,111.024739,102.834531,104.096407,105.781875,104.413489,104.447917,301.872864,347.445468,346.127291,340.212813,347.291875,303.622969,117.362708,101.132917
262.400625,167.190886,163.450156,165.982083,163.319323,166.155989,164.974948,163.692552,162.496615,166.030834,163.048698,163.789583,162.391666,162.289896,165.120781,164.007187,164.883125,164.680052,166.076511,165.694843,164.513698,163.243646,164.594688,165.32375,164.470468,164.740052,166.230782,163.253698,165.633646,164.392344
209.179219,515.285468,503.645624,501.72099,502.077083,505.530261,508.112396,319.791927,152.069896,151.970729,150.365052,149.693229,150.782968,150.891667,150.676615,149.150989,150.761094,151.749844,149.111406,151.818385,151.782187,149.965469,151.41625,151.511875,150.027447,151.253125,151.926875,152.803177,151.401875,150.243438
137.055469,130.653489,129.502604,130.375573,129.763802,130.421719,130.497083,131.060677,130.636406,130.825312,130.098489,131.453229,131.441979,134.659479,127.515781,131.482292,132.552968,132.265469,128.867292,131.070834,132.618021,131.902708,133.39599,128.524323,132.873854,133.308907,133.033698,133.798437,129.538021,133.510989
190.150573,175.928698,179.384218,175.718385,174.729843,175.605885,176.198073,174.684479,175.670313,174.124323,173.699635,173.685157,174.370416,173.772187,174.026041,174.770625,174.384427,174.657448,174.16276,175.198021,175.766927,175.083281,175.131458,175.143698,173.616094,176.747343,175.119947,174.610365,175.486771,175.316614
186.421614,174.770781,161.105781,160.943177,161.839948,163.055156,165.390313,163.306875,162.195156,162.561041,159.340156,159.170885,159.397916,160.729166,161.030834,160.436719,162.602604,164.448177,163.377291,160.463958,162.484792,163.227604,164.527083,162.242136,163.817916,161.613698,160.560833,160.98974,164.324427,162.357708
268.155573,181.783125,533.849062,577.518333,576.91901,566.483386,563.509479,565.624635,567.609427,565.44276,430.472865,173.09526,176.110833,173.417969,174.268385,175.191042,172.879375,172.152708,176.260833,175.182135,171.861354,172.833542,173.625157,174.918124,179.18375,172.630989,177.556875,172.698125,173.294063,175.178072
144.402136,137.148281,138.474322,136.572708,136.157239,135.426354,135.966042,136.28651,134.805521,135.997969,136.341145,135.617864,136.357031,135.726719,136.720938,134.951562,136.113698,135.486823,135.162657,136.090677,135.561146,135.889427,135.524739,136.219323,135.353438,134.777239,135.971458,135.432917,139.471458,138.14651
87.914635,84.415,85.291823,85.256771,85.089843,84.941198,84.531666,85.088385,84.815364,86.306823,85.906615,86.272812,86.304688,86.39125,86.705,85.633385,86.093698,86.478177,85.198906,85.645209,87.143958,85.597708,86.675625,86.479063,84.826667,86.504636,86.655833,85.968073,86.21875,85.620834
505.872657,497.444427,305.085208,133.71552,134.376823,133.649479,133.073021,134.012031,133.613646,133.695781,134.382917,133.672969,133.279636,134.304844,133.978854,133.646615,134.271666,134.274479,134.282604,133.646458,133.998125,133.287916,133.790052,134.118802,133.144635,132.802292,134.151407,136.194531,134.235364,137.32724
172.028906,157.788646,157.573489,157.317239,157.312708,160.079896,159.907395,163.779271,164.624115,163.067292,163.098125,161.895365,161.068229,164.330416,162.610052,161.995938,163.032864,162.272761,159.931927,158.167916,159.254427,160.552708,158.409479,160.901042,159.678125,158.803124,159.60099,157.593542,160.00724,159.424323
122.959896,116.505209,117.305052,115.756875,115.558907,116.499323,116.653854,115.951771,115.782396,116.907135,116.389219,118.112865,116.495105,116.016771,116.639323,116.462083,116.947343,115.797968,114.972032,115.584375,115.770521,114.792917,115.126875,115.583958,115.58375,115.665156,115.544635,117.110364,118.45177,118.208698
135.260364,416.879427,409.813698,408.942448,417.483958,410.305521,408.459948,414.550885,417.364427,415.38052,301.387448,229.466771,121.249635,120.432916,119.517552,118.76474,119.779584,124.00125,118.97599,119.764427,119.282812,120.420625,120.205365,119.783541,119.480521,120.658698,120.499895,120.343073,119.993698,121.108386
137.082916,128.239323,130.42625,129.444844,127.573437,127.308072,128.90125,132.430312,129.246667,130.208646,129.236666,130.398177,129.032656,130.085,129.001979,129.755104,128.456875,130.76776,128.534896,131.119479,127.839115,131.325781,129.436407,129.307969,128.120521,130.283125,129.344115,129.008594,128.732657,131.815989
183.299062,171.74,172.763021,172.032553,172.03401,171.735989,171.954375,171.457187,173.13625,170.882292,171.418386,172.425521,169.982292,176.915312,171.092083,174.976459,171.54677,174.367187,171.848281,173.072812,171.307916,173.25776,171.794844,172.993854,173.510156,170.689011,170.743959,170.823646,169.650989,169.455989
139.334844,137.172917,136.626614,134.480364,134.328386,137.403802,134.978646,136.410989,136.066145,134.632187,135.65651,135.561458,136.641563,135.887292,137.24698,134.29401,134.807708,136.512708,135.927343,136.700313,136.463958,134.231458,135.008177,136.726927,135.000989,136.533958,136.366146,134.548594,134.8675,140.330469
122.472813,117.643646,115.493698,115.537395,114.679375,114.854583,116.251407,115.84349,117.371927,116.150104,115.94224,116.117865,114.845521,115.000625,114.648437,115.892761,115.682135,114.830052,113.239896,113.533437,113.693177,113.464063,113.062812,113.308282,113.292396,114.086459,113.128021,112.459114,112.902604,113.335625
175.858958,163.538698,166.492864,166.600312,165.973177,167.274948,165.000989,167.70625,165.915209,167.834167,164.582917,163.387447,170.816511,170.707292,171.055833,170.820208,170.505625,169.39375,168.090729,170.101302,170.717344,168.612656,169.300521,171.259635,168.60875,170.753385,170.033646,168.60698,171.494271,170.395834
210.873749,186.516249,188.058594,190.182917,189.412135,190.820677,190.172708,190.06974,189.270208,188.836719,189.531458,189.67526,190.537865,189.063281,189.313281,189.152916,190.197031,188.490312,187.966823,186.921406,188.046093,191.128281,189.012344,187.88401,186.660208,189.139792,187.064687,187.76375,187.995781,187.236042
103.785573,94.939219,95.802083,94.535052,96.026927,94.31099,95.729062,95.260521,94.822917,95.862083,95.673333,97.064896,94.866823,95.171823,94.298229,96.157083,93.516146,95.969271,94.575156,95.832396,94.875052,96.024635,93.913593,97.034062,94.202709,95.618177,94.021771,96.257031,94.25901,95.652083
129.337135,336.534583,329.925781,335.217448,334.829896,235.334739,97.414427,97.382865,197.966562,96.786979,95.851197,95.7125,94.838698,96.171771,96.922604,96.407656,95.494948,95.571666,95.841459,94.88875,95.105208,95.261042,95.608073,95.338125,95.219687,94.867917,95.163073,95.749011,95.643281,95.998698
536.364896,504.851406,503.502396,507.01677,505.018854,520.176718,509.52901,506.282031,369.727448,160.88651,158.42875,159.112292,159.62224,157.84276,157.888802,157.067031,158.558437,156.980469,157.583854,155.790885,156.758489,162.409635,162.26224,162.187239,163.286458,162.842292,163.932188,161.407396,158.810729,162.463177
169.101511,160.176927,161.156302,160.084635,159.767188,160.037864,160.041562,160.564948,160.463594,159.559323,160.572135,160.488073,159.59323,160.579531,161.01375,160.52849,162.150573,159.615729,160.657395,161.270312,160.449948,160.170365,161.338333,160.142396,160.453802,160.735104,159.876927,159.671667,161.035677,163.536041
177.168854,162.468021,160.96776,158.321771,160.279115,163.523229,161.958073,161.966302,158.848073,160.749583,166.524219,165.21323,165.610625,163.928542,167.191823,164.899583,163.888386,166.098906,166.249896,162.612917,162.569323,165.207292,165.22776,165.282552,165.100365,168.139583,165.012083,164.819844,167.36401,166.382395
317.73375,292.784844,294.035989,297.406406,292.267812,291.426927,290.149323,292.315469,294.473073,290.013072,289.177604,265.386719,102.523698,82.833281,84.745677,83.376406,84.201875,82.986875,85.349062,83.832084,82.616718,85.788385,85.258073,86.984635,83.005,86.09526,83.295052,85.308073,83.072552,86.25349
195.006979,184.061667,174.94526,176.895989,175.11125,175.301614,176.529896,175.523177,175.521823,176.881094,175.95474,175.570521,176.011302,176.41375,175.128802,175.846145,177.75125,175.915313,175.057292,176.68724,175.553073,175.144843,176.667291,175.142865,177.65427,181.717187,176.89151,178.011406,177.266093,176.908437
146.787292,138.858072,136.770364,136.852656,138.408698,139.034844,137.373542,139.028854,135.931511,137.724063,138.60802,138.914584,136.172135,135.827135,138.401407,138.47,138.925677,137.601511,134.619791,144.645104,138.919218,137.130885,137.893073,136.580885,137.864531,136.401302,136.599479,137.096562,135.91,138.268645
149.311823,136.992552,138.12,139.387917,138.179844,138.771302,138.259583,139.220469,138.690156,138.122969,138.921718,139.199271,138.753073,138.950208,138.592604,140.565781,138.866146,138.065521,137.541927,139.165156,138.071771,137.550052,136.533125,138.355052,138.439844,139.034323,138.020156,138.482291,137.895417,137.35875
461.222656,452.034688,462.425833,269.415104,134.18151,134.640729,134.909999,134.960677,135.945312,130.803229,138.554479,135.905313,134.987917,133.676198,135.704896,134.294063,135.060312,131.822865,130.78875,132.34474,132.096927,131.676718,130.746146,132.523906,131.426718,131.92125,133.842865,131.368177,129.581875,132.688489
138.223958,133.124479,134.353906,132.875469,133.174843,134.458594,133.783281,132.197187,134.48599,134.834843,132.991302,133.461094,133.781146,138.240781,136.644687,137.750782,138.931823,136.570729,137.785208,138.592135,137.849843,138.063959,138.51401,137.789896,137.299218,136.041666,138.646302,137.680156,138.122604,136.61776
166.924115,161.433281,157.528072,156.758802,156.395468,158.51651,158.784948,157.386614,158.333906,156.203698,156.849791,157.752761,158.177656,157.041718,157.644063,158.003907,156.275729,156.71552,160.053646,157.496042,158.290573,159.219896,158.863802,159.094271,157.743593,157.401354,156.521615,160.375625,159.289219,160.120261
223.365469,569.608906,568.628958,568.747083,440.325364,163.650886,163.028281,163.659896,163.300625,162.56776,164.063385,163.081927,163.62151,167.695052,164.956198,164.685625,164.484479,162.189219,162.531146,162.640208,162.984479,162.990729,162.505052,162.924791,163.461041,162.926927,162.305364,162.479635,162.357865,161.813489
164.375208,160.043177,158.16448,159.366875,159.460989,158.367656,158.15276,159.247031,155.085365,158.60901,158.18677,157.773385,157.34401,158.671927,160.405417,159.917656,158.412761,160.515313,162.076771,160.552031,159.604687,160.61375,161.233385,160.042031,158.892135,160.992916,160.723021,159.612813,159.233542,159.868802
148.474427,140.424844,139.109479,140.869115,141.089844,138.48901,138.599948,139.725052,140.915885,139.003594,139.44349,140.986927,141.031562,139.163281,137.136042,139.528229,139.412135,140.745573,138.252031,139.412709,141.722969,137.337084,140.924323,139.578229,138.595782,139.515625,141.361875,139.388958,138.092395,139.846146
178.447396,172.5625,172.11776,170.736823,170.961406,169.059375,171.78474,170.864063,171.397552,170.852447,170.40974,173.489167,171.886249,171.319271,170.89875,173.163333,173.231927,169.831927,169.916771,173.996927,170.856459,171.48125,171.010573,171.238959,169.636041,172.127812,172.236615,171.212708,171.181823,172.685312
141.645781,134.323334,134.568489,134.021562,133.058698,133.012604,133.777552,133.593541,133.659271,132.824063,132.171875,134.699688,133.171667,132.84224,132.295209,133.636354,134.412344,134.614219,132.202865,134.464896,131.576666,132.233334,133.241979,131.833281,134.402865,132.661354,132.533438,132.029895,133.230156,132.157083
191.436302,178.802395,178.655937,177.598177,178.521823,179.344844,176.966875,178.535364,177.215261,178.20349,178.294166,177.677344,179.037604,179.367032,181.390208,177.596198,179.350885,178.437917,175.581406,174.606771,177.732916,174.7575,175.258541,177.295417,174.731927,175.431875,176.537605,175.147187,174.446719,176.885833
178.011093,166.159375,166.482969,165.41224,166.455885,164.579114,168.796667,173.135886,171.648906,169.693125,169.125729,168.081041,168.536354,169.782239,169.827083,170.785834,171.403593,168.32099,169.397135,168.052344,168.192812,167.292865,168.206614,166.982864,164.488385,170.301562,166.561719,167.444115,168.869063,164.983907
185.681822,169.114219,171.24125,169.229635,172.275,170.957917,170.128437,169.117083,169.081146,169.497084,168.263177,170.871666,173.553125,172.150209,171.59573,171.867343,215.239688,566.962604,565.600937,568.560208,575.6575,577.94151,572.622656,255.378021,171.09375,170.56,171.240261,172.24,171.319479,171.114479
114.257761,108.286094,106.990209,110.257291,108.633542,107.69276,109.907395,109.618646,107.983542,110.122864,111.080209,107.885782,109.696771,109.575156,109.361458,109.828958,110.091667,108.47552,110.801927,108.194583,110.364427,108.514688,108.990156,108.972864,108.06125,108.863124,111.212709,108.989427,107.927031,116.130573
494.595677,478.126718,469.655417,475.748385,466.940104,419.103437,148.087396,148.118646,146.067187,144.35776,147.095521,147.338438,145.73875,145.730782,144.698385,146.102657,147.668177,147.56526,145.894479,145.67724,145.317136,147.992865,144.964896,147.450833,155.287709,146.747083,146.769844,147.349063,148.384062,145.220208
200.246875,195.430208,191.985468,190.299583,191.874947,192.367969,192.023177,190.323906,188.938125,191.558802,191.54276,191.863177,187.699531,190.419167,194.607448,191.766771,187.656197,191.395052,197.115521,194.100052,191.220521,200.328594,193.700938,193.583802,200.376198,193.559687,194.123125,198.80677,194.507448,193.272968
182.836875,172.223437,170.494896,169.094011,171.630625,173.021614,170.080053,169.13151,171.721302,171.581042,168.221146,170.113386,169.45651,167.756667,168.922656,174.070312,169.105625,171.053802,171.370729,170.022604,167.580261,167.357032,170.542917,172.780677,169.510937,168.322136,169.565,171.186145,167.616094,167.812239
159.05401,148.986927,145.849219,149.533906,146.930468,145.755625,148.709063,148.284739,145.740573,148.122605,147.637396,149.002396,146.871042,149.768177,147.998282,146.728385,147.464115,147.795052,146.411458,149.772916,146.945886,149.145521,148.829219,147.832292,147.231979,150.676875,150.074322,147.409427,148.107708,146.869635
128.81375,121.053281,119.168542,120.029531,121.919531,119.333281,119.04599,117.672761,120.073959,118.656146,119.070365,120.899948,119.56849,122.528177,117.772865,120.535104,119.826615,119.549635,120.368593,119.884636,119.69724,117.9425,121.212239,120.913907,118.377031,119.69849,120.408437,119.057916,118.361875,119.979375
180.483021,171.494532,172.046719,171.557396,172.396927,171.596458,170.909167,175.512344,171.427187,172.875677,173.311354,170.643698,173.484739,173.514271,171.01276,172.549167,171.801927,171.975781,173.454219,173.950104,171.383229,172.042083,173.099479,171.597291,171.964011,172.472813,168.815833,172.885416,168.791875,168.580312
136.378438,125.340781,126.116094,124.791823,124.532709,124.805313,124.221614,125.06974,124.9425,125.760938,125.12073,124.979167,124.957656,125.954322,126.109166,124.767136,125.020157,124.596875,125.017708,125.590989,124.935313,126.186875,126.483802,126.270989,125.861615,126.3375,124.454167,126.470677,125.693541,126.560052
192.437656,185.899896,185.324635,186.075469,189.476614,186.686771,185.919739,188.332552,188.688854,187.938021,187.451093,189.188958,188.584219,185.094323,188.980833,187.419115,187.29724,187.272657,188.186302,187.189167,188.907916,187.969687,185.270469,184.683645,186.961979,182.886927,188.455833,183.942708,187.080624,183.950261
454.298124,434.282188,451.005989,442.549948,444.986563,448.813437,448.376823,449.602865,442.755104,273.591093,127.333698,123.723698,124.508698,124.760677,122.716093,124.48151,124.673333,123.196041,124.342604,124.19599,122.718334,124.200416,126.351354,124.408854,126.315573,124.823333,122.916927,126.323907,124.10401,123.136927
203.083177,190.419062,191.38276,190.334323,189.74677,190.02776,184.98375,189.873125,185.611823,188.524479,186.236771,187.595312,187.284479,188.207084,186.598854,359.650782,612.763594,537.316979,290.464843,185.311146,193.127604,190.52901,188.75526,190.931041,189.456822,192.378438,189.758958,189.657031,192.384688,189.734843
101.619844,96.950052,97.311667,95.984948,97.909636,96.932813,99.009219,96.469166,99.130521,96.888489,99.151406,97.424584,98.141562,99.007187,98.42625,96.925833,96.833125,97.136354,96.004948,98.433229,98.078698,97.449375,96.624843,98.500521,96.682135,98.924791,96.843542,99.455833,96.895469,98.497761
137.571979,127.028698,127.605365,126.7875,127.26302,128.271198,125.979583,126.466302,125.934896,124.838906,125.198229,126.560417,125.926667,126.306459,126.652813,125.966094,124.882657,126.26151,124.80724,125.512812,126.769219,125.323542,124.778959,127.751458,126.211615,124.908907,128.18099,125.988958,125.026771,128.001719
148.052292,121.236041,122.798437,119.501927,121.243802,120.191875,121.096042,119.6675,121.094374,120.485625,120.240365,120.012188,119.707084,119.550417,120.921302,119.258229,120.38224,121.081354,119.796563,119.968177,120.387864,121.809375,120.827344,120.245,121.121198,121.128593,120.801458,120.780365,120.940417,120.024948
178.489271,129.595885,126.806771,126.784167,126.228386,127.028541,126.852916,126.030834,125.981198,125.955,126.608698,127.078854,126.467447,126.545677,126.435521,127.011615,127.617813,127.745833,127.565365,126.159427,126.638177,127.440469,127.375,126.288177,126.834375,126.353802,126.764896,126.13151,125.70026,126.288542
143.015937,118.476458,117.922761,117.911042,117.157344,117.364896,117.436979,116.38375,117.094792,117.045938,117.976614,117.545573,117.524843,117.307604,118.186614,116.575937,117.453385,117.388073,117.165625,117.772448,116.799115,116.33276,116.962656,117.399687,117.324479,117.878386,117.897448,117.863125,118.079688,117.367917
208.369583,539.069999,532.288281,540.034426,528.223645,541.243541,534.674323,532.980937,542.066614,543.237187,561.728281,544.495677,545.359062,547.150938,548.595781,540.914271,329.32151,166.727552,161.672916,170.253854,176.849635,168.840468,167.323177,168.704844,168.755521,167.453854,169.298854,168.806459,167.961355,169.622344
139.426822,135.041563,134.814688,134.622552,134.403803,135.165469,134.842812,154.038281,136.292344,136.974739,135.714583,136.436094,135.130833,136.413386,134.060156,135.123021,134.141667,134.569583,134.510104,133.752968,136.36474,134.375572,134.223021,133.605833,133.627813,133.184844,132.45026,132.104114,132.686771,133.21974
126.551198,304.067396,293.803906,293.219427,298.5125,292.975624,296.509063,292.972917,293.788125,290.96,295.824114,297.01177,291.856407,289.647812,289.389427,291.245052,291.737604,234.328177,94.142136,86.584635,85.697552,84.842552,84.989792,84.767864,84.717813,84.6325,88.537083,88.383438,87.186407,87.396354
631.73375,623.345677,607.65125,619.261927,635.782188,640.105625,627.904896,626.311823,567.850625,615.102552,611.618541,610.023333,607.678177,537.808386,207.935,184.926562,186.626197,183.805208,185.695312,184.325052,186.698959,186.052083,187.539167,185.643958,187.616875,186.211406,187.468646,185.583593,187.860573,184.931823
114.173698,108.109688,107.427083,107.024219,107.405312,107.385989,107.938281,107.186927,107.830624,107.057188,107.074166,107.670885,108.25526,106.578906,107.423594,107.68349,108.092135,107.581042,107.329479,107.139219,107.731198,107.579844,107.269532,107.459062,107.843645,107.851614,107.280625,109.595937,110.760781,109.184271
126.357656,122.749219,122.24,122.000208,122.935938,122.235209,121.916406,122.733854,122.979479,122.015573,121.976458,123.428073,121.988437,121.805469,122.765208,122.625416,122.590937,123.09849,122.761302,122.964843,123.516667,122.924271,123.549271,123.086198,124.023541,127.411614,122.008854,121.743385,121.512344,122.277083
140.101302,127.472865,127.452656,128.675625,128.489584,128.042292,127.808177,128.420469,129.300261,129.513906,127.959896,127.967552,128.845781,127.735937,126.960573,128.652604,127.826562,127.186094,128.0025,128.849375,125.990364,126.879271,126.179896,126.835781,125.972188,126.803437,126.004063,129.144479,125.387447,124.277448
147.109895,137.69276,137.82125,137.852448,138.381302,137.791563,136.924271,137.762187,138.004219,137.294635,137.788021,137.586302,137.520886,137.151406,137.799948,137.190521,137.615885,137.750729,137.374635,136.352708,136.844427,140.761666,140.44375,139.94026,140.016719,140.354218,138.917396,139.969062,139.565781,139.438386
31.615313,28.897761,28.344427,27.437917,28.085469,27.408021,27.408125,27.227084,27.791094,27.006719,27.564531,27.771094,27.344896,27.622813,27.040364,27.199896,27.197083,27.669583,27.414375,28.373281,27.018489,28.147239,27.59599,28.0475,27.311198,27.559011,27.474843,27.478645,26.871094,27.169947
60.583438,57.571198,57.981406,58.104584,58.156979,58.110416,57.740938,57.472136,56.159688,58.162657,57.790886,56.451563,59.262605,56.148073,57.036458,57.565156,57.127605,57.702083,56.277396,57.832656,56.583854,57.454218,57.373594,55.962812,58.082604,57.044427,57.58375,57.421145,56.04526,57.39849
96.967656,90.37724,90.832917,96.2725,94.396354,93.672761,92.697136,91.996614,92.567552,92.326303,92.690521,92.246927,92.788125,91.510417,93.708854,93.129479,93.140209,96.553958,95.275729,96.172708,94.567865,95.429479,95.009375,94.777916,95.046562,95.163802,95.401614,95.401666,92.143021,92.984843
294.042969,134.293906,133.665312,134.175781,132.128854,133.084479,133.480104,132.474375,132.167187,133.620365,133.037969,132.472969,133.040156,133.383906,132.937916,132.105937,134.971979,133.490052,131.448907,133.014688,133.760729,132.848541,132.82948,134.604479,133.172656,134.224531,133.527657,133.493125,131.087448,135.01625
159.400052,131.442448,132.124271,128.560156,130.825573,129.991667,130.322708,129.769062,129.971823,130.451354,128.772761,130.720208,130.883334,131.215677,130.558073,132.307968,130.190885,131.278959,132.968437,131.859843,130.722708,130.529531,130.416354,130.614114,131.045208,132.679635,128.95677,129.045156,132.028177,131.880052
512.805834,449.41651,305.291094,134.063855,133.202969,132.112031,132.898593,137.057812,134.096354,133.273125,134.0125,132.144427,132.664479,132.000157,132.080938,133.171875,133.717709,132.272188,132.419896,134.284375,133.980625,133.241145,134.443541,133.324844,132.112135,132.531354,132.984011,130.875052,131.320521,132.176823
539.075,514.504687,512.599062,512.182499,512.234792,508.096615,511.527656,508.2925,507.078593,510.331666,508.979583,498.973021,501.578594,510.421666,499.916979,432.842708,160.205572,157.732344,155.74474,156.321562,157.55198,158.238282,161.740938,158.728333,157.838542,160.340729,161.230937,159.150729,159.30349,156.144687
137.675208,131.872657,130.469896,130.435052,130.534271,129.779688,127.902708,131.480365,128.548698,128.309635,129.670052,128.917968,128.961406,130.300104,129.412865,129.106458,129.300417,129.702187,128.867135,130.035364,130.879323,129.316719,128.605364,129.978594,129.336979,128.534896,128.394219,129.031198,128.670365,129.174948
771.980625,746.230468,617.386093,221.940573,222.273386,221.547552,226.938073,222.529531,224.495312,225.728698,226.343073,225.906198,223.088229,222.988437,223.556927,226.929271,227.903073,226.67276,225.509843,226.850625,225.290521,224.325521,227.000052,226.673386,227.106041,223.975469,225.386979,225.65151,222.14125,219.879479
57.849687,54.557291,55.100833,52.475469,53.15526,53.412396,54.693854,54.294427,53.141979,53.352552,54.381354,54.260417,52.565886,53.522865,182.563437,178.635625,179.08099,178.335364,178.060885,180.660989,162.693177,143.168073,159.835885,180.412136,179.997188,181.251198,179.093697,184.141146,183.433281,180.766302
109.552344,96.527604,98.184739,96.090573,98.028229,96.368385,96.50776,99.697968,95.768593,97.617864,97.826146,96.857812,97.521927,98.112395,97.500989,97.979479,97.559219,98.36401,97.59026,98.413958,97.360365,97.649167,99.19349,97.912344,97.660104,97.648385,98.867708,99.745937,97.792135,97.317084
128.560677,121.233177,119.243177,121.68875,121.757813,119.719428,120.15125,120.943386,120.229219,120.203906,121.728646,119.35177,120.308698,121.949531,120.122396,119.195886,120.600365,120.787812,120.257448,119.245417,120.967031,120.070313,120.63125,121.642552,120.33776,118.982812,121.614167,121.679375,120.487656,120.504792
630.798125,608.867709,615.744479,615.62276,618.107031,633.868229,626.385885,629.865886,624.580104,620.353906,626.812083,622.737396,553.184322,625.38,328.950417,186.330625,184.473698,183.624062,185.780104,183.431615,184.559479,185.625469,183.515312,183.75375,183.906927,185.883854,184.248281,185.509114,183.896407,183.626979
167.467188,166.785052,165.318959,166.459167,168.398542,166.509427,164.478594,166.532917,165.529323,164.538802,165.523021,163.841771,165.64901,165.717968,166.698958,166.326407,163.683073,165.171563,166.773229,164.721875,166.679479,164.885,163.545209,167.882031,169.684323,165.649792,165.645469,164.799948,165.729167,165.663698
90.438333,92.792448,89.077657,89.835781,89.931354,88.735052,90.702292,88.93026,90.659427,89.916302,89.721718,87.005156,89.697865,90.322448,91.551927,87.459583,90.58625,90.689635,90.957604,89.79052,89.972448,91.782553,91.143855,89.375834,91.594583,89.720052,90.918021,88.735573,88.868177,89.323385
119.786354,112.056822,110.513542,109.774843,111.404844,111.147812,110.418906,110.581563,112.277239,112.732448,110.383802,111.464427,110.209323,110.082083,112.81974,110.909583,109.58224,113.348229,113.130052,110.804584,113.144011,112.535208,112.019271,112.634427,114.960469,112.760625,111.743281,113.766406,112.645781,111.504062
136.815364,64.186771,58.148541,59.272343,57.396979,58.018594,58.061771,58.856198,59.583959,58.569635,58.205261,57.397865,59.136511,58.836302,58.37375,57.624479,59.51099,57.513386,59.114062,58.532448,59.789062,57.579427,59.114895,56.838229,59.636093,57.597812,60.43875,57.423855,60.024895,57.795677
42.730834,62.190989,95.10224,95.615573,89.172083,31.606354,28.747344,29.631979,28.799635,30.365782,28.333333,28.846979,28.601667,30.285989,28.683906,29.635729,28.530365,29.303698,28.830885,29.739896,28.78349,30.064011,28.827708,33.602031,28.147552,29.438438,28.644999,29.895625,28.802083,29.031771
1068.770937,1020.030104,1018.239844,1014.089219,1005.162447,1021.156458,664.631145,280.716406,280.023907,279.812709,282.88375,282.16151,282.232552,281.080521,280.501927,280.194948,281.229531,283.687657,282.198437,287.609688,286.488021,284.232969,284.855938,283.951875,283.442969,283.809583,285.613749,285.212709,284.565677,285.359427
502.548333,469.052604,468.081615,469.2,470.723906,474.154844,471.881354,471.723958,470.657552,469.053854,469.499584,469.683437,471.394323,469.947968,469.941458,470.884219,469.497032,469.183906,472.950104,471.771198,470.478229,470.068542,469.916042,468.60151,468.406927,473.129947,470.129218,469.277708,475.781562,475.771875
2238.61354,2213.187915,2209.045103,2261.802083,2242.855572,2230.475259,2248.353124,2207.048958,1025.157864,627.428229,625.570729,631.963646,630.908176,625.58052,621.521406,623.861094,625.862708,624.487761,622.771249,625.484739,622.433541,623.855312,626.273802,626.045572,626.334323,624.462239,624.633385,623.678906,622.098177,628.984271
1112.150677,1078.680781,1080.537031,1079.200937,1079.909114,1078.161771,1083.445208,1082.899843,1086.814218,1092.684531,1087.670208,1086.056457,1088.086979,1091.301667,1081.717448,1084.099322,1087.751354,1091.182343,1084.709791,1084.638125,1089.882291,1090.232135,1085.513698,1085.636458,1090.691823,1091.918333,1086.172395,1087.406042,1084.738802,1084.939166
