81.432552,35.070417,33.666615,32.453437,31.681198,32.366146,32.253542,31.515312,31.688281,32.81724,32.504375,33.106875,33.242864,32.604219,31.202708,31.067343,32.886563,32.310261,34.110833,34.735625,34.05125,30.681198,32.67427,32.866823,32.698594,31.825156,33.352708,31.593072,32.46224,31.860729
41.656875,24.32526,23.391875,22.818594,22.678021,22.656198,22.687187,22.62349,22.672968,22.601354,22.975364,22.540364,22.627448,22.582448,22.736511,22.619375,22.649479,22.74875,22.672864,22.652291,22.546562,22.963073,22.565052,22.58,24.593802,22.827344,22.693125,22.651927,22.642187,22.645312
190.316302,41.352864,43.274219,42.842135,44.874219,44.47651,45.550677,44.14026,41.944219,47.134375,45.01026,50.089219,46.98198,46.526823,50.098125,48.93375,47.321354,48.055677,45.585625,47.352708,46.500625,46.896459,48.438177,47.699687,43.140625,43.649583,45.928906,43.241614,43.075573,41.662187
89.860312,40.200313,39.640156,39.788386,36.428125,38.424323,38.363334,38.853906,38.631927,39.154531,38.426197,36.335521,37.718229,40.853438,41.120937,35.763697,35.741927,36.335573,33.434062,35.725937,35.569271,35.376042,34.620104,37.241354,35.919584,34.831927,35.400625,35.120885,34.036927,35.630156
66.083906,34.511667,27.815052,28.720156,27.678906,27.665834,27.89375,28.908073,28.270104,29.475156,30.203281,27.507604,29.124323,29.226719,27.657083,27.303334,25.895469,27.708229,26.57026,27.357031,26.475521,25.90974,27.116146,27.341823,26.439167,26.757396,27.243958,26.633177,27.875469,27.815209
53.411042,26.463489,27.468437,26.83026,26.626458,26.746511,27.305469,26.474062,27.47625,26.755677,26.211042,27.106041,25.999531,26.88901,27.134583,25.7975,27.622968,26.520104,27.88026,26.858021,26.637969,26.19526,26.556615,29.929844,29.668438,29.91677,29.655989,29.873489,29.316458,28.48401
77.10099,49.889896,49.527083,47.189687,49.327292,46.68276,47.518542,50.173177,47.36724,49.117448,51.085157,51.509115,51.449427,49.648125,48.941823,49.622448,49.048542,50.459063,49.929115,50.264739,60.106719,48.64,47.642969,55.738386,51.956302,51.11776,49.303958,50.086563,53.765417,50.720833
77.545573,53.224792,51.043229,50.370417,51.215729,53.641875,52.972969,54.660157,51.577916,52.165677,50.006042,51.128333,51.680052,52.966302,51.436146,54.67474,52.849531,51.036042,51.41927,53.843281,51.441041,52.470937,52.130365,54.173698,51.041667,53.66573,51.22224,50.936198,52.747604,52.953854
97.057812,36.642396,34.881406,35.433437,34.275416,36.269375,35.052864,35.689583,35.016667,35.109635,34.839896,36.144115,35.006094,34.218854,33.488438,36.097188,33.987657,35.5525,34.440781,34.133646,35.21974,35.885209,34.507916,40.530885,34.660625,33.780782,35.403698,34.57901,34.693593,34.383125
163.404584,35.433906,35.693906,35.157396,34.940937,35.837605,36.537188,35.270781,36.30349,35.723177,35.25151,35.787344,35.624896,35.733489,35.273854,36.340989,35.663541,36.191771,35.895261,35.436928,35.543021,36.267656,36.138281,34.577709,35.866041,35.510521,35.783437,35.443333,34.978125,35.822916
89.115885,59.317917,62.774167,62.078541,60.489948,62.790469,60.714218,60.919479,61.873541,62.162656,61.468646,64.06927,58.376094,57.657031,62.077865,60.758281,61.250104,60.419063,61.026979,62.037865,63.027812,58.81099,64.075781,59.675521,59.139532,60.507969,64.557396,62.988177,63.157396,60.284844
274.008177,55.052865,52.869635,54.475573,55.708386,55.488802,52.674375,55.267708,53.204531,53.424219,55.356563,54.306198,56.028281,54.354844,53.948854,54.927187,53.268334,55.318541,53.148906,54.964114,53.708177,54.962083,54.957136,54.168281,55.547343,54.663542,55.110625,55.826563,53.43526,55.01276
76.267552,49.227343,47.17474,47.909687,47.039011,49.18552,47.427656,48.943542,47.218073,48.402083,48.506458,48.693489,48.498802,48.077188,48.295677,48.455365,49.871771,47.938385,57.50276,47.493802,48.242083,48.037344,48.26974,47.211771,50.116146,48.667917,48.39974,48.436615,47.772604,47.414166
84.800625,58.204844,58.411562,53.4125,55.530625,53.048907,55.327761,55.448646,56.492032,53.017552,57.227916,57.451042,54.90099,57.104323,54.122813,56.424166,52.901042,56.538229,52.50875,56.735521,53.663959,54.830885,54.322083,54.248385,54.986666,54.476615,56.879844,55.311927,54.107969,56.914844
284.990989,77.953125,48.350417,49.983282,49.224688,48.845105,49.240365,49.061146,49.340365,49.326042,45.749687,48.13849,49.826094,49.734688,49.976355,48.017188,48.240521,47.115886,48.140052,49.889635,48.949688,48.248594,49.574635,50.526302,50.143021,48.574063,47.796406,46.572083,48.217291,49.003073
87.101093,59.528489,59.950729,61.136927,58.792812,63.383177,59.769896,59.600521,59.823385,60.132136,60.375625,59.547135,59.773855,59.150833,59.39375,60.757968,60.769843,59.742239,61.095365,59.482865,59.0425,59.984427,61.52375,59.160416,60.039427,58.90974,60.188281,60.575521,58.268802,61.562604
90.449115,63.459062,65.185938,63.892969,62.672552,63.049948,65.348541,64.062031,64.500885,62.339948,64.419167,64.228594,62.786563,65.248959,65.635,65.652708,66.149166,62.541197,65.854062,63.500781,61.322552,65.495833,63.897709,60.165417,60.547187,60.482604,60.652396,59.262916,60.498802,59.224375
248.625104,60.618802,50.690989,50.824635,50.114532,53.098177,49.300469,48.835781,48.273073,51.023385,49.378907,51.177343,48.570521,49.995104,49.670625,51.753073,49.351875,50.415834,48.483698,50.597344,50.083854,49.499218,51.369687,48.734011,49.343541,49.610729,50.134218,50.029531,50.969115,50.186302
81.967292,53.396562,57.288073,53.700677,58.074687,56.117083,56.00875,57.347708,55.053907,56.419948,58.394636,56.969531,55.540573,58.383437,57.581927,56.036875,57.027604,57.21974,57.670677,53.158646,55.344323,53.49375,54.132396,51.252188,51.65276,53.393125,53.163489,52.15224,53.743073,52.34276
81.298282,52.955938,54.042239,54.284063,55.715781,54.720208,51.456406,53.010937,54.888802,53.084011,54.405782,52.542969,51.435416,51.673698,54.929792,53.203438,54.804114,53.460364,53.152604,52.284219,55.123802,53.218281,55.926979,53.040625,55.598125,53.434531,53.116563,54.641302,51.323698,55.44099
71.189688,41.806407,41.108073,40.757344,40.679635,40.878489,41.462239,40.709115,41.22948,40.917135,41.07948,42.33125,41.190156,41.407552,41.061823,41.293907,40.997604,41.178073,40.944271,40.979583,40.826094,40.812604,40.615,40.128333,40.386094,45.55375,40.064115,39.596355,39.534323,38.914219
87.71125,66.411771,66.317344,63.680573,65.551354,65.018073,66.978646,63.253594,63.807344,65.45776,66.504167,64.112969,67.334947,65.82401,64.361927,62.170834,61.894792,61.930052,62.161406,62.301927,61.205833,60.014323,60.55901,60.93526,62.408177,61.078906,63.243333,64.128542,62.816354,64.605156
84.562709,54.583385,56.779167,57.067864,55.793438,57.151771,56.325156,56.278646,55.675937,54.334115,57.539114,58.035625,54.833229,56.341979,54.81375,56.312187,56.889844,55.143177,57.610677,57.166823,55.985156,56.401042,57.215886,53.697865,56.688333,54.844427,56.654948,56.262344,56.121614,57.215156
78.970156,52.606042,53.703437,53.960208,51.920052,51.412865,53.987709,54.259011,50.823958,53.230938,52.687396,52.365989,49.740416,51.742552,54.778802,53.950417,51.16151,53.541354,54.814063,51.380729,53.625677,53.534583,52.890417,55.104166,54.537708,55.071771,53.695989,51.18099,55.077395,54.126979
66.506822,38.039583,36.551875,38.628281,36.474427,36.659479,37.270052,37.237135,36.514062,36.349323,36.886198,38.143645,37.394895,36.599062,36.556771,37.132708,35.171875,45.906198,44.63625,37.408021,35.80901,35.938594,35.284896,34.954792,35.285938,35.928021,35.164896,35.219479,35.446718,35.763334
80.417969,55.369688,53.1975,55.052188,54.207552,55.187344,53.58375,53.038698,54.12026,54.624427,54.721093,53.384375,60.474584,53.910209,52.001042,52.145677,53.792031,55.442916,53.783229,57.345937,52.588125,53.609375,54.968385,54.718906,55.086718,54.164479,54.970104,52.518125,55.621823,52.374479
84.947604,53.605885,56.755625,54.35052,59.647657,55.983594,54.911562,55.45323,56.454843,57.442291,58.420677,58.327396,52.8125,52.602135,52.425156,52.999739,53.554062,51.449687,53.782968,53.184583,51.692969,51.174896,53.586719,53.568594,51.044479,52.450052,53.446511,53.59724,51.295521,53.793854
91.131042,58.866302,53.608178,58.428958,57.29875,54.146562,59.174375,59.791927,61.464844,60.113645,57.805677,59.900104,62.862031,54.593646,55.343021,58.269062,58.248334,56.742239,51.934584,55.910313,55.633698,55.757812,55.409531,58.002344,53.415052,56.506459,57.746458,54.660573,56.317864,53.103645
63.742812,35.528802,34.858906,35.112188,35.175261,34.555782,35.813386,34.969062,34.881771,35.281354,35.446459,34.791458,34.706302,34.684166,34.755156,34.706302,34.863645,33.615938,51.969115,37.93401,36.001354,35.085469,34.687604,33.735417,35.535052,34.793802,34.357031,34.630938,35.913489,34.951875
96.958542,58.489323,57.694844,58.188438,60.693958,60.36224,59.694218,59.910521,59.7625,58.553125,61.506615,58.786511,60.09849,60.594947,60.089948,60.141511,60.005208,59.579427,59.320938,60.407761,61.428958,59.552187,59.886459,59.119115,61.735104,58.993229,59.900052,59.830208,59.08625,61.201927
58.074063,42.010052,39.911719,39.69802,39.397396,41.672916,42.502865,40.193542,40.885781,42.360104,40.730052,41.574792,40.340261,40.398698,40.881407,39.387448,48.088803,39.802188,38.382761,37.40599,38.390572,37.372031,38.852813,37.955521,37.367032,38.332084,37.108073,37.14125,38.250677,38.525208
53.417604,38.707813,37.099636,38.485208,39.5225,39.819063,38.257291,39.843333,40.621875,37.293593,39.908958,37.418386,38.164739,37.118958,39.313438,38.552708,54.669062,41.558593,43.199844,39.852135,39.478645,37.339843,37.783906,39.115104,38.429114,39.514219,38.93026,39.16948,39.140104,40.124635
69.941666,54.046823,51.881823,50.469427,52.484114,52.460834,53.64026,51.486927,50.77974,49.499115,50.108594,52.435625,53.904115,52.362552,50.491459,51.529636,52.814167,53.976771,51.22625,52.794739,51.0025,53.078125,52.514218,49.9875,50.49901,50.480573,53.682656,54.548386,51.318646,50.010572
299.666146,214.01125,212.474375,216.599219,214.357708,207.934063,209.529167,208.931459,208.607239,212.143906,210.202656,209.600833,212.196563,211.813333,214.97151,210.565781,211.068489,210.009687,213.479583,217.328229,210.920156,212.968906,212.367396,209.84125,210.091354,211.432292,209.550573,210.195365,213.77125,214.323594
430.40052,238.214063,254.731875,240.574844,237.838594,240.573021,240.064219,240.597031,237.300885,242.626823,243.526614,240.352083,240.040782,240.020364,237.32849,241.958229,239.855625,240.148177,238.29927,241.271145,242.949896,239.077813,240.275937,238.83526,237.626666,240.696145,239.160156,241.016302,241.432343,237.747604
210.388437,178.040417,183.549948,179.427812,185.162917,182.926458,182.889375,183.540625,185.636562,186.492187,182.919323,180.580052,180.254323,186.779323,182.812916,187.120938,185.267864,183.618593,181.479323,180.955312,180.731041,187.948177,180.139115,182.473281,186.414167,190.872709,183.547292,184.539271,182.445729,181.644844
269.124531,229.849531,231.080156,224.415052,248.151406,227.498177,221.312812,222.240781,226.066459,226.494635,221.650781,224.867604,224.791719,224.817604,225.522188,224.077916,223.736406,226.547135,220.862552,227.473073,224.571093,225.595312,225.254166,224.562187,221.271771,229.45276,227.770052,225.842552,226.537864,224.184687
205.913333,133.145469,131.938385,133.458072,133.873802,133.698646,134.532865,134.295365,132.400573,134.33573,133.788907,133.564479,133.582396,134.842344,134.893333,135.252447,134.111511,134.714792,134.284532,134.033073,132.321458,133.702083,133.551198,133.893802,133.867916,134.43448,134.197656,133.875469,133.190469,134.198073
262.110781,250.672969,214.780104,217.649531,213.669948,219.12302,219.00401,219.833385,219.804219,212.975052,218.704063,223.227708,215.128854,216.277761,215.49625,216.850834,213.864583,216.290677,219.508854,218.222291,219.329792,215.027135,217.715468,219.995,212.693125,214.661614,216.889219,218.50276,218.13625,220.451041
527.842916,214.1025,201.225937,202.545208,202.388854,199.633177,198.283593,200.644583,200.375104,202.264114,201.10151,199.951771,200.415937,202.837239,204.471406,201.25448,202.141094,199.814115,199.93927,203.056667,207.226146,212.972812,206.727135,202.77125,207.69474,211.315625,206.509896,206.237031,209.236458,208.813125
215.064531,182.731719,181.55724,184.220989,185.096927,184.528542,186.850156,181.875,191.459791,183.639271,190.79401,184.932396,188.926718,182.221614,182.316198,185.251407,182.814584,184.170677,182.109062,184.618437,183.503385,183.299219,184.069115,183.534895,185.069739,189.232864,183.396719,187.989011,180.087291,181.466614
326.693229,231.343438,233.451198,232.270833,236.002813,236.411198,233.870573,231.933385,237.64151,231.479375,235.429375,230.145105,229.631875,236.428073,235.358073,231.010989,232.837968,229.71599,231.885989,230.472135,233.032917,231.803333,234.924948,234.812239,232.763021,238.413021,234.687604,235.752031,237.360417,231.720469
257.621771,210.310989,211.556198,212.062396,214.562604,212.494896,213.337604,215.50302,212.416459,217.356562,214.77375,216.208385,210.369271,209.361094,209.565782,212.900416,213.086198,212.846146,213.322292,218.373698,210.253021,210.499895,210.674688,214.151927,216.349114,212.860729,217.164427,217.111459,212.484427,212.536718
278.106615,233.478333,243.531562,247.681146,240.917708,240.995156,245.484219,237.087812,236.17349,241.347552,240.891615,237.994792,242.559583,241.890104,237.661927,239.438021,238.777292,241.491042,238.69526,239.800781,242.961406,239.55625,238.275937,243.321146,244.000261,241.625104,242.383021,241.270729,238.324791,236.733177
369.011198,206.870937,185.710677,184.114896,184.594896,184.01474,183.537344,184.031927,183.909843,183.933698,184.41401,184.094688,192.83875,182.951875,185.316094,184.335416,185.778958,184.400781,185.752396,184.336562,185.385,184.180365,184.963437,184.940729,185.882292,184.435521,185.668021,184.501459,185.876667,184.821927
141.766302,132.411823,113.614688,114.240105,115.53651,114.79276,114.710781,115.121094,115.1275,114.783906,114.356146,115.205885,114.182916,113.824895,115.651667,114.114114,114.667188,114.175156,114.109218,113.76177,114.804427,114.66625,113.503959,114.293489,113.434844,114.269844,114.40526,114.843125,113.763646,113.765156
214.067239,178.16573,177.14401,176.703541,176.959375,176.551979,176.630937,176.351771,176.127604,176.682604,177.146615,177.01177,176.635365,177.803594,177.652083,178.199167,177.19625,178.172239,178.589271,177.780573,180.442552,177.837552,177.033177,177.500417,178.135573,178.697968,176.38375,177.602969,177.524739,177.308646
270.000208,206.045312,203.730885,205.813854,202.569271,206.404948,220.832135,207.055104,212.043906,205.8325,205.01349,205.956041,207.159792,206.910208,207.305417,207.893073,205.854896,212.882135,205.166562,206.636094,207.597604,206.157604,205.518854,209.08776,205.52698,202.867917,209.433385,210.864218,207.269584,207.282864
318.19651,154.011458,152.274427,151.742969,151.647448,151.775573,151.34125,151.761407,150.945677,151.67125,151.644167,150.983802,152.402604,150.658646,151.255208,151.434063,157.897135,151.962083,150.509271,151.907709,151.370886,150.886979,151.985625,150.216406,150.735,151.101145,152.438073,150.808073,151.416823,150.855104
188.843802,161.865833,162.281458,162.303073,161.658594,162.929427,163.130468,162.132969,162.628594,162.562969,162.531562,162.177656,162.42276,163.380781,162.042344,162.952917,162.838229,162.07401,162.970052,162.132447,162.55026,162.587917,162.358021,161.361458,163.092135,164.132292,163.675937,161.482188,162.742031,162.209532
209.737812,180.26073,176.348958,176.613386,178.970677,178.243646,180.052917,179.07224,178.627343,179.438177,179.089479,181.323334,180.24099,181.691458,178.816459,179.46974,187.229219,178.166979,179.142343,179.024427,173.313333,178.825833,178.928177,178.474323,185.078385,180.054219,181.62151,181.500417,186.32349,175.201666
273.759323,232.791979,238.987604,232.660104,234.900573,239.61099,231.35776,237.721198,239.374166,234.307292,236.138854,234.701459,238.164219,231.648489,237.163021,239.295989,232.513021,237.542291,231.330156,233.939843,234.328177,232.171511,231.5325,236.839687,233.917708,235.105729,232.67776,239.266615,233.580781,234.105573
235.716666,200.759792,196.195052,198.561927,199.692083,195.391094,198.824583,199.766927,199.781406,200.014115,200.819896,199.241458,199.933072,200.006093,199.652916,198.68802,196.996562,198.778229,196.878959,198.682136,199.824479,200.356771,202.84125,199.136354,197.562083,198.367344,197.579323,198.851563,197.009427,194.052135
410.997812,152.709219,155.851146,150.801719,151.064531,155.801406,151.614219,156.848645,150.423646,150.837969,158.304063,151.334844,149.800469,150.17474,150.197499,150.926979,155.495937,150.244375,155.363541,149.423073,149.881719,150.466302,151.39901,150.75099,149.971302,150.629583,150.959218,151.904167,151.330677,149.066771
286.681823,242.552344,241.304375,238.32802,242.150052,244.081198,234.572292,241.082761,237.30302,239.700885,243.01177,240.690521,238.669792,245.00276,241.50375,251.069167,238.329063,241.675104,237.187761,241.085729,239.567292,240.207083,240.329584,236.859791,238.228697,238.619375,237.411666,238.880989,240.284792,236.193854
455.498437,272.073854,267.210417,259.523386,264.640312,270.24474,265.310104,269.857031,268.141875,267.281875,268.578386,266.70974,262.924688,267.155625,269.263593,264.062395,269.055989,262.395677,264.837968,270.192552,259.279792,261.597395,258.569843,260.786198,269.944271,259.474479,260.302552,259.958698,260.384739,262.743021
148.236875,131.092969,130.489479,130.296615,131.455885,129.982708,136.18427,131.255312,130.606718,131.490729,130.044531,131.79802,130.752187,130.586145,130.999114,130.437917,131.095,130.525052,131.476146,131.774167,131.860209,131.552917,131.313281,136.604375,132.518646,132.065052,130.771354,131.85974,131.613802,134.248594
149.816041,131.351407,131.586041,130.292083,130.930365,131.758073,130.48099,130.885364,129.783281,131.0775,132.059218,131.185834,131.355365,131.074011,131.19474,131.928072,131.81724,132.022343,133.16625,131.569791,132.248021,131.981562,131.041719,132.141823,131.474115,130.730938,131.090886,131.408542,131.087292,130.623073
297.152865,224.231666,226.649948,214.598594,220.105365,221.965,218.964271,218.458646,220.306563,218.974688,220.618542,220.169115,219.615208,214.235938,215.638021,220.773854,219.706354,220.745417,219.324271,217.26974,223.593021,218.715938,221.404584,220.876719,217.8175,220.867136,218.756927,221.314687,219.833854,218.869843
274.637864,225.320156,224.966093,224.942604,226.014635,225.13849,223.603646,233.362135,224.230677,219.201667,222.500052,224.748594,220.840416,222.870989,221.832604,221.597917,221.860624,220.922552,223.01276,221.074063,223.689844,224.729531,216.994323,225.80026,223.822864,220.667136,219.615625,222.959323,219.179687,222.990782
309.941979,238.021094,235.365729,226.411145,232.658854,230.251041,229.508542,231.090208,230.538958,228.212864,231.50724,229.626823,229.945833,228.31625,230.337865,228.005729,231.266458,230.011927,229.986719,228.771302,231.150364,230.226146,227.825052,232.169687,228.518646,226.975729,232.845156,233.122864,229.663594,225.536302
136.610782,123.684427,117.54552,117.888802,118.265938,117.457969,117.132813,116.687187,115.962604,115.98,115.916667,116.482969,116.349063,116.927708,115.694167,115.93526,116.629063,116.424219,116.233437,116.211355,116.373229,116.083073,116.853073,115.922135,117.21625,115.839687,117.385417,118.777395,123.083437,128.875625
264.158489,238.536354,252.124219,236.094271,243.909688,241.246354,240.424166,247.569271,241.13375,239.807552,241.195156,239.870052,246.879219,241.825625,241.202136,244.134479,246.050156,240.370937,242.283959,240.177032,241.211406,242.765313,241.407448,243.031406,241.415052,240.537552,244.421979,241.142916,244.465937,240.50552
209.97198,197.550104,192.320885,197.603959,192.160156,189.704167,195.799062,195.633125,197.647552,195.708802,196.196406,201.868802,200.103177,198.348385,196.478177,195.452135,199.147656,199.598698,200.940729,198.678333,199.42448,200.475156,199.096719,199.88276,201.170573,199.514375,201.87552,196.184688,187.845156,188.099375
203.018489,185.465677,180.584687,179.152657,178.48875,181.369532,180.946666,179.743594,179.584844,181.921615,179.826146,185.496771,180.287604,182.823073,180.031614,180.025625,180.04875,184.591563,182.807761,180.405729,180.26177,181.967135,179.463073,181.861823,179.663958,187.113802,181.171563,185.555313,180.77974,178.951406
199.769063,179.704896,188.037916,189.201511,189.810833,187.008593,191.509062,183.378854,178.386927,181.594739,185.102396,192.216406,185.133906,182.819895,182.825677,187.686406,191.770833,187.299479,191.746354,183.875521,184.047448,182.387187,189.327344,190.988594,189.17974,186.639635,184.618438,188.138021,176.54224,180.053854
208.274115,195.334323,196.744583,193.424323,196.882292,195.919167,198.267813,199.388281,197.556042,192.339375,199.565469,194.957656,197.153541,195.50151,194.228281,198.747552,194.907291,195.644584,197.570937,197.480417,194.826041,195.799896,195.089948,197.523438,196.667344,195.82349,199.904479,196.56302,192.679687,191.17125
231.435104,219.948593,217.4775,211.576458,219.140052,208.717604,214.231406,211.978906,210.208333,214.763489,219.499948,209.109063,210.516927,211.97375,214.406615,208.932188,216.383229,213.427447,207.890938,209.505521,212.477656,216.775156,215.355677,210.544531,210.267657,210.406302,212.718438,214.259583,211.088906,206.642031
291.129115,229.549375,230.248802,230.765624,230.339323,230.313177,230.580052,230.244063,230.355834,227.069115,226.570469,229.391146,226.313958,231.020365,228.228177,229.005365,232.481459,224.983385,232.647865,240.066042,227.058125,231.311355,227.813333,225.426666,232.729427,235.594114,234.36151,225.74401,224.808855,219.193802
409.66276,213.27974,212.365521,211.49927,216.289635,214.179375,216.07651,213.473125,217.563125,216.902135,214.191302,218.024323,219.693125,214.474479,212.664687,213.096302,210.522084,213.561458,216.846979,209.830521,210.562031,213.95125,213.737657,214.811458,215.929271,220.822968,217.738646,209.319427,210.174635,208.117656
211.714844,198.351198,195.931666,194.218333,196.806615,191.900521,195.700572,193.26177,192.980261,191.689687,191.630729,190.423073,193.113281,191.790937,194.005156,190.948854,190.800469,193.899791,200.23599,190.439427,195.405885,191.952813,194.614062,194.052032,192.791302,192.642656,189.639636,196.52099,185.728854,188.441927
373.189114,518.835937,290.983645,336.789792,238.049375,240.075313,243.62526,238.93974,239.274218,243.146354,235.387083,239.522343,238.291354,238.091042,240.157761,239.701718,242.460469,240.966927,236.73875,243.088958,244.1125,246.797813,241.409218,238.512969,241.925677,240.081771,229.532344,241.790781,237.873177,229.394166
195.31349,179.344948,185.887761,180.558021,182.773854,182.975834,182.538802,181.526614,181.892656,183.774948,182.787812,183.629635,181.585052,182.606927,182.398177,180.330365,179.979531,182.330104,180.494375,181.805313,181.394063,181.283906,182.172812,181.124687,180.02401,177.125313,182.959271,185.398229,184.30151,185.114531
262.066406,246.700677,245.218333,242.787604,244.036979,250.26625,245.36,248.194062,245.379323,244.941927,241.371875,242.69875,240.458334,245.993229,244.343646,247.913073,243.950156,244.764635,242.654479,250.173125,244.804063,245.431094,242.802344,247.271666,248.271354,242.028958,237.106302,235.784479,232.455625,239.926145
247.209479,226.041875,227.75,230.209583,228.780833,226.409427,230.790365,231.482656,231.116354,229.549114,231.359895,232.213229,231.540208,232.263646,232.931511,231.283959,232.351458,232.255416,232.537448,231.995781,232.685468,230.968021,229.912916,229.511354,229.898125,229.955521,227.573437,236.59474,219.706458,219.434219
258.263333,239.512292,236.608073,234.661406,235.58125,240.281458,239.443541,237.27177,234.35625,236.662813,236.642187,236.784843,235.715781,232.43224,229.714688,236.137813,234.224167,234.217969,232.582969,233.951302,238.229687,235.137761,236.087917,238.071354,233.006198,233.487552,239.067083,235.012395,232.553125,226.572031
188.423594,151.67875,150.408645,149.785886,149.319584,149.790469,151.333542,150.374323,149.572292,149.633073,151.466979,149.500208,151.48151,152.232396,152.165625,152.194219,149.813385,149.67625,151.309792,152.243802,153.096979,153.651406,150.604115,151.426458,153.376719,151.445312,152.289635,150.524896,146.211823,145.432188
368.103125,198.66474,199.278958,200.751146,200.089479,199.615364,201.22875,197.705729,200.844479,200.432344,200.767292,206.278177,200.840365,198.715573,200.921666,200.966823,201.153958,195.133072,195.014011,197.975885,201.905938,199.219792,196.128541,196.343594,197.560572,197.270677,192.499896,200.378802,186.883282,192.122604
285.871094,256.121614,254.617188,250.58349,257.251406,253.265364,254.627917,254.477813,254.008385,252.663229,250.845052,253.432344,258.006146,258.559427,251.812605,252.850052,256.040052,257.97177,259.970886,251.523177,256.982344,255.095416,252.626615,253.633177,254.908333,255.785573,250.432291,285.184583,253.311926,247.313438
251.868854,220.397865,222.079271,219.367812,220.531718,223.339011,220.564166,222.197187,227.369635,219.549323,222.339844,226.130208,218.608437,221.901823,219.223333,223.756406,221.014166,224.3975,223.097031,222.468802,227.300416,222.351667,222.468073,225.277031,223.189792,221.689375,223.787396,222.070885,221.589427,219.347031
304.198802,203.627031,206.561406,203.298698,200.802084,204.707604,203.658802,202.612865,202.413594,204.7,201.7825,201.974166,203.602552,203.689114,201.469531,203.951041,203.096511,201.766875,202.792604,201.505417,203.829896,200.101093,201.18875,200.336615,209.451979,198.423489,203.514375,203.045937,205.294687,201.738646
175.8375,163.690989,162.299948,164.033281,161.758281,162.909635,161.705156,161.857813,163.22776,162.766562,161.696823,164.101563,164.239948,161.216823,163.232135,162.729531,162.774688,164.363229,163.679791,163.27776,163.652084,164.248958,165.884532,164.242969,164.572291,170.85151,164.159896,160.889948,159.240104,161.698334
257.732865,242.003855,237.677708,242.346927,237.186874,240.220052,240.086563,239.790625,241.460208,244.465313,241.740208,242.794427,239.067969,234.517864,239.807187,242.144219,239.022552,232.406719,236.929219,238.134739,237.084219,240.037344,239.797031,240.316562,239.704844,239.523802,240.446771,242.703177,231.345729,233.929635
180.580885,171.085886,170.243489,170.365416,170.86552,170.683073,169.172813,169.223437,170.61849,169.976511,169.274844,170.482239,169.198229,170.460468,170.210312,170.626614,169.742291,170.451511,170.91375,169.372448,171.845573,170.924532,169.402709,170.33474,169.165938,169.316198,172.416406,170.931354,170.511146,170.825364
280.008073,256.626197,259.092239,258.954219,262.321354,256.970104,255.753177,261.323959,262.559636,257.933437,258.872812,259.38474,255.747187,257.392656,259.959427,260.282292,260.264844,261.565209,258.994427,260.523124,257.175573,263.141406,259.785885,260.187343,259.483958,258.982969,256.46651,247.351302,247.302656,252.176979
182.102969,170.233334,170.310625,169.729219,171.027917,172.871094,170.559896,173.026771,172.430729,170.581458,169.723282,171.086927,171.683177,170.909375,171.569063,170.174635,171.19026,170.023385,169.085937,171.795937,171.255261,169.682864,168.975573,168.823281,169.871615,177.806875,168.6625,167.156875,167.205834,169.467448
274.39974,256.749271,248.598645,247.057656,250.814583,252.831406,252.251198,247.838125,246.334948,250.888594,249.69302,251.356302,249.046771,252.136771,248.712604,249.870833,250.579427,246.971563,251.315416,250.752396,248.840833,247.181875,255.912865,250.762344,248.887812,249.744948,251.078177,245.551511,249.865885,251.44276
145.81599,132.552083,130.04151,131.507084,131.546822,131.632239,131.840364,129.992187,130.840052,130.543802,131.391666,131.574531,132.002187,132.528021,130.523542,130.433645,129.910677,130.905052,131.344739,131.807291,131.783854,132.142396,130.236302,132.017291,130.757031,132.292187,131.532187,131.478021,131.739583,132.974948
241.352292,176.09125,174.625833,175.686979,176.983906,175.463073,175.847604,175.004271,176.671615,176.509583,176.228021,178.406823,176.715156,176.399844,175.416875,174.994375,177.600209,177.344843,175.948125,176.683958,176.159115,174.920834,176.945729,175.972395,176.646719,177.108229,174.005521,179.466146,178.695052,178.084218
177.525,167.373646,168.148334,168.090781,167.582187,167.164636,166.367396,163.041562,166.477604,164.123281,167.579583,165.229896,165.569636,169.471406,164.131094,167.219843,166.534739,167.706615,165.725208,166.331302,166.999062,166.687395,166.480781,166.090937,166.530781,168.411354,168.255416,164.998958,166.345781,162.590886
187.718645,176.415833,178.065104,178.053073,177.661302,176.691302,178.103072,179.968282,179.985364,180.124844,179.860625,178.659479,176.463802,174.81125,175.574792,176.417343,177.031979,177.179479,182.894687,176.831979,173.987031,176.494115,173.320104,175.896406,175.01724,174.977761,175.43276,177.007031,176.599948,174.673333
177.544063,165.969531,167.124271,168.146562,166.209479,167.007604,170.121198,169.93901,168.683333,168.605781,168.957291,169.581875,169.764687,167.26573,167.176927,166.607083,167.819687,165.578541,167.387604,167.129219,166.308385,166.451198,168.7375,167.611614,166.180885,166.785677,167.727135,168.397969,165.022187,167.077917
253.385052,227.704635,228.780156,230.224636,229.813437,227.435052,232.315208,230.905885,229.15177,230.421927,228.896927,232.551042,225.316406,232.013802,230.202865,230.002188,230.947291,228.360052,232.622761,229.525313,229.280209,229.106354,230.12052,225.819687,226.430833,224.673594,222.913437,228.644271,257.478437,222.590313
199.136302,187.467187,186.632187,187.509739,186.688698,187.08375,188.888021,187.710833,187.420261,187.427396,187.980365,189.343906,188.185677,188.23375,187.949062,189.283698,187.987396,188.492292,188.205,189.209219,186.901667,188.040208,189.988125,188.654895,187.069531,188.071145,188.207865,206.121979,181.4,184.133802
127.562395,115.128281,115.391927,114.606927,117.131562,115.475261,115.999635,114.340625,114.925,113.553021,115.536979,114.921927,115.482969,115.514948,114.998177,114.202656,115.116354,116.21901,115.628385,113.677864,115.309323,114.304792,114.730104,114.187709,114.23224,113.883646,119.222343,116.995365,115.859011,117.852448
277.293854,256.392969,257.811094,259.910937,268.486458,261.080989,260.902344,260.387083,267.594531,261.417552,260.476979,271.273021,265.642344,266.296042,267.154791,260.287084,260.832344,267.47125,258.944739,261.461041,266.295885,259.071198,261.503646,265.525677,260.101615,267.018073,262.282136,274.097813,246.38625,242.957552
155.94125,146.991458,146.650729,145.278802,145.020364,147.094167,144.529427,144.675417,145.018906,144.944947,145.982709,145.396094,146.030208,145.899427,145.209063,144.677761,145.923385,145.441511,145.739219,145.26125,144.391875,144.644532,145.836875,144.344271,145.077031,146.519792,174.957968,142.834323,142.238073,139.7425
180.624115,169.864635,170.095573,170.000625,169.504531,169.756146,170.423333,170.517135,170.723073,170.182968,169.818698,170.345364,171.141511,170.354948,169.984844,169.657188,168.327708,168.920833,169.544167,169.610416,167.836615,168.890157,168.512656,168.286198,167.92401,168.07125,167.249635,167.374843,164.84974,166.441823
228.236406,186.707083,181.512709,187.414479,188.297865,184.527708,187.567344,187.535989,183.468593,186.515468,182.105781,186.430052,184.68875,188.641979,188.019375,184.625625,188.851094,186.709947,185.000886,187.550677,188.41177,189.140104,183.067187,187.464218,184.931302,186.300729,185.733906,182.256198,182.409375,184.807448
209.021249,196.648906,193.788125,195.178177,191.263333,202.390312,194.346197,190.697812,192.017761,194.566198,195.62776,197.083906,193.681458,193.791771,192.671198,192.283593,193.54427,195.823177,195.140469,194.060885,194.63026,192.769948,193.855677,193.238542,191.578489,197.426979,194.304844,190.174323,208.895364,184.880782
46.271875,38.550677,37.324687,37.047813,37.034167,36.685677,36.99474,36.978698,36.759114,37.228437,37.272239,37.054688,36.999583,37.32625,37.772083,37.301562,37.220365,37.051302,37.133854,37.705261,37.182812,37.458385,35.921406,36.415625,36.112552,36.079115,36.036093,36.266041,36.043958,36.050417
123.949375,79.418958,77.890052,77.574115,79.622969,79.836563,80.250885,81.035313,80.324584,78.892395,79.458854,77.452343,79.577812,78.850156,79.032813,78.290104,80.328229,80.840313,80.411927,79.595938,80.663906,78.571771,79.60276,80.376146,80.714323,81.735104,79.56625,78.864375,76.021354,80.397136
261.245365,128.47974,124.782552,126.97974,124.328073,126.181666,126.946927,124.236823,126.191667,124.995157,127.041875,129.468489,128.118542,126.138177,127.309792,125.870469,122.848333,124.345729,127.091042,130.063959,127.932239,126.823177,124.841823,128.248229,123.702083,132.728125,124.471302,130.007448,121.960469,130.328385
199.305833,181.099792,184.235104,185.755521,184.006718,190.555468,194.923594,188.14099,191.847448,181.015989,185.761458,182.882708,189.047396,181.244792,182.972865,182.101823,188.418594,182.820052,184.273438,188.488437,190.284531,186.387865,186.885573,183.164948,182.52875,181.022708,185.933333,182.177031,186.023177,180.659844
192.632708,179.89901,180.645,179.003698,179.841198,177.221302,180.810573,180.052291,180.655104,181.958125,171.759375,177.053646,176.949166,174.003072,178.726979,176.976615,178.975521,172.811354,179.891146,178.40224,172.245313,179.154114,176.477083,175.600052,179.787865,172.761302,176.034271,176.879531,167.116094,170.767083
204.797343,187.025104,184.778802,184.552552,184.991875,185.018959,185.71651,184.251823,186.142031,185.189063,185.114844,185.633907,184.04552,187.183177,185.491771,185.970937,183.392865,185.707656,186.381354,184.810833,184.786823,184.456354,184.059531,185.723646,184.997916,184.61849,185.654271,185.287552,185.961458,183.860989
231.834062,216.947395,400.276666,220.298593,216.103229,218.826823,213.487968,208.015104,213.042031,216.536771,216.691302,214.94302,213.966354,213.010156,211.432552,221.899115,217.836041,215.533594,215.640365,213.544531,215.248437,214.175052,212.655,211.81875,213.544115,211.21026,211.30677,207.478802,211.881979,210.468437
199.604792,183.995677,183.302291,188.243177,194.739739,185.440156,189.288229,188.183854,188.054688,185.857187,186.582916,184.415104,185.701719,186.487291,184.714895,185.26302,187.098125,187.875573,189.159114,182.786145,186.665156,184.875729,186.188802,188.518021,183.832239,186.514947,180.113593,186.712135,177.010365,183.085312
320.739844,295.406666,301.221146,304.432656,306.324375,297.467344,294.979115,293.475521,300.803906,303.108177,300.764062,297.060052,302.506458,302.927395,306.989687,301.053906,307.287656,301.899792,299.484635,302.828646,305.613854,303.444896,304.277916,306.467396,308.45625,310.180364,312.236927,304.760104,304.095156,310.574011
86.116562,76.656094,76.349427,76.631302,77.408021,75.463958,76.866875,76.920052,79.028907,77.315157,76.259323,77.000938,77.65625,76.671198,75.997448,75.964375,76.173802,76.800729,73.448698,72.649531,73.848802,73.346302,73.96276,78.609166,73.963593,73.858802,75.033229,73.31875,73.533542,73.532968
142.816198,138.064114,130.123021,129.895833,129.494896,131.224271,130.922916,130.856146,129.484896,130.390834,131.011302,131.450729,131.301823,132.266875,131.198229,132.399583,130.600052,131.194166,130.751146,131.153854,130.409323,130.737083,130.929062,130.722656,132.260104,132.799739,131.69276,132.153802,132.4575,132.842083
180.989167,169.919739,169.261302,168.680572,170.994115,172.102396,169.329479,169.108698,170.660885,169.199896,170.645104,170.622239,169.675,170.406615,169.862968,169.886146,170.673177,173.231614,170.852708,171.385052,172.142708,169.750572,171.358334,171.881771,170.57875,172.165781,177.938333,170.587656,165.071458,169.986875
272.908072,264.413489,259.774271,258.851979,258.119479,256.932291,255.493438,258.217813,257.544375,254.132864,258.073906,259.204844,258.343021,260.800521,260.702083,253.105624,257.486459,258.283958,253.364948,256.196302,258.324792,254.93,257.78724,258.261094,260.807135,256.879792,260.54125,256.233438,256.122032,252.105625
249.985833,237.755781,241.069635,238.436146,239.581979,240.542031,241.201459,239.402604,238.625572,237.888021,241.614635,241.916927,238.511979,240.828177,237.447708,241.069271,239.98099,234.588959,237.012708,230.144375,239.788906,240.079531,238.018906,233.967448,236.574792,238.008021,233.842656,239.510364,236.384584,236.366719
174.375938,125.597812,121.987813,125.810834,123.147031,126.614688,123.21125,122.353698,126.023333,123.88125,127.43401,129.411511,122.030573,127.457604,122.878594,128.801927,128.949635,123.921459,126.636406,129.363958,126.697916,125.591041,126.474427,124.009792,128.775833,130.315833,136.447916,125.168906,126.90526,125.78401
297.14375,145.955781,149.12302,151.80776,145.740469,148.186875,144.493698,148.304739,150.744583,150.067135,149.309166,146.258959,149.893021,146.978125,147.295729,145.324948,150.810469,149.058229,152.302968,149.36651,146.681823,144.386302,143.584375,146.812239,148.375625,152.232917,144.494791,146.165989,153.826875,143.977917
88.385833,81.894479,80.799792,81.115052,81.456979,80.585782,80.454375,81.254791,79.552031,80.221146,80.383906,79.239479,80.148177,79.123021,81.968437,82.723645,83.257031,82.0025,82.608229,83.132239,81.15401,84.693177,83.559114,84.368385,82.820885,82.525105,83.205,82.860052,81.771302,79.343177
50.276198,39.54375,39.435729,38.500104,37.275677,38.866094,37.392083,38.623125,38.137552,37.627448,37.919948,37.503541,37.249948,36.423646,38.874063,37.548959,37.997031,37.853646,38.570052,37.877864,38.444688,37.724531,38.723229,37.99625,36.932552,39.381614,37.7575,37.613541,37.444531,38.162031
424.389896,400.963749,400.968697,398.282344,402.250989,398.572761,402.46776,405.474687,402.813594,394.53677,403.204115,398.701198,402.634011,403.055781,399.085208,405.895625,410.824792,397.574323,398.708698,404.090208,398.949687,401.898906,401.477968,404.797864,403.623177,397.221041,400.656667,398.153593,399.530521,394.150156
713.411406,692.101562,690.969948,689.998645,690.429791,685.013698,692.140364,691.684271,683.370833,693.279323,684.315729,689.61776,688.723333,689.713021,692.722291,694.847187,689.641926,684.408385,693.009948,695.135989,689.620989,692.713021,689.691718,696.724479,691.890312,696.930104,693.117083,691.027187,679.473385,678.204583
1050.251822,890.934323,886.875416,889.12651,889.636771,884.923906,885.19526,885.165729,888.312343,888.055572,882.192239,886.048073,888.901094,890.398073,886.210468,877.793646,888.877448,889.219271,889.043698,891.808021,892.419115,886.175,885.672552,892.235937,887.154219,887.400625,884.387656,893.274478,882.363489,887.780364
1615.260208,1532.475676,1542.06526,1545.358749,1545.695572,1537.864739,1538.92802,1540.455989,1549.681719,1541.599218,1547.601978,1531.575052,1542.158698,1538.825416,1530.044635,1534.250624,1546.279218,1538.70427,1531.984426,1537.32875,1535.918437,1543.369062,1533.62927,1536.363646,1539.242187,1543.065677,1545.567187,1534.552395,1535.72177,1529.719218
