13.339739,10.049844,10.10401,10.166719,10.124948,10.544427,10.170937,10.1225,9.926354,10.196928,10.419844,10.928229,9.984687,9.712917,10.01401,9.948802,9.744844,9.747448,9.755938,9.870104,9.903073,9.67625,9.828958,9.83,9.828073,10.277656,10.98552,10.672187,10.142083,10.088125
11.478489,8.421042,8.274114,8.436979,8.515469,8.363229,8.283542,8.299479,8.600573,8.426459,8.632135,8.560781,8.492969,8.428437,8.464219,8.21,8.190521,8.15948,8.207708,8.244583,8.190156,8.385156,8.255469,8.261927,8.202188,8.371511,8.300052,8.420989,8.57625,8.470573
15.121614,11.935,12.010886,12.115833,11.972969,11.794218,11.616302,11.653854,11.79151,11.827553,11.666041,11.730521,11.892344,11.556094,11.632604,12.159531,12.25573,12.214375,11.674844,12.465052,13.411302,11.866927,11.573021,11.566302,11.48776,11.503489,11.475104,11.465833,11.60849,11.460937
12.433698,10.380261,10.201302,10.273698,10.19724,10.156614,10.304062,10.299583,10.083594,10.231302,10.279844,10.218541,10.263386,10.154635,10.176146,10.199739,10.168282,10.131562,10.203802,10.186146,10.48849,10.154636,10.192709,10.221979,10.304063,10.181041,10.253854,10.152448,10.194271,10.288698
12.998802,10.365416,10.163593,10.128437,10.150417,10.149063,10.132395,10.083698,10.076563,10.075781,10.0925,10.138854,10.130104,10.149062,10.145,10.179635,10.3025,10.192812,10.146094,10.198541,10.193645,10.233125,10.342031,10.155938,10.13177,10.219688,10.19,10.250677,10.210313,10.209688
9.963073,8.42974,6.90073,6.957709,6.811875,6.692292,6.646666,6.72849,6.734531,6.74151,7.12349,7.026562,7.134531,6.764114,6.783125,6.826666,6.678646,6.780938,6.784323,6.702344,6.775677,6.807135,6.780417,6.678958,6.810157,6.822656,6.634687,6.764375,6.871093,6.715937
10.089323,10.020625,10.356718,9.499687,8.936822,8.805573,8.814375,8.926718,8.84,8.84,9.077552,8.837709,8.802344,8.82901,8.838177,8.85974,8.83651,8.834218,8.849531,8.841198,8.866667,8.884323,8.862135,8.788281,8.949479,8.84,9.17948,10.251562,10.218281,10.196562
11.163438,10.52224,10.493073,10.518698,10.433906,10.466823,10.47224,10.466875,10.476875,10.543906,10.512083,10.493906,10.539844,10.449375,10.460312,10.40849,10.550052,10.474896,10.571146,10.63099,10.484166,10.535677,10.487864,10.544115,10.577448,10.514166,10.494479,10.603229,10.638646,10.514479
12.371302,9.331823,9.118385,9.072292,9.16875,9.160781,9.311719,9.198958,9.137187,9.09724,9.075104,9.099479,9.078073,9.116198,9.132604,9.128229,9.186718,9.099896,9.125781,9.053594,9.05599,9.139635,9.13875,9.136354,9.102084,9.2675,9.169739,9.263855,9.234479,9.209584
12.284063,9.619636,9.400416,9.284687,9.305469,9.343489,9.366666,9.380052,9.360209,9.304271,9.378906,9.337708,9.34974,9.372969,9.214271,9.372864,9.338958,9.377969,9.430834,9.396146,9.367969,9.376771,9.347396,9.327292,9.416458,9.534063,9.366354,9.454739,9.38974,9.358333
14.032604,11.758125,11.697032,11.698177,11.631771,11.749115,11.778854,11.738281,11.774062,11.755052,11.695104,11.681615,11.720312,11.736927,11.638438,11.671302,11.660573,11.728073,11.684427,11.67625,11.843542,11.670104,11.795782,11.730365,11.716041,11.675729,11.681875,11.810677,11.671094,11.665
13.03125,10.373333,10.295886,10.202031,10.191042,10.207917,10.190782,10.274635,10.236771,10.228333,10.33526,10.198438,10.249739,10.216719,10.202188,10.215261,10.285782,10.188385,10.260365,10.27651,10.253906,10.231458,10.230365,10.28026,10.247135,10.216198,10.244948,10.293802,10.271666,10.252084
14.756615,10.575,10.350364,10.297708,10.322552,10.302917,10.377188,10.277083,10.339375,10.343542,10.284948,10.30224,10.30401,10.420885,10.285417,10.40849,10.34125,10.350729,10.323802,10.354636,10.31125,10.39875,10.325625,10.427969,10.315364,10.34375,10.384115,10.449166,10.309375,10.322031
11.224688,10.641615,10.634531,10.471718,10.505885,10.448385,10.499792,10.56474,10.438542,10.516771,10.490469,10.467812,10.487812,10.59974,10.47125,10.44026,10.448437,10.43599,10.464166,10.455729,10.516458,10.516354,10.534114,10.53,10.594427,10.488125,10.455938,10.541094,10.462292,10.526927
10.447813,9.736614,9.462604,9.46427,9.64,9.59474,9.495521,9.492344,9.510208,9.498854,9.549114,9.566667,9.480573,9.409062,9.37099,9.487708,9.50552,9.496354,9.505364,9.469791,9.515261,9.509219,9.64151,9.532083,9.505208,9.585521,9.472969,9.510625,9.541563,9.596407
13.82099,11.509739,11.597657,11.482448,11.476406,11.558698,11.50651,11.511198,11.601563,11.550781,11.649531,11.458906,11.584167,11.525261,11.525417,11.525469,11.569531,11.576823,11.672604,11.576302,11.530156,11.601719,11.534479,11.518334,11.559322,11.545989,11.615625,11.590157,11.51526,11.582031
13.52474,12.555781,12.532188,12.274115,12.318021,12.28474,12.338802,12.435052,12.310886,12.296407,12.344843,12.471198,12.299323,12.31125,12.377344,12.407187,12.300573,12.387396,12.289167,12.463542,12.414687,12.275469,12.367864,12.427969,12.235886,12.283594,12.275782,12.637657,12.353073,12.308959
10.873437,9.810469,9.850365,9.778854,9.78724,9.762708,9.845885,9.922291,9.797604,9.753438,9.82224,9.795625,9.754531,9.800885,9.790937,9.828698,9.787188,9.786927,9.82375,9.828698,9.794167,9.835416,9.798958,9.810834,9.850781,9.773958,9.837188,9.859479,9.796406,9.793489
11.373698,10.548541,10.668698,10.595,10.554114,10.671562,10.50901,10.487292,10.54927,10.505364,10.607657,10.624323,10.548854,10.606198,10.563073,10.546198,10.535469,10.585208,10.594062,10.662708,10.554948,10.58776,10.730573,10.585052,10.59401,10.587136,10.594791,10.562083,10.664792,10.521771
10.6425,10.079271,10.199948,10.095469,10.020105,10.090729,10.038698,10.06,10.013125,10.049635,10.133125,10.128802,10.070938,10.035104,10.126458,10.08151,10.077812,10.052656,10.122916,10.079844,10.107552,10.233385,10.169948,10.107657,10.044011,10.073072,10.17625,10.056458,10.067552,10.040052
12.849167,11.304427,10.774427,10.625782,10.679948,10.714843,10.719427,10.656562,10.717552,10.715,10.725677,10.710625,10.762084,10.680886,10.695834,10.726041,10.736563,10.772916,10.794167,10.719635,10.751614,10.76625,10.736354,10.822343,10.756614,10.707291,10.756979,10.761041,10.801041,10.728594
13.95724,12.59599,12.341146,12.343906,12.341875,12.476354,12.351198,12.5025,12.308594,12.409896,12.434218,12.350573,12.36823,12.462605,12.404063,12.356719,12.320677,12.40125,12.390989,12.40125,12.497448,12.385521,12.340781,12.389375,12.387031,12.303229,12.382657,12.416041,12.43625,12.341823
14.306615,11.574271,11.184219,11.184896,11.083333,11.105469,11.203385,11.109167,11.13526,11.158125,11.134063,11.190261,11.233021,11.121042,11.124532,11.200937,11.164323,11.092031,11.190417,11.112708,11.138229,11.170052,11.138541,11.1375,11.213594,11.316614,11.155938,11.127344,11.17125,11.121042
10.948229,10.297292,10.305,10.117135,10.081718,10.191042,10.176198,10.155625,10.18177,10.122812,10.180052,10.116719,10.160521,10.110208,10.05927,10.144844,10.220573,10.133958,10.205833,10.064167,10.189532,10.198437,10.190157,10.23651,10.08625,10.130365,10.189635,10.099532,10.11552,10.218958
13.407864,10.349427,10.030989,9.97724,10.016094,10.031354,10.083541,9.986718,10.002812,10.048021,10.017604,10.012552,10.005365,10.081042,10.045989,10.024843,10.025416,9.994896,10.135052,10.060313,10.096771,10.062083,10.057865,10.065052,10.05849,10.025833,10.072552,10.044063,10.088593,10.143125
11.365885,10.724062,10.6275,10.58625,10.632656,10.643385,10.626563,10.698281,10.668958,10.789271,10.717292,10.703906,10.739323,10.630625,10.779583,10.67599,10.720625,10.806354,11.143593,10.860573,10.624479,10.716667,10.930938,10.717291,10.609271,10.759011,10.678229,10.692761,10.63599,10.673021
14.198281,11.070885,10.816511,10.835365,10.860573,11.012708,10.872864,10.856979,10.902136,10.765573,10.86448,10.852083,10.82099,10.934584,10.867343,10.855885,10.865052,10.83974,10.901927,10.854322,10.825,11.590521,10.938542,10.964948,10.902396,10.925834,11.135833,10.982552,11.002708,11.041771
11.307969,10.583958,10.3175,10.394063,10.463542,10.393594,10.259427,10.394271,10.263489,10.465938,10.563646,10.307761,10.829011,10.617448,10.380052,10.524219,10.393594,10.373959,10.309948,10.50625,10.308906,10.385625,10.475729,10.57599,10.616041,10.521146,10.582084,10.531094,10.674948,10.787187
10.384011,9.380052,9.355677,9.337552,9.434375,9.337709,9.323229,9.337448,9.361458,9.251407,9.31,9.277604,9.30599,9.355521,9.309114,9.426667,9.26823,9.247292,9.150729,9.28651,9.239895,9.235625,9.171875,9.388333,9.306979,9.32375,9.276719,9.293959,9.369271,9.262396
13.178177,11.571145,11.349375,11.391407,11.455,11.369218,11.472761,11.397031,11.399271,11.426667,11.470312,11.466458,11.497917,11.437188,11.514062,11.502709,11.488542,11.387604,11.623437,11.395052,11.503073,11.446354,11.406354,11.517239,11.636197,11.442083,11.497917,11.406042,11.414114,11.436198
11.588541,10.716666,10.740365,10.70802,10.703802,10.73224,10.706563,10.704948,10.656302,10.677292,10.763177,10.772084,10.770677,10.70099,10.798854,10.801198,10.717969,10.737761,10.69901,10.729427,10.752552,10.786146,10.765052,10.822812,10.737656,10.902604,10.787032,10.817656,10.902656,10.811666
12.954479,10.333333,10.311927,10.366042,10.390833,10.421198,10.350938,10.352135,10.353906,10.384479,10.455208,10.335469,10.32651,10.348542,10.433021,10.408125,10.41099,10.420677,10.387656,10.34,10.41302,10.351198,10.450886,10.491875,10.416615,10.465625,10.353489,10.436094,10.379011,10.491563
14.113698,10.18651,10.382552,10.245521,10.282031,10.466979,10.272187,10.162865,10.198229,10.207865,10.375209,10.249792,10.126667,10.157292,10.128229,10.205469,10.11625,10.202084,10.119791,10.149219,10.136302,10.210833,10.124114,10.226718,10.230521,10.148959,10.155365,10.248594,10.162031,10.212864
44.680156,38.930521,38.883229,38.895469,38.785,38.90974,39.085312,38.821667,38.979271,38.868802,38.977708,38.646302,39.102968,38.909011,38.724063,38.92375,38.836511,38.919167,39.12125,38.807344,38.658646,38.747761,38.842969,38.638697,38.353698,39.261042,38.790261,38.928438,38.707656,39.322552
50.292396,44.721511,44.753073,44.882031,45.073542,44.779739,44.924896,44.860209,44.859739,44.935937,44.870989,44.794011,44.910364,44.864896,44.877291,44.682292,45.001875,44.776042,44.734636,44.546771,44.708021,44.737812,44.691771,44.855,45.083073,44.974896,44.825208,46.825312,44.902604,45.059166
37.455729,33.19,33.070104,33.253334,33.153594,33.178803,32.969427,32.939375,33.157969,33.214531,33.148907,33.21651,33.174791,33.48099,33.586823,33.562135,33.360625,33.323386,33.230729,33.118229,33.263437,33.195834,33.196041,33.505989,33.168229,33.069115,33.254844,33.139011,33.055886,33.283646
49.532552,43.998177,43.836823,43.970365,43.843021,43.969479,44.371146,43.969375,43.689219,43.586875,44.258646,43.546146,44.024427,44.354583,44.118697,44.413229,43.795364,44.363281,44.161927,44.363021,44.492032,44.344479,44.221719,44.233698,43.790313,43.880938,44.086302,43.887813,44.140521,43.847865
39.793646,36.067292,36.671667,36.790885,36.867917,36.857344,36.772187,36.756666,36.323437,36.457864,36.556354,36.604011,36.329531,36.688958,36.335781,36.030573,36.4025,36.221302,36.524688,36.664687,36.128489,36.002239,36.192395,35.973906,39.6375,36.340208,35.950885,36.124479,36.074583,35.98
46.835886,40.89849,40.916562,40.995208,40.896666,40.904479,40.862864,40.848906,40.73,40.704375,40.886354,40.897708,40.453333,40.464844,40.774687,40.982343,41.030625,41.002135,41.400573,41.081823,40.918282,41.374479,41.224271,41.216771,41.036615,41.09224,41.092708,40.972291,40.832552,40.8025
41.891875,38.502396,38.172969,38.124114,38.070885,37.854375,38.133906,38.094219,38.400782,38.340365,38.394271,38.652396,38.330937,38.395208,38.340156,38.148281,38.209687,38.526823,38.52552,38.215365,38.128073,38.383594,38.335157,38.604844,38.603281,38.533437,38.406719,38.20776,37.982604,38.172656
37.697292,33.099687,32.939375,33.028489,33.064896,33.106719,33.225416,33.058073,33.183542,32.991667,33.102812,33.094167,33.176823,33.006615,33.213698,33.233854,33.066198,33.352031,33.210156,33.161875,33.348282,33.176146,33.125208,33.11474,33.044531,32.998959,33.116094,33.267812,32.947552,33.047188
52.197344,45.107813,44.9575,45.146146,44.805104,44.881979,44.749323,44.712864,44.853385,44.91177,44.948021,45.206041,44.928855,44.741927,44.679375,45.058542,45.012344,45.000677,44.662865,45.120052,45.036198,44.91,44.998178,44.843125,44.969323,44.703177,45.389375,44.593073,44.73125,44.782344
45.774896,40.171771,39.915937,39.885885,39.945625,39.969792,40.234583,40.191354,40.472604,39.798906,40.0275,40.395417,40.120729,40.402709,39.939271,39.990833,39.825468,40.098958,39.912292,40.020886,39.946563,39.873958,39.914323,39.844375,39.843125,40.400156,40.01901,39.816041,39.886562,39.892187
51.918229,44.348178,44.574063,44.06776,44.036354,43.92625,43.82151,43.879896,44.130989,43.925052,43.784896,44.331042,43.730521,43.991719,44.16625,44.360885,44.294896,44.537448,44.395468,44.751771,44.441302,44.472552,44.548698,44.133646,44.689688,44.268646,44.26151,44.230678,44.948438,44.378958
50.544479,47.520156,47.470729,47.337865,47.522916,47.504948,48.172396,47.650104,46.905104,47.045625,47.399322,47.215573,47.175625,46.864584,46.785938,46.734062,47.299167,47.294688,47.229583,46.856198,47.055052,47.502656,47.106093,47.295364,47.283281,47.447135,46.895,47.922083,47.132917,47.114323
31.577917,27.206979,26.788646,27.438333,27.280729,26.768645,27.133229,27.33802,27.267136,26.926667,26.995365,27.150156,27.220156,27.272136,27.357344,27.439375,27.416562,26.743959,27.038021,27.20151,27.206823,26.690677,26.825208,27.235521,27.051615,27.329375,27.234844,27.366562,27.28026,26.738333
50.705364,48.876094,48.412917,48.298333,48.18401,48.818073,48.783125,48.716667,48.188125,48.504011,49.046562,48.670209,48.473125,48.506093,48.543854,49.105,48.710677,49.020209,48.31974,48.949948,48.826459,48.583438,47.940417,48.504375,48.221719,48.617448,48.900833,48.630313,48.4475,48.206145
46.663594,41.231041,40.919531,41.169271,41.021458,40.360573,40.696094,40.620729,40.311823,40.838854,41.230052,41.013854,40.662448,40.412292,40.427084,40.437292,40.326406,40.337292,40.528958,40.412188,40.248334,40.531614,40.358906,40.536823,41.522083,40.503333,40.40099,40.580052,40.735209,40.534896
48.420625,44.478593,44.962032,45.12849,45.010521,45.670209,45.239167,44.412604,45.105312,45.315781,45.161823,45.291718,45.541875,44.33875,44.972969,45.476979,45.0675,44.619688,44.780052,45.191198,45.312865,45.263594,44.786719,44.577343,45.357761,45.365885,45.713906,45.346771,45.261718,44.885833
40.040625,39.271719,39.751875,39.470156,39.197812,38.811354,39.173542,39.413906,38.699584,38.908021,38.589844,39.179792,39.401667,39.432761,39.661927,39.396719,39.46651,39.531927,39.078489,39.332448,39.296041,39.340156,39.643489,39.370521,39.368281,39.388698,39.406042,39.306562,39.589532,38.926979
37.195469,33.203333,33.443906,33.336303,32.842239,32.679948,32.846354,33.287135,33.386875,33.634792,33.188073,33.485,33.465833,33.63,33.632291,33.08401,33.286094,32.918385,32.674531,32.809167,33.614739,32.685625,32.823229,32.84151,33.55375,32.745469,33.241563,33.572135,32.807865,32.837656
50.825781,44.219531,43.270885,42.954895,43.849427,43.35776,43.162032,43.447032,43.854271,43.749636,43.37052,42.996354,43.588334,43.451615,43.19026,43.4225,43.642448,43.394167,43.296406,43.748594,43.642916,43.695052,43.328958,43.560781,43.657395,43.942031,43.738125,43.42375,43.662864,43.685937
37.659427,36.099063,36.034011,35.78849,35.826823,36.260729,36.405052,36.306094,36.229583,36.269427,36.451771,36.348854,36.124792,36.277136,35.982239,35.791719,35.803802,35.970052,35.897396,37.943542,35.900833,36.011093,36.331823,36.152709,36.250573,36.182864,35.885209,36.37974,35.941875,35.644115
46.274427,42.556302,42.628282,42.748125,42.945469,42.618802,42.31849,42.746979,42.360157,43.607552,42.65026,42.906458,42.408854,42.439896,42.848854,42.293802,42.568489,42.958229,42.862552,42.549948,42.669792,42.738438,42.568802,42.771354,42.962396,43.833854,42.890625,42.657813,43.410886,42.751042
50.45901,44.234844,44.149167,44.697135,43.832865,43.697708,43.708802,44.17,44.024479,43.514115,43.735261,44.00474,44.306042,43.911563,43.625521,43.60224,43.883333,44.119166,43.962344,44.116979,43.703593,43.657916,43.600052,43.711875,43.881197,43.718906,43.961511,43.795677,44.39,43.718854
49.932604,47.920416,48.893542,48.28724,48.671563,48.451302,48.546198,48.134532,48.842604,48.657969,48.051666,48.157604,48.813698,48.357343,48.586666,48.409636,48.798282,48.063438,47.932292,48.03,48.167292,47.744531,48.162188,47.952135,48.689011,48.966406,48.743281,48.850157,49.261771,48.704322
35.844218,32.52974,32.850625,32.738906,32.827969,32.628854,32.648803,32.628177,33.116093,32.610261,32.601562,32.440469,32.617135,32.806094,32.652812,32.688594,32.123698,32.390416,32.905521,32.872135,32.488959,32.623177,33.055469,32.637084,32.611354,32.497708,32.162552,32.431094,33.025885,32.633021
32.544791,31.517188,31.541562,31.216355,30.948646,31.326511,31.394636,31.683959,31.35375,31.469167,31.050677,30.959531,31.419375,31.346771,31.562708,31.822604,31.465365,31.542031,31.518073,31.200989,31.457552,31.255937,30.669895,30.952031,31.357031,31.704948,31.66276,31.529687,31.726041,31.647709
49.940573,40.02276,40.21375,39.817396,39.853229,40.081042,39.593645,39.965208,40.221823,40.122813,40.578281,40.421875,40.499218,40.758177,40.758281,40.568542,40.839271,40.620052,40.481094,40.306875,40.736302,40.63224,40.501614,40.37573,40.00375,39.795573,39.741927,39.921771,39.844479,39.740937
43.351771,41.109583,41.032605,41.492864,41.081146,41.029687,41.391927,41.168646,41.482239,41.543854,41.452552,41.577032,41.16875,41.227656,40.948958,41.355104,41.438281,41.353593,41.94026,42.190625,41.980209,41.701927,41.623854,41.752552,41.948333,41.6725,41.631823,41.645886,40.959323,41.046823
48.193958,41.216719,41.278334,41.380469,41.831823,41.76401,41.872031,42.246042,41.49375,41.907292,41.492448,41.178854,41.498958,41.861718,41.583385,41.495938,41.341042,41.056562,40.948958,41.284166,41.498906,42.968334,43.643229,43.055521,42.880781,42.693958,42.904583,42.50573,42.383125,42.633125
32.172656,29.361718,29.503906,30.848333,31.069688,30.496406,30.902135,30.849167,31.160833,30.936667,30.743177,30.893854,31.085521,30.64875,30.740834,30.870156,31.148334,30.680573,30.819792,31.571615,32.311302,32.029167,31.979323,32.145104,32.049114,32.134115,32.013125,31.864375,32.106458,32.163854
56.336093,49.251354,49.653177,52.023489,52.09323,52.040938,52.139166,52.294115,51.751719,51.97401,51.930521,51.887291,51.924739,51.7675,52.010885,51.732865,52.163281,51.549219,51.87552,51.837708,51.721458,51.8775,51.670469,51.587291,51.761511,51.798489,51.429271,51.717292,51.686198,51.776407
45.821875,42.787865,43.319271,43.064844,42.830729,43.232709,43.078958,42.790364,43.133281,42.99625,42.354844,42.434896,42.168072,42.310833,42.280886,42.673646,42.451666,42.382239,42.838073,42.500312,42.68,42.608646,42.127448,42.202447,42.664271,43.049323,42.697865,42.998802,42.645312,42.540782
44.189011,40.890885,41.899688,41.597552,41.646302,41.62198,41.104531,41.101458,41.188906,41.617656,41.770885,41.516615,41.67276,41.561094,41.878855,41.994688,42.02625,41.788177,43.026406,42.507916,41.080677,41.258593,41.477605,41.903437,41.500781,41.823802,41.735521,41.692709,41.96151,41.573437
44.140677,40.623282,40.180937,40.190833,39.574322,39.596615,39.695469,39.665885,39.684062,39.603594,39.742188,39.642292,39.524218,39.721042,39.566458,39.655521,39.607813,39.589792,39.667239,41.555833,39.66125,39.625104,39.597656,39.70375,39.573333,39.780156,39.687188,39.497344,39.637968,39.881927
50.800625,43.068802,42.556511,42.128021,42.208021,42.348229,42.579688,42.371875,42.347968,42.528958,42.403021,42.102917,41.799584,42.176615,42.295625,42.270521,42.429375,42.449792,41.953282,42.078854,41.852239,42.110521,42.168386,42.650781,42.390886,42.510573,42.309948,42.338854,42.37198,42.555
48.233385,46.090937,44.849167,44.797239,45.019636,44.779895,44.847709,44.745156,44.894844,44.93427,44.967031,44.847916,44.947083,44.898281,44.730208,44.900833,44.875208,44.942084,44.713802,44.664166,44.87302,44.757187,45.04026,44.799375,44.988177,45.233438,44.996615,44.826771,44.831406,44.970937
53.447969,51.402656,50.520469,51.328177,51.278854,51.072395,51.108854,50.121354,50.586302,51.326198,51.167031,50.393177,50.734479,51.006458,51.264375,50.636667,51.088385,50.943542,50.847604,50.633854,50.429219,50.902448,51.085833,50.669531,50.901458,50.882343,51.267812,50.919739,50.883281,50.908072
50.836355,45.700261,45.835782,45.488593,45.511302,45.871459,45.870938,45.82151,46.212917,45.488802,46.226198,46.149167,45.94625,46.344375,46.505729,46.1675,46.291875,46.4575,46.081145,47.057916,45.5275,45.832447,45.851146,45.818021,45.725521,45.319739,45.5075,45.43125,45.34099,45.58
45.319062,41.20901,40.856458,40.32974,40.491823,40.404532,40.280573,40.282656,40.085157,40.2175,40.133854,40.430625,40.745625,40.421041,40.473542,40.369114,40.311667,40.241875,40.340729,40.502917,40.457552,40.346927,40.261823,40.299896,40.265417,40.272865,40.417239,40.424322,40.449635,40.559166
56.37901,52.926771,51.453542,52.456354,51.446927,51.826407,51.372448,51.375781,51.451354,51.406719,51.415886,51.712448,51.477396,51.550365,51.538958,51.439948,51.553906,51.774739,51.619011,51.478594,51.4375,51.355833,51.536928,51.41401,51.344375,51.466406,51.576823,51.510677,51.546511,51.720573
53.979114,51.54151,50.527656,51.159948,50.542969,50.95927,50.37099,50.525364,50.615677,50.70026,50.5825,50.664375,50.608802,50.581198,50.538073,50.684739,50.462396,50.651302,50.595886,50.626615,50.488334,50.704479,50.463958,50.430416,50.657188,50.530208,50.295625,50.722344,50.372239,50.547969
60.229583,54.585,53.009844,53.281197,53.37974,53.490781,53.711146,53.156771,53.504948,53.64625,53.436614,53.595468,53.752604,53.464844,53.604844,53.803906,53.002136,53.665104,53.496875,53.323698,53.491458,53.490052,53.242604,52.914114,53.145886,53.474167,53.398438,53.338021,53.383177,53.331979
59.461927,51.093542,50.346146,49.896771,52.740521,54.369531,54.899427,54.250416,53.946406,51.454375,50.56375,50.463021,49.714115,50.33151,50.33224,50.026407,50.541563,50.043646,50.144844,50.366093,50.087187,50.22625,50.263646,50.266823,50.175312,50.128646,50.243854,49.977969,49.777969,49.980312
59.729792,52.191667,51.937135,51.797656,51.807083,51.849219,51.834167,51.748125,51.911562,51.846875,52.159636,51.96526,51.74099,51.495834,51.701562,51.988594,51.850573,51.487865,51.881354,51.799896,51.770312,51.539739,51.515677,52.148386,51.889896,51.714219,52.278698,51.978125,51.781197,51.607448
44.594948,41.292865,42.69677,41.703385,41.292864,41.58599,41.259739,41.35573,41.113594,41.104479,41.243594,41.059948,41.120833,41.08,41.492917,40.895157,41.1825,41.318073,40.981355,41.246667,41.274896,41.210521,41.271719,41.247656,40.807135,40.994895,41.258645,40.910208,40.933698,41.640781
50.682188,42.973646,43.34151,43.391354,43.186302,43.702031,43.130834,43.142344,43.219375,43.390521,43.155417,43.312604,43.180729,43.198125,43.712292,43.230677,43.578906,43.130312,43.328958,43.240208,42.94849,43.278125,43.586875,43.779792,43.612395,43.510417,43.746875,43.745052,43.814114,43.44875
66.739896,57.541303,56.3925,56.634584,56.37599,55.877136,55.535937,55.894375,55.491406,55.868125,56.485521,56.348541,56.214635,56.04151,56.338698,56.144479,56.226355,56.170989,55.947813,56.052864,55.867344,56.375156,55.979062,56.807865,55.739948,55.744323,55.52125,55.848281,55.675834,55.638489
60.396354,50.067084,49.861875,49.561511,49.516198,49.497187,49.398386,49.682291,49.535677,49.670677,49.499114,49.307395,49.893593,49.494063,49.809688,49.308386,49.75724,49.469323,49.33724,49.435885,49.152448,49.577448,49.706197,49.133177,49.676354,48.905625,49.422657,49.136406,49.13599,49.63776
49.521302,45.70125,46.329427,45.385521,45.833021,45.76526,46.121667,45.81224,45.380625,45.884896,45.660104,45.823073,45.576146,45.742344,45.728646,44.995677,45.712916,45.580573,45.784011,44.880416,45.182865,45.235677,45.253333,45.13651,45.482812,45.109531,45.098281,45.408541,45.595573,45.761146
50.324636,46.875781,46.454323,46.072864,46.222865,46.602761,46.940209,46.167812,46.410834,46.200208,46.247813,46.20224,46.317187,46.253333,45.996875,46.361823,46.038646,46.22099,46.204896,46.231302,46.334583,46.048334,46.169115,46.44625,46.021875,46.349271,46.388906,46.035,46.628855,45.942552
55.731458,52.335885,51.923802,52.483386,52.152344,52.574322,52.217031,52.321771,51.610104,52.117709,52.126822,52.684531,52.273541,52.745625,52.74849,52.667916,52.479532,52.520208,52.613437,51.796927,51.84948,51.691042,52.254115,52.771875,52.508907,52.323386,52.093906,52.419792,52.64776,52.562916
65.26599,57.660208,56.257239,57.365365,56.808489,56.42677,56.278542,56.987135,56.765208,56.574479,56.548489,56.523489,56.638593,56.467917,56.775469,56.558438,56.508906,56.538646,56.657812,58.474427,56.796146,56.984323,56.405938,56.582239,56.485782,56.196667,56.688646,56.743177,56.593594,56.544739
65.560729,57.977917,56.839948,56.918438,57.204635,56.725729,56.721198,56.883438,56.913959,56.690469,56.973334,56.831041,56.71,56.780625,56.927031,57.015833,56.500156,56.839375,57.033073,56.794792,56.936563,56.744844,56.745677,56.917969,56.84474,56.711927,56.858437,56.777604,56.836094,56.706094
54.281458,51.845833,50.809687,50.914792,50.709063,50.737448,50.733437,50.747605,50.659947,50.790624,50.233907,50.657865,50.69375,50.704167,50.712136,50.561562,50.818854,50.460104,50.49401,50.3925,50.663802,50.41,50.734062,50.381146,50.779167,50.48474,50.947344,50.424427,50.66401,50.807708
65.411875,57.294011,56.625313,57.143334,57.233594,57.119167,57.240834,57.101667,57.282552,57.253645,57.071875,56.883906,57.179635,56.972448,57.210781,57.482136,57.109219,57.36427,57.268177,57.424531,56.897083,57.133021,57.117812,56.913281,57.021615,57.125156,57.336354,57.18125,56.845157,57.009583
40.106302,37.043229,37.928438,37.330312,37.311354,37.235678,37.652135,37.453802,37.454739,37.254271,37.311146,37.315625,37.061198,37.250104,37.00901,37.015573,37.193125,37.056406,36.656979,37.331667,37.873958,37.317031,37.526927,37.153281,37.462031,37.178542,37.615208,37.292656,37.40625,37.566354
52.514844,50.423229,51.194792,48.896822,48.899271,48.91552,48.653906,49.003907,48.892604,48.67276,48.714792,48.684063,48.90151,48.634947,48.792396,48.985938,48.818229,48.778646,48.438333,48.276771,48.822709,48.810209,48.564114,48.814635,48.495208,49.112448,48.87151,48.76625,48.589427,49.083698
52.809114,47.882969,47.871563,47.371614,46.962656,46.932448,46.715885,46.788333,47.121354,46.495416,47.702187,47.027188,46.981406,47.236042,46.880053,47.181719,46.79448,46.924427,46.968541,46.8075,46.977813,46.855885,47.16849,47.168229,46.262396,46.611458,47.51974,46.659688,46.653906,46.976979
54.381927,51.640677,50.66599,50.260208,50.615052,50.422708,50.259167,50.435417,50.631719,50.352864,50.425052,50.358177,50.248802,50.370989,50.319114,50.20224,50.351615,50.228906,50.364218,50.071303,50.340781,50.534166,50.216459,50.48125,50.705521,50.214375,50.517083,50.5075,50.305312,50.680989
52.584375,47.199271,47.632292,47.302604,47.353385,47.419011,47.155573,47.480781,47.059895,46.809636,47.258125,47.381771,47.390573,47.326511,47.763907,47.389167,46.970833,46.999792,47.1675,47.235937,47.667396,47.146667,46.855937,47.262552,47.152969,46.616042,46.82625,46.760729,47.051198,47.058386
55.625312,49.590885,49.361979,49.321615,49.416771,49.161042,49.139427,49.666927,49.170364,49.167552,49.575312,49.485521,49.675989,49.950208,49.800313,49.742448,49.641562,49.639583,49.436406,49.252396,49.745417,49.644323,49.576666,49.778229,49.448177,49.615,49.524739,49.564115,49.557396,49.534011
59.704532,55.77724,55.173958,55.496511,55.4875,55.39099,55.286146,55.412552,55.337552,55.351823,55.116198,55.859479,55.236302,55.590417,55.20125,55.889271,55.079427,55.325625,55.565104,55.534115,54.916667,55.248855,55.300417,55.202812,55.173542,55.078646,55.456406,54.982032,55.058958,55.515937
39.819375,34.172135,34.653906,34.984218,34.56625,34.290156,34.254219,34.137343,34.213906,34.520156,34.303698,34.419896,34.18901,34.248594,34.284636,33.979948,34.405625,34.21151,34.226094,34.443438,34.164114,34.357604,34.409427,34.176614,34.212135,33.907292,34.138802,34.425417,34.097865,34.302813
62.946094,55.021979,54.38875,54.932344,55.025573,55.172031,54.941406,55.440782,55.163021,55.057135,55.168541,54.835365,55.160781,55.283489,54.888802,55.094427,55.217136,54.96125,54.903073,55.02151,55.171093,55.306771,55.413281,55.302552,55.28901,55.308229,54.955312,54.950729,54.826094,54.823438
49.623385,44.073282,44.760104,45.355469,44.776354,44.581406,44.258594,43.986615,44.238958,45.019062,44.635312,44.813438,44.589896,44.331146,44.051615,44.266875,44.372239,43.735208,44.33276,44.214323,44.350364,44.578438,44.747187,44.279011,43.889739,44.070312,44.110885,44.426615,44.976355,44.494583
51.691615,46.627083,45.961406,46.616302,46.669636,46.714688,46.325573,46.686563,46.601666,46.260729,46.784375,46.892657,46.400416,46.489896,46.871511,46.117448,46.71776,46.68099,46.462396,46.30901,46.370156,46.178854,46.754532,46.548177,46.25026,46.789635,46.449792,46.35599,47.21099,46.506042
43.423854,40.675833,40.516823,39.092552,38.43875,38.403021,38.235573,38.674271,39.000885,38.91526,38.842812,38.905937,39.127708,38.996615,39.200625,39.179896,39.231875,39.419271,39.155052,39.280521,39.117917,39.157447,38.717656,38.672604,39.158646,38.929844,39.064739,38.867291,38.948125,38.926407
62.129323,60.530937,59.930729,59.725677,59.618906,59.587187,59.351615,59.774323,59.489427,59.808646,59.458177,59.582291,59.62599,59.632552,59.141302,59.420208,59.321354,59.523906,59.307136,59.424844,59.732812,59.776302,59.606458,59.781511,59.818437,59.840677,59.775,59.380364,58.961875,59.542968
11.58099,9.645364,9.077343,8.845781,8.704531,8.571354,8.766666,8.735625,8.67724,8.693906,9.036198,8.693021,8.774323,8.80651,8.601823,8.794323,8.742917,8.777448,8.716406,8.777552,8.66401,8.655365,8.697552,8.698542,8.681927,8.863854,8.63875,8.735,8.872865,8.743802
17.758021,16.99375,16.07875,16.048959,16.265833,16.707656,16.102969,16.195052,16.118021,16.057604,16.038646,16.096511,16.067084,16.197604,16.051823,16.218177,16.201771,16.027865,16.251302,16.588646,16.173803,16.022916,16.0525,16.144011,16.138385,15.986198,16.120625,15.998698,16.028177,16.211875
28.409947,24.337187,24.031407,24.51625,23.882448,24.164635,24.075157,24.093854,24.036875,23.977083,24.235261,24.142448,24.024063,24.043386,23.979635,24.187084,24.023229,23.973073,24.100989,24.466094,24.1225,24.121146,24.07,23.947448,24.705781,24.038229,24.105677,24.074167,23.976198,24.099688
36.970521,32.2825,32.730052,33.041041,32.579218,32.442031,32.460573,32.745104,32.436302,32.628854,32.474531,32.348281,32.283334,32.183854,32.143906,32.170468,32.384896,32.386823,32.726667,32.640833,32.241562,32.014062,32.344531,32.16974,32.242864,32.219115,32.227657,32.217864,32.482344,32.411979
45.939375,38.768854,38.413593,38.38724,38.019062,37.896771,38.152968,38.074531,38.048542,38.28151,38.334427,38.675572,38.871666,38.360573,38.45401,38.234479,38.427968,38.176093,38.319114,38.46151,38.049271,38.609323,37.635365,37.763959,37.867031,38.202812,38.418229,38.310313,38.442031,38.528802
42.625104,40.68651,41.913489,40.753645,41.016718,40.895677,40.609531,40.480104,40.350157,40.138177,40.088281,40.562552,40.443333,40.234427,40.572031,40.307969,40.443645,40.520625,40.616303,40.446979,40.404739,40.347604,40.358594,40.048802,40.232968,40.856302,40.576718,40.264427,40.43526,40.37552
50.911666,45.731979,45.183802,45.493438,45.630938,45.532136,45.797709,45.590052,45.358646,44.958125,45.678959,45.549115,45.873281,45.905417,45.566041,45.244427,45.240104,49.934584,44.957031,44.95276,45.520417,45.001041,45.195885,45.328698,45.521823,45.608073,45.647187,45.850938,45.341198,44.629687
49.402761,43.830261,43.769636,43.526718,43.896719,42.081354,40.61,39.800781,39.872447,39.718125,39.89125,39.781875,39.785937,39.819375,39.653281,39.735468,39.642969,39.775416,39.831354,39.812552,39.535417,39.481614,39.723906,39.758698,39.947605,39.807813,39.466718,39.828958,39.878906,39.826979
72.206406,64.830573,64.54849,64.637969,63.88599,64.595625,64.64026,64.957917,64.267552,63.906771,63.919375,63.89875,64.342031,63.58526,63.846927,63.821042,63.813802,63.962396,63.874219,64.15776,64.329062,63.925885,63.861927,64.176354,64.49849,63.885833,63.980365,63.872135,63.602188,64.479115
21.730625,17.377917,17.226042,17.403177,18.48849,18.363541,17.56599,17.755677,17.385156,17.87349,17.597448,17.510417,17.703229,17.508646,17.809531,17.509584,17.650886,17.366823,17.755729,17.532812,17.538385,17.211511,17.386823,17.591875,17.520157,17.501093,17.484011,17.471666,17.881093,17.471927
35.094114,30.983229,32.076198,30.7825,30.925365,30.949375,30.861667,31.148177,30.851927,30.893281,31.016614,31.003125,31.253177,31.148698,30.780781,30.84875,31.233646,31.043021,30.806979,30.698177,31.090989,30.992813,30.895937,30.715156,30.95625,31.064063,31.156302,30.755365,30.654479,31.057709
37.251667,36.684167,37.056355,36.823281,36.41151,36.556458,36.521771,36.440208,36.278802,36.125312,36.056302,35.917448,36.030781,35.920729,36.297604,36.792969,36.405,36.360313,36.417865,36.102083,36.350469,36.127761,35.93401,36.329323,36.645312,36.465833,36.631614,36.57776,36.144791,36.073698
58.340208,54.160886,52.879114,52.612344,52.4325,52.222708,52.253802,52.722448,53.141562,52.854792,53.077604,52.323073,54.035,53.347395,52.638541,52.508958,52.66375,52.386511,52.843178,52.671771,52.609792,52.452187,52.777969,52.932136,52.540312,52.476771,52.577292,52.831562,52.466927,52.3675
48.08724,41.728281,41.800729,41.565104,41.578281,42.198542,43.148854,42.346563,41.394115,41.433281,41.432916,41.375625,41.43823,41.57875,41.508333,41.440677,41.422812,41.479479,41.465261,41.496146,41.621823,41.493229,41.625677,41.494271,41.46224,41.671823,41.460261,41.554062,41.288437,41.529323
32.536406,24.366146,24.34052,24.957136,24.493594,24.494219,24.853125,24.565416,24.932187,24.515886,24.595729,24.928906,24.933645,24.853906,24.504167,24.774166,24.786875,24.673907,24.584114,24.515781,24.552344,24.938854,24.790209,25.6325,24.594219,24.999896,24.847812,24.685625,24.46901,25.063854
34.486823,33.115157,33.060885,32.920417,33.246719,32.774271,32.941041,32.915625,33.074688,32.9675,32.85948,32.869792,32.880781,33.107865,32.787291,32.903229,32.803437,32.897448,32.795781,33.107917,33.080417,32.87599,32.895573,32.785365,33.177187,32.813281,32.987031,32.938385,32.873073,32.91401
26.722448,18.897396,18.787708,18.568438,19.016979,18.680052,18.687968,18.630469,18.754896,18.493282,18.65125,18.608073,18.708385,18.62651,18.518177,18.626458,18.726615,18.568959,18.546198,18.619271,18.636823,18.686041,18.693229,18.658802,18.604427,18.544531,18.622448,18.693229,18.672657,18.609479
10.552708,9.845,9.616302,9.480729,9.473854,9.616979,9.410261,9.632344,9.461093,9.953645,9.562396,9.51099,9.59375,9.457291,9.555678,9.620625,9.501146,9.609219,9.49849,9.404323,9.417761,9.495781,9.568386,9.456354,9.628385,9.615573,9.578385,9.543021,9.574792,9.552188
113.35776,103.778073,104.13026,103.264219,103.638959,103.918958,103.381041,103.159948,103.587656,103.012605,103.366406,104.406563,103.172865,103.063177,103.555937,103.265417,103.341771,102.761146,102.539583,103.565104,103.10573,103.441355,103.388698,103.455261,103.680781,103.332031,103.156771,104.200573,103.850365,102.697969
185.031042,175.497083,174.479791,173.61599,174.645,174.353958,174.600885,174.141875,175.00776,174.0075,175.184011,174.269792,174.930156,174.94375,175.1925,174.461145,174.699479,173.974271,175.063489,173.131354,174.351563,172.986615,172.640104,174.549271,175.415312,175.767552,174.32724,174.88474,174.176406,174.931927
238.935365,227.59125,228.419375,227.49375,227.58276,227.386823,228.166041,226.896354,229.734635,228.04526,227.260209,226.20927,227.700677,227.350677,226.735312,227.873489,226.973542,226.998333,226.702917,226.243698,227.833907,226.448177,231.36224,226.759635,231.318646,229.025312,227.308437,228.339375,227.408385,226.403437
415.677709,399.168229,397.286667,396.372656,402.985521,395.515156,396.193333,398.37901,400.887031,398.819688,399.869531,399.193698,395.971354,401.754323,400.887083,396.625937,398.307708,400.196771,397.095886,399.269479,398.574062,400.694532,399.687344,399.779167,399.025989,396.574896,402.527083,397.945781,397.913958,404.752343
