76.527577,36.701461,34.974077,35.411423,36.087077,40.828808,38.914615,39.348307,34.859731,34.342807,35.099615,40.319423,34.885423,37.7155,35.819807,36.009423,35.658923,33.996038,34.316769,34.137461,34.134116,33.834962,33.731423,34.741616,33.443077,34.141077,34.385846,33.372038,33.882116,33.557231
26.3925,19.694193,19.227692,19.125,18.668731,18.756885,19.032692,19.326577,19.004076,18.900308,18.856038,18.812384,19.31123,19.111269,18.872577,19.141654,19.397846,18.877846,19.762576,19.202269,19.255846,18.768269,18.890038,19.065846,19.033039,19.26777,19.237384,19.21223,19.198038,19.686231
49.235885,43.428115,42.752846,42.555154,42.872423,42.748385,41.597847,42.615923,42.478577,43.182654,42.197038,42.833692,42.83023,42.932308,42.942346,42.002,42.829076,43.603462,43.16373,42.372,42.550962,42.433154,43.813077,42.422846,43.296654,43.058192,41.818308,42.350615,42.266846,42.799539
38.120039,37.985423,38.244346,37.264116,37.469885,37.474039,36.840539,36.981193,37.265884,37.541884,37.258384,37.82477,37.231577,37.017231,37.528077,33.539885,37.562846,36.823231,37.094461,37.779846,36.281615,36.766269,36.757423,36.334884,37.062576,37.198,35.864577,36.37327,36.639808,36.132692
54.208116,23.443039,23.099384,22.969231,23.421653,23.162538,22.958154,22.719,23.109846,23.467423,22.301269,21.212576,21.212654,21.314461,22.221884,22.6645,22.928961,21.274846,20.861308,20.930154,21.457192,21.917653,22.843346,22.922653,22.8665,22.887385,23.010731,23.029923,22.099077,21.694808
19.104693,19.218616,18.587153,18.629654,19.317154,19.096577,18.594461,18.241692,18.4575,18.413038,18.370923,18.505346,18.377654,19.1725,18.486846,18.694154,18.801384,18.832076,18.654461,17.575654,17.924654,18.258693,18.729269,19.106231,18.582539,18.521885,18.782577,18.1095,18.449577,18.591308
41.765577,37.310962,37.69123,37.303038,38.172654,37.516423,35.139961,34.943346,35.819616,37.613577,38.254923,37.517423,38.068307,37.700539,37.202461,38.369154,37.549654,37.947807,37.692847,37.502769,36.077846,36.355,37.875308,37.555961,37.000847,35.248692,37.70527,36.721731,34.915423,35.221
43.797615,35.793308,35.861384,35.218577,35.055346,35.430846,35.640615,34.774846,35.975423,36.197769,35.667385,35.379346,36.004769,35.935269,35.719077,35.913269,35.569231,36.520153,34.627153,35.969385,35.698462,35.388884,34.215808,33.018846,33.382269,34.543884,35.586,36.361577,34.056538,32.868462
28.0385,21.976077,21.768731,21.623,20.963231,21.1675,21.326,20.834885,20.23527,19.765615,19.987462,21.727462,20.593539,20.815,20.957038,20.602231,19.744192,19.740154,19.429423,19.753347,18.915269,19.841846,19.967231,19.486462,19.460308,19.281269,19.166423,19.093577,20.134769,18.836385
24.255615,21.329884,20.439307,20.989192,20.593384,21.723308,21.662115,20.074693,21.179692,20.559846,20.347692,20.866692,20.993115,21.194346,20.778769,22.387192,22.371885,22.528115,22.695538,22.038731,22.217154,22.201385,22.937269,22.792884,22.913269,22.758423,22.459961,23.373616,23.61123,22.675462
41.5885,41.432615,41.255923,41.096384,41.224923,41.081884,40.892154,41.195654,41.388808,40.920076,40.197,41.066115,42.150231,40.9995,41.100038,40.247308,40.278423,40.590538,40.661231,40.133769,39.791731,40.503038,40.593,40.258692,40.856385,40.6605,40.400385,40.594654,40.524308,41.523192
45.689347,37.690654,37.024999,37.348,36.5895,36.488462,36.592,37.266846,37.346193,39.79873,36.951539,36.826154,36.489385,36.346193,36.499231,36.536461,36.907423,36.783808,36.556154,36.684693,37.114847,37.151346,37.460231,37.36127,36.930538,36.638153,36.757538,36.760769,36.848077,37.220039
43.787846,39.380577,36.304308,36.426385,38.200193,37.200962,36.372346,38.083924,37.672,35.724884,37.159423,37.291192,36.309077,37.705308,38.026577,35.992231,36.008,34.391769,33.282308,36.287269,38.310692,36.686692,37.28,35.997461,33.28677,33.828346,33.270307,33.135846,34.035193,34.44673
36.875885,37.238115,38.675231,36.748808,38.680038,36.896384,38.793231,38.855615,39.708846,38.274385,36.262884,36.863962,37.181115,36.348577,37.682885,40.770153,39.369192,41.942231,37.864616,41.638692,38.318346,37.674538,40.103039,41.784385,39.776154,42.449462,39.946462,41.468884,39.880692,40.833192
40.542116,33.164807,33.03427,33.097846,32.924423,32.578039,32.920038,33.392115,33.193115,32.805076,32.566692,33.186269,32.757308,33.388923,32.749038,32.696346,32.415769,32.666577,33.254269,33.624692,32.804962,32.93327,32.644846,33.076384,32.971692,32.582923,33.810769,33.418115,31.702577,33.493577
40.046423,36.138692,36.978077,39.444307,37.676923,38.643154,39.090154,36.775423,39.130692,39.116884,38.761461,40.192116,37.956308,37.039039,36.935807,35.619,36.653153,36.661346,36.671347,36.362807,38.1675,39.171462,39.658154,38.689038,39.107885,38.478962,39.09877,40.038077,39.806193,40.550731
51.808077,46.16777,45.830461,45.838231,45.594692,45.789961,45.862346,44.997308,45.365769,45.998962,46.356192,44.957461,46.117385,44.751308,46.262116,44.467692,45.485384,46.170385,45.572808,44.797,45.230115,45.377462,46.047077,45.502039,45.171654,45.262654,45.143808,44.980539,45.251423,45.369846
43.272423,32.011,32.291539,32.220616,32.544847,32.181423,32.059808,32.882962,32.726269,33.667654,33.403577,33.943616,32.8195,32.293615,32.585347,32.626999,32.269923,32.867539,32.452384,36.574538,32.627038,33.085269,32.656692,32.045461,32.632,31.9155,32.561192,32.100808,32.463577,32.372192
37.996039,36.818692,37.016654,36.7355,36.769115,37.516385,37.308461,37.223962,36.683923,37.333192,37.11,37.392769,37.242807,37.074423,37.463115,36.990807,37.505077,37.310462,37.696116,37.261654,36.994,37.301769,36.3845,37.178538,37.137769,36.955307,37.519654,37.272346,37.665808,36.910654
42.320231,36.3705,36.707923,36.6165,36.323961,36.399154,36.214808,35.947808,36.032808,36.510269,36.621077,35.9825,37.606962,40.395885,38.179231,38.482269,37.633961,36.899615,36.569308,41.350231,40.687423,39.040769,36.588692,37.28273,36.496654,36.199539,37.493577,36.424923,35.001308,34.643269
23.10173,23.963308,24.685193,24.442693,24.656385,24.672538,23.334423,22.942539,22.617038,22.81123,23.006539,22.525115,24.637807,24.498346,24.833153,24.739192,24.5205,24.708385,25.060153,24.291193,24.281038,24.690924,24.950616,24.898961,25.061231,24.514154,25.255,24.554654,24.654307,24.684577
49.837847,44.077654,43.950384,43.623539,43.965731,44.073885,44.506423,44.457,44.316961,43.272038,44.171346,43.899577,42.663384,40.673923,41.171307,44.335,44.273423,43.910192,44.000192,44.464077,42.84023,44.698347,43.008807,44.075307,43.016808,41.987423,40.610116,42.619385,43.709923,44.908884
53.118654,38.544,40.170692,38.628654,39.024462,39.740654,39.744538,40.100231,39.585423,39.049923,38.155807,38.648847,39.165615,39.153692,39.047462,39.475385,39.268807,38.976615,39.065384,39.230231,38.714692,38.663577,38.850462,38.482923,38.798346,38.929269,38.287077,38.88177,38.602923,39.29323
37.990961,34.687231,34.534692,34.450077,34.724654,33.898462,34.647808,34.846346,34.879346,34.200231,33.839962,33.744308,33.632307,34.323577,33.743192,33.964385,33.358192,34.325461,33.285308,34.252692,34.392769,34.427384,34.163384,34.944808,34.135077,33.585846,34.083961,32.993576,33.437423,34.235461
29.248769,22.642923,22.639615,22.261693,23.398653,22.723923,22.761462,22.70377,22.654154,22.809231,22.463154,22.524423,22.118846,22.96373,22.249423,22.611884,22.351462,22.3955,22.589846,22.407038,22.444385,22.102077,22.380884,22.233962,22.863192,22.2455,22.709769,22.339654,22.2375,22.252385
38.116269,35.424962,35.617538,35.178308,35.41873,36.059539,35.737038,36.123423,35.715538,35.476192,35.956769,35.850269,36.239,36.140731,35.669038,35.817769,35.772,35.759385,35.359808,35.999192,35.587885,35.394769,35.49,35.5665,35.011231,38.123307,35.490154,35.834616,35.57,35.965115
44.453154,39.512577,38.429846,38.668692,39.589115,39.101885,38.944384,38.683269,39.072577,38.421769,38.438923,38.56873,38.871384,38.855385,39.039577,39.109346,39.308885,39.401077,39.714308,39.516423,39.298693,39.067577,38.849346,38.243193,38.914461,38.7475,38.942538,36.045423,36.416654,38.326385
49.265192,36.538269,36.581192,35.906731,36.405269,36.133461,35.632923,33.628038,33.949693,35.702731,35.704654,36.263192,34.298577,33.640346,33.621269,36.492808,36.033346,33.523308,33.487307,33.47,33.6985,36.13677,36.318538,34.2125,33.817731,34.813885,36.436769,34.205423,32.989154,33.334461
26.789038,20.511923,23.485846,21.112654,22.591077,22.887154,20.884923,23.079192,20.779846,23.312077,21.307077,23.702462,21.892961,24.195,21.119154,23.272769,20.653346,23.351654,22.669193,21.510962,22.808846,21.024,23.147115,20.746962,22.991654,20.925923,23.880346,23.190538,22.311539,23.779077
48.651923,42.053269,41.676423,41.134693,41.658615,41.412539,40.959461,41.386153,41.031692,41.469347,40.91073,41.005769,40.556923,40.932308,40.925346,40.912808,41.466423,40.928346,40.28727,41.386769,40.672692,41.356,41.236308,40.713653,41.023269,41.034308,40.704577,41.299885,41.013923,41.242808
26.417077,24.829692,24.337577,24.760769,24.129577,24.854577,24.545615,24.396423,24.269692,24.429693,24.306231,23.806577,24.296039,24.224769,24.440539,24.399385,24.797076,23.973077,23.976077,24.706577,24.282038,24.437616,24.028693,23.855692,24.152808,23.980039,24.096153,23.819116,23.968038,23.981616
31.221962,22.729039,22.792731,22.882654,22.548154,23.055577,22.520154,22.830423,22.637308,22.928769,22.4555,23.111577,22.687577,22.587269,22.398039,22.298,23.066654,22.528269,22.956692,22.51173,22.737962,22.663154,22.533308,22.678269,22.633923,22.783231,22.215385,22.561,22.451615,23.040461
50.779808,36.723269,36.634846,36.586577,36.824616,36.000192,35.694193,33.219885,36.167424,35.456116,36.582038,34.565962,34.876769,36.201731,33.829,33.498423,33.776038,36.406885,36.265538,36.502231,34.841154,32.714923,33.785654,36.501192,36.699423,36.216615,33.794153,36.451347,36.619462,35.977462
156.901808,140.11923,138.886577,142.026308,139.205308,145.039616,137.369,143.075962,144.336538,146.953923,146.360038,146.170346,146.860154,145.460154,146.894423,146.814538,144.584038,146.593116,144.043231,144.266269,146.909077,149.682039,149.87273,149.815885,149.343,149.720692,149.203,149.947962,148.815885,149.721269
169.736308,157.054153,158.759885,156.171808,157.199923,160.427384,156.851807,155.846846,156.690038,157.333308,156.742884,157.041769,156.445807,157.387846,156.557654,157.226192,157.203038,156.130269,156.232846,155.495461,157.369885,154.767808,157.324885,168.003769,164.304193,164.467308,160.855769,154.9165,155.660539,155.983538
120.242692,117.269885,117.325692,114.544539,117.890423,117.438654,119.296846,120.627462,119.807231,120.322423,120.024576,119.752885,120.341577,119.751039,120.9165,120.391846,119.578692,120.351461,119.557346,116.961116,116.98477,116.898039,117.295692,117.0125,120.8735,117.361,117.592308,117.845423,117.706692,120.942808
170.928654,156.903269,161.050923,157.723538,157.27077,159.666615,159.962,158.968692,155.397077,159.192885,160.066538,160.197,159.762346,157.047,158.277884,158.982923,157.205923,156.604308,159.631077,156.204307,156.63577,156.112077,156.618423,159.295577,156.521615,162.48323,164.661423,163.741,164.706153,163.999231
98.95773,85.858462,84.422615,84.531692,84.611654,84.748499,84.889807,84.420192,85.415423,84.112654,82.791577,82.099462,81.195423,81.729346,81.79623,83.759923,81.182808,81.2625,82.408846,81.766154,82.384884,82.02327,82.974692,82.334,81.035577,80.638807,81.698192,81.769846,82.240116,82.353769
156.706308,149.020615,147.269346,147.363538,147.671077,148.6095,147.564808,150.653038,148.159923,148.443269,148.551692,148.142,148.031807,147.713885,147.779654,144.71923,146.524307,147.570577,145.009846,147.759384,148.029769,148.317846,148.63073,149.104962,148.957115,151.920269,152.261346,151.562692,152.624654,152.978462
148.068884,138.404269,138.511999,138.117539,138.907808,136.104423,134.277846,139.282461,135.704693,135.372385,135.870538,135.01323,135.795653,135.706076,135.559692,136.897077,134.582153,135.511423,135.211076,134.208385,135.3975,135.804385,135.051423,135.378462,134.782231,135.120808,134.694038,135.372192,135.249846,135.037616
121.850231,118.362423,118.384577,118.455038,119.967885,118.871769,119.390346,118.431384,118.715692,118.142769,118.385115,118.770115,118.467115,117.184616,118.624654,118.286385,118.431,121.919154,121.205462,119.949615,120.674077,120.955154,121.452923,121.080038,121.489769,121.020077,120.96723,121.498731,121.012153,120.715846
167.444885,156.165,157.80477,155.389192,156.527808,156.73973,155.528308,156.326038,155.907423,156.700654,156.495115,155.883884,155.31523,155.96773,156.688154,156.892731,155.6975,155.512269,156.324961,155.703115,156.066423,156.773346,156.567884,156.148269,155.707384,155.504808,156.513615,157.004154,156.152577,156.094076
165.209962,147.096769,146.742385,146.7385,147.789347,150.787423,149.911384,150.6735,149.438423,150.374423,155.632385,150.559231,149.262885,150.434961,147.840769,147.5905,147.193769,146.222654,147.323847,146.510154,147.279653,146.493461,146.57723,146.972346,146.708346,147.390654,146.535154,149.419115,147.278384,147.241731
174.448807,162.096154,162.012076,162.167538,161.852385,162.33073,163.586154,163.435346,161.614154,162.580692,162.129539,161.902307,163.314115,161.420461,162.125846,161.311539,162.595039,163.122538,162.423192,166.053231,166.658192,167.188653,166.404769,167.80577,167.186269,166.300347,166.043961,166.122462,163.996038,163.111
116.957154,112.737499,108.896692,108.815384,108.857192,110.027307,109.0535,109.111769,108.568385,109.224346,109.229653,108.882,109.110269,108.828923,109.007116,109.083077,109.598039,108.423269,109.282154,109.732693,109.0805,109.938423,108.946731,108.849539,109.307192,108.422116,108.601231,108.524962,110.076769,109.12327
68.051231,65.410461,66.448,65.162846,66.158423,65.989884,65.52327,65.409307,65.888731,65.126423,66.321116,65.254615,66.00077,65.125577,65.646846,65.292731,65.406499,65.849231,65.610462,66.091807,65.205923,65.730154,64.829615,66.397692,65.689231,66.026961,65.44073,65.6895,66.974769,66.595269
124.520231,116.767115,116.817539,116.557615,116.32427,116.123615,116.132654,116.187384,116.035077,116.460539,114.520192,113.946461,113.425039,115.530539,113.150769,113.385154,113.313961,112.986692,112.647461,113.177885,113.405077,113.0675,112.762,112.849269,112.677654,113.109885,113.747538,112.690307,112.257539,113.158538
161.444538,141.124616,142.423385,141.557616,140.8355,141.705385,141.388462,141.352077,141.357077,141.50773,141.317231,141.574231,140.531308,141.7685,141.693308,141.807577,142.3395,142.016846,141.191962,142.014962,139.876038,141.186577,143.195346,144.519846,144.735154,143.192961,147.443692,144.323193,145.205769,143.557308
117.576385,107.94123,107.529423,106.051846,108.67577,104.746923,104.932116,105.018,104.819577,105.163,105.447885,104.998192,105.487769,104.190039,104.645961,104.351385,104.575731,99.829731,101.206269,97.232115,101.170346,97.251154,96.837577,97.773577,96.843192,96.936269,101.652654,97.3085,97.557884,97.512385
89.260961,82.464385,82.093923,81.379038,82.404385,82.540616,83.433193,82.117615,81.796,81.829461,81.832154,81.911077,83.345731,82.132115,81.65223,82.272192,82.044385,82.559731,82.503346,82.072154,81.452807,81.684884,81.689847,81.876116,82.410308,82.439308,83.29973,81.960654,82.988616,82.030616
115.920039,112.772346,116.761807,116.094731,116.795885,116.784307,117.186384,116.847884,117.071384,116.847346,116.180539,115.663154,116.343461,116.628807,117.795576,113.372231,112.212577,113.305077,115.835077,112.470384,112.205577,111.427231,112.563153,112.499192,113.113884,112.4355,112.751346,113.089461,111.994962,112.607692
159.609115,150.26573,150.787885,151.731846,151.308615,151.285269,150.978,150.476077,150.543269,152.594923,152.140961,151.160884,151.198846,151.799615,150.223693,149.781731,149.423307,149.844808,151.020154,149.832461,150.942154,151.015769,150.045539,151.704308,154.481307,154.369307,154.243077,155.259693,153.787538,153.620923
126.52473,115.113884,115.823,112.068577,113.231961,115.1665,112.627193,112.675846,111.479769,111.453885,111.654538,113.070115,112.241576,111.87173,112.684654,111.756462,112.528693,112.346423,111.869308,112.186577,111.128307,112.237038,112.643961,113.043769,112.196115,112.222038,112.209499,111.659269,112.119961,112.145192
97.988423,90.724615,89.340038,88.504961,90.352076,89.510154,88.234385,88.492808,90.145423,89.761423,88.9705,90.368462,90.575923,89.195,88.971653,89.497499,89.814462,89.006346,90.726308,88.705385,88.643,89.778654,90.158769,89.269231,89.344884,89.148462,91.128153,93.127269,92.158539,92.593577
162.226615,151.790116,152.286038,151.449307,151.891884,153.425384,148.958769,147.859808,147.104385,147.699538,150.689461,146.483,150.284923,151.790038,147.856115,147.601384,148.401115,147.213385,147.402346,150.736,147.551269,147.074961,147.851577,147.770077,147.103731,146.857539,147.664692,147.067192,148.837231,147.563308
165.573962,155.769846,156.248577,156.382077,155.451692,155.107192,155.802192,156.169538,154.671307,156.181923,154.981077,155.910577,161.682654,163.251231,162.834192,162.135808,162.481538,161.9835,161.904808,161.725538,161.707769,159.505847,159.129423,159.865423,159.442077,160.831692,160.338231,157.887923,158.995462,160.024077
80.091731,73.885693,75.215577,75.151116,74.163461,74.949461,75.231846,74.671038,74.627346,74.305769,74.280885,74.076,74.033077,74.500231,73.231808,81.787654,85.404538,85.862,85.153538,85.882807,85.085269,84.622192,84.906,86.875269,85.020769,85.570654,85.236269,86.5655,84.317576,84.970615
95.045731,80.923153,80.348923,81.180231,80.702308,79.939269,80.367462,80.497961,80.348423,80.705654,80.506384,81.134039,80.273731,80.59827,80.257231,81.331269,80.816577,87.2675,80.551731,83.388846,83.755462,84.666539,82.568153,82.867039,84.569385,84.233039,84.057384,83.605846,82.913692,83.123154
182.865,173.200308,171.0165,171.775116,172.582076,168.741885,168.211116,168.755192,167.391346,166.224731,167.400385,167.832423,166.805077,166.565154,167.79373,166.782539,166.1645,167.172346,167.781154,167.099577,165.787384,168.271154,169.250193,167.417423,165.754654,167.744654,167.392346,169.474923,165.03023,166.315038
173.753961,160.443461,160.821193,161.101576,159.806654,163.322769,164.943115,164.67823,164.007769,164.913731,164.609076,163.323615,163.507039,163.484577,160.787115,163.324231,161.079231,160.538346,162.94,161.200538,159.177808,159.103461,159.483,158.361769,159.945385,159.627654,159.878,160.06523,161.386846,160.181769
183.350115,171.136808,172.597808,172.487769,171.547154,173.791884,171.814346,172.793653,171.149962,172.923538,171.832538,171.976038,173.303153,170.924692,170.508308,171.661846,174.112539,176.422,174.708,174.782923,175.642269,174.901269,175.506846,175.551423,172.003769,172.305384,172.68273,172.982077,171.688385,170.873615
78.365616,70.078077,70.005116,69.443654,70.849769,70.711654,70.699346,70.248923,70.230577,70.724038,69.689423,70.146539,69.076692,70.887923,71.125039,70.480423,76.178115,77.753308,77.261846,77.435884,77.511115,78.962807,78.242461,79.375423,78.863769,78.543077,77.71573,78.919423,79.035923,78.160192
216.095923,202.074616,201.949385,202.750808,201.381269,201.44373,201.721731,201.71723,202.367693,204.386423,203.382384,208.207307,213.422846,208.510846,208.660077,205.611039,206.861962,206.417961,205.415154,205.358231,206.770731,208.699808,202.345077,204.564846,202.339384,202.068615,202.693038,202.144308,202.792077,205.662385
168.082384,158.845,158.199654,160.355423,156.615769,156.317807,157.569499,158.004769,157.612807,159.109461,157.925423,158.4065,156.792346,157.402346,158.222,157.466962,158.269077,159.083385,157.802308,157.723346,161.492462,160.220038,161.857346,161.466731,162.282154,163.945307,161.670922,162.247885,163.696653,161.112885
173.389538,156.978769,156.564846,156.918577,157.697192,157.582654,156.843807,157.196962,157.848885,158.252692,157.172615,156.352577,157.979115,156.125423,158.385884,159.530423,158.569923,159.329423,157.375538,158.650346,158.446038,158.59977,157.739846,158.280269,158.190884,157.929192,156.771808,155.268654,158.320077,158.546269
161.64423,160.963577,155.502115,159.388,162.611499,161.589039,161.311154,159.190038,159.856347,161.390153,163.112769,162.681923,162.22973,159.162461,159.918577,170.072576,156.622115,159.084731,159.202807,159.879923,172.897192,168.865731,169.446269,171.187423,167.013153,170.194269,172.366769,169.340692,169.831039,171.833423
182.528884,173.565385,171.775346,174.302846,170.917423,171.320154,174.390808,173.664808,173.325154,173.737192,176.844576,170.845808,171.975307,176.593538,175.067884,176.779462,181.964731,178.829269,174.615115,180.872808,181.669423,180.036231,179.6835,178.372769,176.982115,177.328423,182.488692,190.486269,174.54123,174.649692
218.788346,195.822077,197.013961,195.029922,191.894384,199.367462,198.763116,199.155153,198.280385,195.265385,196.796653,193.1505,192.301077,198.352192,198.14423,199.575269,199.414692,195.843269,199.779,195.062116,196.753153,197.814192,202.953076,200.719923,202.144115,204.521423,202.324846,203.405462,204.605462,201.259115
210.526923,197.189269,216.998346,202.627384,196.392538,193.642307,196.069538,194.415192,199.263846,200.488961,200.116962,197.576192,196.725731,194.866462,198.023423,197.806192,195.168308,202.808577,196.992807,198.655153,202.651192,196.500616,193.481423,198.29223,197.489615,199.458538,200.074462,198.909692,203.750039,206.171961
203.644193,191.045,194.480884,189.934653,186.262346,190.630731,209.271385,188.254192,188.829153,186.849462,185.233231,187.537654,189.122038,185.30727,187.291,189.824615,191.116692,189.7105,187.376769,188.259077,189.845961,186.949846,184.12173,189.53673,189.30373,188.339077,188.838846,188.648885,190.652923,188.13873
172.996576,170.360615,170.424615,174.711577,174.816153,175.449,173.393769,173.777692,174.28427,174.677115,174.525769,172.147769,181.62527,171.709307,166.148769,167.607346,166.706384,166.979577,165.918,162.993615,167.999154,166.052384,165.703846,165.503499,164.08623,167.445846,166.631462,164.4035,166.105116,165.159384
223.681692,214.7195,214.274999,214.064653,214.378346,214.624499,214.282731,213.930961,213.820231,216.217539,220.421,222.54,221.506884,222.559154,220.673384,222.242923,221.751,214.765539,213.648231,215.356462,233.285423,213.593115,212.894308,213.979769,215.495961,213.532539,214.484539,212.903039,215.805577,214.791384
158.539231,140.658923,139.646846,140.624654,141.031654,141.468499,141.334193,142.147885,140.784192,141.941807,140.386153,141.238192,139.868269,140.171615,141.245115,140.435385,142.859769,141.143231,140.741846,149.362077,147.024192,153.414731,146.629846,146.414962,145.253346,145.360192,145.0465,148.631923,145.164538,141.257731
234.074692,242.592616,223.704653,220.107038,222.294154,219.863884,224.6635,220.069154,222.478923,220.898499,223.595461,221.083615,223.307192,220.876,222.949038,220.463308,221.58773,220.851154,221.561423,221.596616,221.603807,220.814461,220.099692,228.618384,229.166384,228.362846,228.330616,230.013231,226.149769,224.333846
228.136692,229.565807,211.845846,213.756384,212.860962,213.771423,212.085154,213.335346,214.201576,213.729153,214.230346,214.010269,214.432884,211.921807,211.349653,212.368962,213.214692,214.957422,213.796346,214.566962,212.968038,210.902499,212.323346,213.284692,220.203731,218.012038,219.2765,221.637154,219.406654,218.617615
227.442192,222.29427,231.068885,219.35173,219.027385,217.177846,219.025077,219.64473,218.541461,218.474654,220.228039,218.597038,217.947615,217.696346,219.286115,218.228423,217.366539,218.085884,217.684576,218.411731,218.779807,217.5515,219.328692,216.686616,217.614308,225.558962,224.158461,223.987269,214.225577,153.3475
94.620654,92.749692,92.431307,90.503923,86.060038,84.129385,83.322346,84.644962,83.111115,82.942308,84.033539,83.535807,82.937038,82.638038,82.218038,83.135846,84.276731,84.225192,82.795692,82.906077,82.970307,83.535385,83.400308,83.819615,83.111269,83.205308,82.697846,82.375692,82.706654,83.230731
138.164654,122.323,123.502423,122.813616,123.932769,123.046308,123.069077,122.223192,122.583115,123.140731,123.455961,122.454692,124.002923,123.222769,122.834077,122.821423,123.981385,122.635,123.852,122.927,127.829385,122.329077,123.175423,122.037653,122.388193,123.482423,125.738423,126.012654,126.282192,127.210154
176.049038,167.090077,166.445076,166.685577,166.360154,163.016846,163.029384,160.890846,165.46877,162.920192,161.789885,162.157962,162.778269,164.008116,161.996692,163.110231,162.606423,162.070384,162.181961,162.3995,162.569692,161.893962,162.644999,163.121885,162.165846,162.03,162.348923,163.194615,163.731923,162.867269
155.700577,147.220923,146.093192,145.851423,146.431269,146.343769,146.840923,147.418385,150.539116,151.446884,151.489616,151.10173,151.393577,151.1695,150.455654,150.496962,150.654076,147.901654,147.495846,147.233615,147.220731,146.428115,146.719192,146.102153,147.095923,147.204885,145.743846,146.189384,147.163769,146.838192
140.155038,134.830076,132.316923,134.217423,133.114654,132.807384,134.482731,132.168346,135.356962,131.653307,132.710308,134.936538,131.816846,134.764039,131.456231,132.895576,133.676923,132.079769,135.182846,132.082885,135.474577,132.387269,132.684961,134.946307,132.366693,134.124923,134.102846,135.081961,138.521423,135.774962
100.024847,91.679,92.302039,93.592692,90.8645,90.940462,91.421038,91.290616,89.696692,89.012692,90.443807,88.832154,88.402192,89.053269,89.126884,88.684308,88.306115,89.028423,88.473462,88.946692,88.036538,87.866,88.455923,88.450269,87.962,88.346,89.098615,88.351615,88.345038,88.454423
160.030231,146.087153,145.565654,146.063346,145.460115,146.218269,146.519154,145.602962,146.2445,145.739923,150.523231,145.703846,145.985962,145.81923,146.127461,146.065846,145.586846,145.963154,144.676885,145.499692,146.077808,146.070423,145.677885,146.408,150.534423,149.4955,149.857346,150.9235,150.257923,150.425769
117.318884,111.420077,110.953231,110.954577,108.366461,108.765115,108.014423,108.464923,109.112308,109.358346,108.401462,108.203038,108.21873,108.538654,108.577962,108.500077,108.25473,108.257308,108.646615,108.693653,109.028962,108.748269,107.963461,108.028308,108.7825,108.4265,107.417577,109.090731,108.44323,107.924346
177.345462,166.802423,167.328539,167.109999,167.705231,167.162846,166.6745,167.939192,167.546846,167.037731,167.916346,167.646269,168.334423,167.084807,167.638692,172.140346,172.129384,172.073423,171.963192,172.305039,172.270807,172.042384,168.849308,166.393538,170.273462,167.703884,166.565615,167.674038,167.872538,166.657577
101.091038,96.015154,97.62623,96.532962,97.006,96.277423,97.114269,97.622231,97.479654,96.428962,96.9995,96.873038,97.615346,96.617731,97.468808,97.163539,97.362846,96.752423,97.130231,96.233,97.312193,96.445038,97.334346,96.062346,97.362654,96.207846,96.78923,97.140962,97.963038,96.800038
175.548615,164.628769,164.573962,165.400885,164.928423,164.629346,164.670346,167.141692,168.9485,168.855077,168.75223,169.432615,168.500346,167.915038,168.380077,166.336423,165.289731,164.628308,165.190538,165.886769,164.854423,164.192346,165.213731,163.934923,165.825115,165.51673,166.034423,164.347423,165.804154,165.1335
81.858269,69.1375,69.529462,69.618692,69.674846,69.754846,69.651846,69.614193,69.819693,69.051577,69.0805,70.663,69.622384,69.192346,69.357077,69.279961,69.039385,69.340076,69.010769,69.527923,69.111461,69.187539,69.626807,69.602615,69.092461,69.424,70.139154,69.42423,69.352961,69.3565
106.180346,100.770154,98.5905,99.641769,98.741769,100.603577,99.629962,101.152385,102.482577,102.406346,102.180038,102.809615,102.819384,102.551885,102.187961,102.950846,102.230885,103.012769,102.369269,102.687923,101.038269,102.018154,99.68323,98.587308,100.199692,99.328423,101.423116,99.230231,99.865,99.3605
109.817884,102.246847,104.049461,104.170269,101.926,106.034,102.843346,105.109192,104.069807,102.660884,104.841885,101.842461,105.35577,104.1075,101.624,104.77223,104.391885,102.1165,105.665616,105.373769,102.573,107.353923,104.430576,101.911962,105.085346,101.741923,104.591077,104.736692,101.607577,105.094692
112.291962,105.114654,104.437885,104.635692,105.801461,102.618692,105.370462,104.746654,104.427884,104.694538,104.335462,105.070962,108.288692,105.869346,108.496116,108.839116,108.496961,106.537654,108.166653,108.541654,106.391269,108.869654,106.421115,103.4945,105.790076,105.346346,103.104385,105.244462,104.894308,102.828885
100.489615,94.130962,95.987846,93.392269,95.850654,95.012769,94.45,95.890731,94.211039,94.198731,96.578192,94.203115,96.002385,93.480269,93.347385,96.332615,93.961538,96.324615,94.4275,95.773307,93.748308,97.048154,93.798962,95.409038,94.466962,93.940538,95.938231,93.492462,93.567731,96.885769
158.215885,140.157154,140.591346,140.905539,140.0185,142.250231,140.720923,139.834116,142.627115,141.043461,140.330693,141.583193,144.642654,143.529692,141.766307,143.276,143.724308,143.821308,143.237423,143.233846,144.478846,148.227731,140.914461,142.234039,140.671154,139.670769,141.754308,141.166653,140.224577,140.020769
183.5825,116.667808,99.698577,100.009192,100.381538,99.793116,100.167192,100.2265,99.872885,100.777154,100.706116,100.035577,100.195769,100.003115,100.111884,100.342346,99.776962,99.903346,100.128269,100.735038,99.798885,101.163077,99.972,100.228538,100.992577,100.191231,100.931653,100.283385,100.532538,100.42573
69.891423,63.78927,63.860077,63.035116,64.283731,64.043846,62.618193,64.181653,63.120192,62.399962,63.432076,63.330307,65.571077,62.803807,62.785539,64.784385,63.55023,63.947423,65.702885,64.888846,65.973384,65.600269,65.309885,65.900884,64.469923,66.740962,70.326923,64.935731,65.862539,65.708731
179.792923,167.180115,167.071653,162.005539,161.164499,159.634461,160.490962,162.946154,160.570808,162.482115,161.817884,161.088192,161.534384,161.074,160.678462,161.864461,161.733,161.011885,161.021884,161.626115,161.395076,160.55873,161.689576,162.920115,161.061269,161.657538,159.917538,161.892384,161.385115,161.557115
86.909462,81.313731,81.340846,81.731038,81.250616,81.819538,81.813039,82.72323,81.984538,81.948192,81.252231,80.959808,81.523884,82.527653,83.779846,84.149423,83.938,84.355923,85.090154,84.34073,85.094346,85.241846,85.349115,87.953961,84.939962,84.129769,87.732615,90.329808,84.758577,81.799616
105.707885,89.337461,89.399116,87.266538,87.395384,89.103692,87.752385,87.809846,89.007808,87.562731,87.984769,87.738731,87.875,92.104693,88.262347,87.763692,88.921961,87.881962,87.984923,88.223539,88.749615,88.817346,87.785154,87.474961,88.284616,87.872923,88.078115,87.401693,88.054577,88.942769
119.257231,111.996539,109.737192,112.159654,111.763346,111.4705,109.569846,111.171231,111.337808,111.315461,111.388154,110.804539,108.521539,111.359154,111.249038,111.461962,111.263538,109.111653,111.543154,110.581308,112.315769,111.597962,109.302961,115.456808,116.538769,118.381384,114.050423,114.759423,115.569077,115.763153
133.406499,118.891231,118.409923,118.579269,115.948307,115.630539,115.344308,115.291307,115.322923,115.378115,115.776538,114.999,114.334039,114.779192,114.247038,114.651923,114.661,116.841193,115.128385,114.437384,114.71677,114.496615,114.861115,117.411231,114.901385,115.089923,115.290039,115.376808,114.870231,114.676961
21.761154,20.084577,20.738539,20.035077,20.672385,20.155923,20.662116,20.249,20.506577,20.108616,20.166461,19.966308,20.227385,20.265,20.250539,20.439577,19.96477,20.587115,19.996231,20.644,19.937,20.834923,19.922654,20.589692,20.0875,20.691154,20.501846,20.696616,20.099653,20.819346
54.774307,50.417154,49.35977,50.978692,50.310192,49.848154,50.137423,49.832846,49.998654,49.465077,49.932231,49.746231,49.748077,49.512731,50.021693,50.917692,49.881999,49.925461,50.631462,50.230423,49.684885,49.974308,49.907692,50.323231,49.328654,50.916577,50.450423,49.989423,50.174885,49.607307
97.455846,80.848731,81.486116,81.580577,81.294847,81.824,80.989616,81.13923,81.577885,81.445884,81.899,81.468693,81.473462,81.601808,81.147923,81.351923,81.520577,82.066153,85.630923,80.401924,80.129308,79.957307,79.853346,80.274269,80.491346,80.696769,82.026923,80.299961,80.617577,80.532077
126.152538,115.356769,115.661654,115.607077,115.320807,114.726116,115.269423,114.779692,115.628885,114.270116,114.441461,114.4505,114.429269,114.542538,114.362923,115.356692,114.461577,116.388385,115.440038,114.834692,115.399538,115.137923,115.012808,114.209847,114.647807,115.28273,115.007,114.226538,115.045654,115.03
127.617961,118.614808,117.095576,118.095769,116.937461,117.998231,117.601077,117.820269,120.007077,120.887731,120.871192,120.274231,121.453346,120.792,121.216307,120.414884,120.851385,120.979385,120.862538,119.738231,117.846884,119.868385,117.367385,118.382539,117.500193,118.161731,117.912654,118.261654,117.672154,117.193385
113.283538,109.004538,109.005885,107.253884,108.396346,108.345769,107.860461,107.132923,107.665154,107.6545,107.839384,108.201923,109.038654,109.329538,108.253885,108.240231,107.901461,108.596,109.087308,107.500116,108.563385,107.739346,109.154077,108.256307,107.746923,108.480192,108.775539,108.781807,108.656308,108.077923
139.830962,132.860384,132.276846,131.709731,132.1645,131.404616,133.019961,135.169,134.918039,135.837423,134.831154,135.990654,134.643923,134.314307,134.981885,135.826807,139.758307,133.311499,131.836577,132.514154,131.986423,133.397346,131.408538,130.855231,131.554769,131.294538,132.580615,131.952,130.636038,132.356654
125.457884,112.378077,110.931884,111.410385,112.650077,110.069154,111.009192,110.565731,111.234846,110.582539,111.156308,111.211115,111.742,111.913115,111.335,111.377923,110.819731,110.337269,110.902308,111.856962,112.285269,110.272923,112.194308,111.416846,112.263423,111.503615,112.414654,111.753346,112.083962,112.190192
202.717461,200.64523,200.789115,200.642038,201.821461,201.610923,200.74773,201.905038,197.157962,197.580807,196.191923,195.497846,196.157615,196.291077,196.834808,196.222269,195.193807,196.661346,195.930616,195.269462,195.902,194.754308,195.475308,197.252115,197.29523,196.103538,198.827884,196.726808,195.435923,195.712039
43.143576,39.272462,39.179884,39.059038,38.957885,39.028231,39.085308,39.164269,39.104615,38.796077,39.177654,38.52473,41.266423,39.072999,38.846269,38.695653,38.695654,39.218846,39.159154,39.073615,39.468962,39.082615,39.125423,39.293577,39.19323,39.16977,40.722731,40.253884,39.879385,40.454539
86.144115,84.81873,84.502423,84.521192,87.639654,87.128769,84.60923,88.877462,89.832576,89.529693,87.536962,89.563923,84.7565,90.356846,85.352423,81.300884,82.102116,81.470461,81.23023,80.781346,81.025,81.500154,83.170692,80.704116,81.154654,80.699115,82.688885,80.996654,81.001538,81.692846
110.196423,101.513308,101.950115,101.005,103.046769,101.261346,99.705385,100.412346,100.487538,103.498961,101.681731,101.058654,100.227962,100.154154,101.717769,100.954923,102.316231,100.005346,101.274384,101.715,100.238,102.392307,100.891769,101.702192,101.480039,101.3405,101.77927,101.307423,101.71,100.597769
178.258692,165.323539,167.330115,166.702115,165.635038,166.666231,170.921423,171.451577,171.673923,170.972231,172.111039,174.542461,171.643616,174.933385,171.418154,166.712423,173.819846,166.484769,166.755423,166.761962,166.003692,167.904153,166.012692,166.275423,166.239577,166.447846,166.923462,165.726385,165.756,167.826307
169.657231,162.188231,161.163384,163.461884,161.959807,161.524884,161.553577,161.542884,161.755576,161.105308,162.042538,162.70727,161.094154,161.2435,161.138923,160.883808,161.265961,164.760308,163.980961,164.35173,163.459653,163.586307,164.2145,164.210961,161.276846,161.026846,161.356115,161.043615,161.237077,160.787693
87.86727,84.124923,83.755654,83.284423,83.415192,84.826539,83.423,83.080731,83.340308,83.313808,83.282,83.626807,83.456538,82.424115,83.249308,82.098885,83.984692,83.909731,83.073346,82.747,82.385884,83.791385,83.921269,82.500462,82.379192,83.771346,83.045077,83.102,83.181808,83.910038
100.790577,99.355885,97.276769,98.855769,97.860308,97.442154,98.092154,98.1365,98.240385,98.159384,98.521846,98.403961,97.2735,97.926308,98.038192,98.484423,98.108962,97.684,97.964653,97.641,101.014154,101.304346,101.772885,101.476923,101.876269,101.399615,100.609269,101.201116,101.445961,100.9295
54.547539,49.525461,49.124653,51.84623,49.260616,48.975654,48.193577,48.879307,48.439116,47.674462,48.141884,48.488884,48.723269,48.242846,48.057385,48.572154,48.399538,49.123577,49.688,47.829231,48.554731,48.6345,47.979962,48.506269,48.441538,48.608115,48.468308,47.734693,47.814884,50.425961
32.006077,18.677731,18.731385,18.642769,18.447308,18.667808,18.654,18.546616,18.67623,18.751962,18.205616,19.079731,18.672154,19.092231,18.179,19.228423,18.546231,19.126423,18.285077,19.021192,18.339539,18.920193,18.363077,18.955539,18.634269,18.523038,18.973923,18.249115,18.737461,18.309
217.399115,212.451462,210.918692,210.972231,209.234615,210.912616,209.491231,208.028,207.859115,209.790231,211.301846,211.996999,208.529423,213.548154,212.209384,211.562192,213.072076,214.679423,252.816884,258.290154,256.551038,254.620115,253.356115,248.181269,250.63023,247.331423,247.620961,249.981308,249.118692,250.944884
440.920846,424.393807,422.132538,422.528769,413.057346,424.225653,425.814615,429.752692,432.833846,439.764077,437.467192,426.546423,428.734192,420.071,420.154807,428.040192,422.746077,427.304384,424.829808,423.591654,431.090539,428.681461,430.030577,427.331115,435.414769,435.552653,434.971884,424.751461,428.61573,423.196807
585.507884,560.225923,555.355,563.791307,565.461922,569.886808,567.416499,586.834307,586.10673,587.583807,579.916077,582.598269,578.569961,581.12323,577.487076,580.524499,581.456423,577.490499,576.859384,580.626038,586.391769,573.37273,579.895115,573.125077,584.711346,574.826269,564.442923,577.5,580.376384,582.053307
1057.083884,1025.30123,1028.735923,1001.855115,1033.698384,1020.058038,1038.114307,1133.828076,1138.33673,1125.638307,1108.973037,1122.940345,1120.90873,1127.831269,1134.825576,1122.733999,1122.918692,1118.203153,1119.984038,1129.790769,1123.917884,1135.883346,1104.522115,1122.444384,1124.865768,1112.947691,1118.551807,1137.71773,1115.381306,1117.226153
