44.302423,41.084346,50.346808,42.668962,34.890231,31.591577,31.340692,31.069115,31.651653,30.103347,30.370385,29.758385,30.206423,30.426385,30.01123,30.199731,30.336731,29.895231,30.052846,29.9295,30.329538,30.317462,29.290962,29.746385,29.537,29.467115,29.547769,29.496846,29.766807,29.407308
28.314577,18.399424,17.641269,18.354424,18.555077,19.438731,18.967577,18.462385,18.77123,18.656576,18.898193,18.952153,19.058039,18.510808,17.641654,18.720231,19.063269,18.577539,18.509384,18.786115,18.062153,18.142077,17.959346,18.301308,17.8995,17.897924,17.543077,17.468231,17.824616,17.721615
41.511039,36.486192,37.113923,37.8075,37.828462,37.959577,36.886308,36.907731,36.736807,36.561077,36.229384,37.071423,37.055153,37.336307,37.0615,36.134231,37.218654,36.461961,37.530231,38.085692,37.928807,37.381346,37.962116,38.107,38.172654,37.787577,37.682461,38.896846,37.981615,37.7805
39.501307,33.23573,33.336846,32.778231,32.201807,32.898,33.146269,32.76373,33.2975,33.0725,32.429616,33.458038,33.040654,33.520154,33.187308,33.206923,32.198884,32.090423,33.290384,32.261346,32.657731,32.403769,32.897346,32.807308,33.039423,32.9245,33.045731,32.726039,32.581884,32.928731
28.875923,21.397269,20.619885,20.924462,20.882769,21.031577,20.558039,20.622924,20.613462,20.69,20.904962,20.627192,20.910231,20.798962,20.686,20.996654,20.565038,20.563769,21.027192,20.9295,20.981269,21.2795,20.879923,21.244846,20.92127,20.832423,20.8595,20.7185,20.786077,20.8005
24.344885,17.496308,16.390731,16.648808,16.512884,17.072,16.720077,16.69273,16.737116,16.587154,17.05,17.143846,16.785731,16.819077,17.384385,16.811307,17.760346,17.744193,17.53623,17.210577,17.941769,17.144962,16.320615,16.382654,16.997231,16.666153,16.89477,16.406231,16.864769,16.443846
34.128384,33.919423,33.817692,33.903077,33.617115,33.490307,33.792307,33.066692,33.761231,32.951923,33.738,33.188731,34.014846,33.367231,33.211961,33.68423,33.749308,33.2525,33.295615,33.815153,33.948423,33.799346,33.586808,33.910038,32.806846,33.161153,33.768769,33.606423,33.772039,33.604308
36.134654,32.071384,32.117769,31.796038,31.918885,32.183269,33.009077,31.888462,31.723615,31.712692,31.422961,32.051307,31.770461,32.098538,32.064423,32.605923,31.878692,31.564,31.964153,31.993962,31.898846,32.128576,31.831116,32.379192,31.583154,31.979577,31.539885,31.775923,32.043923,31.607115
19.210384,18.632193,18.797846,18.277116,18.647923,18.664154,18.831538,18.872923,18.45077,18.376039,18.592923,18.409192,18.973846,18.606385,18.591,18.451,18.581462,18.437615,18.286923,18.606961,18.446616,18.779269,18.440461,18.471115,19.025577,18.529077,18.878846,18.784424,18.566923,18.932654
25.441,20.365384,19.597461,19.508731,19.398231,19.474385,19.562731,19.423077,19.642039,19.834423,20.181308,19.648,19.618423,19.636153,19.960347,20.070577,19.563577,19.650615,19.882154,19.610808,19.717653,19.629307,19.723615,19.361808,20.181423,19.305461,20.030731,19.733731,20.205616,19.871692
49.975,36.391538,37.283615,37.327616,36.510461,37.158885,36.732,37.7695,37.622923,36.552846,36.441692,36.671461,35.957038,37.476423,36.920884,36.80473,37.2445,37.113461,36.56877,36.945538,36.682153,37.153077,37.447923,37.218692,37.219462,36.471577,36.808346,37.175654,36.997307,36.537193
36.102,33.913269,33.117654,33.015731,32.9595,32.274269,32.41,32.934807,33.058577,33.153846,32.598884,32.679154,32.633308,33.129154,33.053731,32.596808,33.094307,32.856385,33.061885,32.587962,33.269269,32.868846,32.762116,33.129923,32.614654,33.153269,33.078231,32.540038,33.051115,32.970846
35.619192,31.195116,30.905885,31.073192,31.281807,30.314616,32.319808,31.025654,31.183346,31.251807,31.256654,30.654308,30.728423,30.451577,30.865423,31.169423,30.994423,31.110423,30.754193,30.845077,30.671692,31.365962,30.642461,30.759231,30.624923,30.646808,31.346808,30.897808,31.483039,31.47823
38.779384,34.12827,33.725115,34.193423,33.61377,33.641693,33.762269,33.64327,34.31123,33.746808,34.505615,34.364,34.076847,34.529615,34.292923,33.772769,34.145077,33.438769,34.067692,34.150153,33.5275,34.080077,33.485769,34.111231,33.640038,34.5645,34.440423,34.300308,33.231847,34.175692
34.291077,30.367231,29.763769,29.533615,30.138962,29.569154,29.383154,28.856846,29.580115,29.529154,29.926077,29.447653,29.179577,29.337116,28.880538,29.880731,29.695154,29.583154,29.909115,30.142654,30.007077,29.828923,29.766039,29.083539,30.370346,34.122,29.74423,29.907038,29.2495,29.218462
53.414654,36.255693,34.411808,35.081116,34.710385,35.2745,35.44523,35.251923,35.189462,34.8045,34.929077,34.997038,34.768692,35.251577,35.132577,35.257384,35.84,35.353192,43.202077,34.520384,34.882385,34.748769,34.832539,35.375385,34.86773,34.937616,34.564,35.278577,35.043692,34.62923
44.797154,41.182961,40.929807,40.120346,40.571,39.518423,40.750269,40.634807,40.808692,40.777038,40.506808,40.983077,40.518307,40.605462,40.552847,40.300115,40.683654,40.8485,40.655846,40.734115,40.873884,40.33023,40.107423,40.474807,40.657539,40.72523,41.290615,40.273385,40.502384,40.186153
35.888846,30.736,30.05573,31.409385,29.802807,30.009923,30.879,29.750346,30.005077,29.154962,30.504962,30.017461,30.527731,29.341577,29.409154,28.813423,30.148846,29.663769,29.846423,29.300307,29.395731,28.913038,29.38927,28.556539,29.704385,30.086423,29.508692,28.918307,29.609846,29.422961
35.280038,34.4465,33.815731,34.127346,34.436731,33.902308,34.966692,34.519115,33.829923,33.953039,34.443846,34.420693,33.29,34.405385,34.464308,33.825269,34.077962,34.374616,34.409808,33.453923,34.578385,34.387769,33.454423,34.641462,34.919077,34.476116,34.84227,34.814269,33.575269,33.8405
39.278385,33.090346,32.531846,32.8215,32.645962,33.077039,32.701693,32.854231,33.19773,33.117731,32.481346,33.090962,32.562923,32.3915,32.100385,33.030769,33.046962,32.981693,33.072423,33.383077,32.868308,32.765,32.842731,32.43723,32.786538,33.242461,32.666,33.328731,32.822307,32.801885
37.328347,22.316961,21.908654,21.958961,22.22873,21.566154,21.523923,21.642731,21.622731,21.842269,21.809192,22.152269,22.359077,21.721116,21.524039,22.059423,21.923692,22.238308,21.684269,21.718539,21.760653,21.826116,21.932154,21.774769,22.247347,21.845153,21.844423,26.114961,21.446885,21.949385
40.124308,39.722154,39.448,40.044615,39.735654,39.570692,39.951154,39.612346,39.175154,39.079308,39.4265,39.4175,43.545116,39.326615,39.423077,39.695577,39.499385,39.689885,38.881269,39.829077,39.446423,39.441846,39.239231,39.531885,39.221539,39.610769,40.229654,39.739231,39.473192,39.583346
39.0665,34.446231,34.600653,34.205615,34.212923,35.52327,34.273346,33.907077,33.658193,34.301462,33.719462,34.069039,33.640693,33.967923,34.227269,33.689576,34.572423,34.430692,34.368,34.134462,33.982423,33.973269,33.98,33.911808,34.259077,33.946231,33.956,33.993539,34.003616,34.590577
38.066808,30.662193,30.611038,30.940538,30.726269,30.690346,30.738654,31.170615,30.999039,30.967077,30.983731,30.442192,31.185116,30.420884,30.319115,30.817231,31.069038,30.73073,30.817808,30.444538,30.656077,30.960461,30.695,30.699962,30.973692,30.979693,30.785269,30.302461,30.680269,30.825577
24.905807,20.553577,20.764616,20.602423,21.288808,21.280808,20.625577,20.043962,20.549654,20.297884,20.118577,20.393731,20.055693,20.034692,19.993769,20.258924,19.951346,20.667,20.398654,20.394423,19.879461,19.887269,19.934807,20.048769,20.031846,20.236577,20.093808,20.313346,20.270308,20.542923
51.011577,32.775077,32.788807,32.290038,32.541807,32.897961,32.579577,32.5585,32.923038,32.736307,32.350154,33.064385,32.835769,32.337462,32.891115,32.735154,32.62677,32.606269,32.750423,33.052269,32.722269,32.557038,32.826846,33.507769,33.140346,32.465615,33.051808,32.418038,33.089423,32.505884
40.396654,35.465077,35.100423,35.382923,35.547846,35.332346,35.623846,35.8665,35.636115,35.637346,35.440038,35.553231,35.148423,35.935769,35.783885,35.329962,35.139961,34.855462,35.150385,35.293269,35.532423,35.605962,35.240231,36.084654,35.736769,35.591308,35.677308,35.494462,35.451307,36.063731
39.048692,33.708039,33.584654,34.865,35.338807,34.426154,34.589039,33.134847,33.3725,33.899769,33.134539,32.681616,33.2325,33.21727,33.351577,33.167808,33.053384,33.254116,32.447039,32.961,33.464154,33.251692,33.027962,33.455769,33.034961,33.487,33.583961,33.376962,33.079769,33.182577
19.859769,19.623385,19.469038,19.697346,19.394731,18.9995,19.7435,19.242808,19.445769,19.436039,19.476076,19.761923,19.192962,19.432038,19.307115,19.33927,19.1595,19.143654,19.131308,19.297692,19.507192,19.644923,19.449154,19.600654,19.136307,19.081692,19.424347,19.226731,19.338769,19.750731
43.637577,36.527923,38.756,38.744346,40.205269,40.561769,40.424384,38.622231,36.487538,36.553423,36.303346,35.919885,36.657731,36.877153,37.402269,36.279193,36.960231,36.641115,36.21727,35.755077,35.858269,36.504461,36.812308,36.721807,36.704923,36.184231,37.106808,36.697347,36.800192,36.281923
33.592346,22.501192,21.998807,21.880154,21.832885,21.722346,21.932231,21.794,22.24773,22.326846,21.829962,22.092846,22.247461,22.153692,22.164423,21.811731,21.898807,21.725423,22.077769,21.815154,21.706654,21.9005,21.875731,21.680154,22.051538,21.812577,22.262461,22.841577,21.761154,21.747192
26.713385,21.197654,20.749461,20.87077,20.598769,20.559269,20.48,20.641115,20.738769,20.532538,20.810923,20.4505,20.636693,20.580231,20.996577,20.970462,20.315115,21.091808,20.878769,20.387615,20.36473,20.595115,20.609654,20.707,20.356885,20.583231,20.439461,20.5485,21.036616,20.653808
39.330692,33.840923,33.651385,33.751692,33.530115,33.527962,33.798308,33.526731,32.965846,32.466153,33.476115,33.533192,33.324692,33.5185,33.417346,32.946654,33.287807,33.533538,33.294962,33.396231,33.460192,32.858077,32.844192,33.233192,33.056615,33.139308,33.490539,33.183846,33.477616,33.415115
146.312846,136.913962,136.378615,139.410923,135.062731,134.658193,135.142308,134.49,132.200039,133.893808,134.255308,134.454461,134.110769,134.014077,134.672692,133.563154,134.493808,134.558654,133.84323,135.174039,135.427999,134.277154,134.203384,134.226461,133.817077,132.460116,134.773308,135.530038,135.222153,134.967462
162.363462,146.286154,145.1665,145.336039,144.889076,144.785346,145.643999,144.312,144.148077,144.157192,143.126461,146.227923,144.560346,145.384269,145.067577,145.176115,145.409577,143.494731,144.7595,145.188884,145.190962,144.648308,144.433692,144.399961,145.000115,145.229231,143.821116,146.042807,143.861616,143.060538
123.589462,107.283269,107.65273,107.464462,106.909769,107.014039,107.157,106.800423,105.907269,106.594923,107.315346,107.119192,105.864769,107.972423,107.326038,106.820846,107.609154,107.035961,106.1075,106.889923,106.911615,107.084846,106.511615,106.874038,107.237038,106.2945,106.691885,106.500116,107.039192,107.241539
160.168884,145.672807,145.495269,144.683308,143.874923,144.46427,145.849423,145.665577,146.360115,145.493038,146.133154,143.773846,144.012923,145.265269,144.747346,144.113538,145.189076,144.510269,145.564385,144.442538,143.859654,144.958807,145.320193,145.403731,144.2825,144.167,144.081731,144.0255,145.627269,144.47723
83.699577,78.648116,74.740461,74.487615,74.593884,73.918346,76.842808,74.300115,74.391423,74.099576,74.622039,74.508461,74.472884,74.030999,74.281462,74.193808,74.36223,73.749384,74.330423,74.691,73.836192,74.633231,74.166615,73.895615,74.625769,74.234577,74.721807,74.910423,74.149923,74.009423
150.242423,135.0005,134.594231,134.714153,135.324731,133.366616,133.695231,135.853615,134.565,134.901769,133.830808,134.211308,136.035384,133.017807,134.20573,134.194115,134.565039,134.870384,134.786423,135.778346,134.448577,135.095923,135.09477,134.473039,134.298538,135.191038,135.55323,134.817231,134.640653,133.492423
129.894346,121.185307,120.802884,121.724269,122.897615,120.102115,120.110077,121.170192,121.234461,121.2355,122.2285,121.747885,122.964653,120.361039,122.337769,120.509884,120.402116,120.475654,121.857692,121.180192,123.152731,122.522346,120.676154,120.693,122.771846,122.776385,121.436269,120.723615,122.56923,121.783962
126.201039,108.260962,108.469039,108.076038,108.385115,107.852038,107.250269,108.963269,107.938654,108.237654,107.775577,107.732769,107.784308,107.997154,108.018846,108.157231,107.942962,107.68523,109.065346,108.469461,108.265961,108.091654,108.684384,106.982923,106.884038,107.478999,108.564461,106.652731,107.323192,108.185923
152.237692,142.899499,142.351307,142.547269,142.901115,141.537076,141.428616,140.761153,144.680385,147.473308,143.976115,141.337885,142.101384,142.419,142.070615,141.354461,141.766653,142.026654,142.155808,142.314577,141.736885,141.992231,141.485462,141.596769,142.078461,141.809539,143.012923,142.785423,141.10277,142.731846
149.589077,134.99077,134.207693,133.259808,133.100616,133.617116,135.084692,133.270192,133.169884,132.81323,134.104808,133.940077,132.104808,133.057154,133.869923,134.341116,132.568423,134.0185,132.722153,133.438885,134.094692,133.218615,133.412423,133.745769,132.621077,134.054385,133.752038,133.704231,132.995077,131.816
152.576654,148.315462,147.800115,148.436615,146.421423,147.615846,148.291884,148.405154,147.942154,147.076808,148.350692,148.340038,146.449038,148.201385,147.458654,148.434692,147.867192,147.492577,146.752654,147.653577,148.284616,147.447808,148.463,148.976846,147.25,147.509,147.712846,147.8865,147.703846,148.290576
107.350654,101.3385,101.370077,101.144,99.613577,100.375039,100.213231,100.782692,100.900039,100.373616,100.947308,101.04623,101.452961,100.649693,100.240616,100.907231,101.215846,100.974577,100.821115,101.241846,100.976807,100.722616,100.800423,100.774,101.509731,101.048731,100.886885,100.757962,100.697961,100.605923
76.373384,58.538923,59.243385,58.428192,58.976039,58.565846,58.993077,58.298269,58.659424,58.785,58.549577,58.662616,58.827269,59.038654,58.677115,58.133769,58.754461,58.389308,58.294731,58.664077,58.479039,59.023231,58.726846,58.689115,58.434307,58.675961,58.758231,58.626308,59.314192,58.851923
112.087653,104.22027,105.140346,105.252884,101.457423,101.462192,101.133346,101.46773,101.466231,101.482231,101.426654,101.182923,101.510384,101.571192,101.055423,101.595346,101.263385,101.656346,101.157231,101.328231,101.333808,101.331269,101.644577,101.082923,101.527846,101.431231,101.3565,101.329923,101.633539,102.064192
135.725923,127.731307,127.793308,127.653654,126.200731,127.437461,127.863616,127.720769,128.173999,128.570769,127.250962,128.065039,127.899231,128.308923,129.313923,127.984577,128.285692,128.838423,127.778846,127.703769,126.196962,128.152039,128.357385,126.845115,128.555576,127.850269,128.536769,127.978,127.829038,127.584846
101.351808,95.838269,96.576308,96.654269,96.189423,95.814923,96.325654,95.699962,96.002923,95.497923,96.119269,96.259846,96.285885,96.070461,96.251385,96.217,95.748923,96.362462,95.7685,95.661769,95.593846,96.797308,96.694346,95.783308,96.590192,96.355654,95.883153,96.078731,95.578846,96.031385
91.801423,81.841808,81.654538,81.584538,81.644077,82.000038,82.030423,81.764346,81.715923,82.180231,81.296731,81.800577,81.610423,81.877731,81.63723,81.535731,81.289346,81.481307,81.714654,81.556961,81.531385,81.282923,82.133616,81.581885,82.080385,81.915692,81.791577,81.524193,81.754,81.779308
123.791653,109.590539,109.686807,109.629423,108.505385,107.358654,109.081731,109.667384,110.279384,110.277962,109.981308,109.628653,109.338615,109.693846,108.721539,108.915923,110.014346,109.522308,110.477615,107.952,108.674077,109.331039,109.198384,108.517231,109.676461,109.128231,110.6785,109.403577,108.969884,109.607847
156.803462,149.110616,149.180346,146.108616,146.632,149.05527,147.625385,147.336538,148.304192,147.093115,148.5105,147.505039,148.033577,147.959462,148.520461,148.039885,148.034115,148.1115,146.454577,148.090807,146.002154,146.014038,148.602,147.442077,148.426731,148.273731,148.898116,148.252539,148.090923,148.015269
117.178039,111.359154,110.288538,110.487769,108.539115,110.228461,110.358154,109.809308,110.704423,110.315654,109.870693,110.212039,108.035385,108.670846,111.227231,109.280847,108.90623,110.049884,110.313731,108.494923,109.492346,110.413,109.865346,109.940154,110.205038,109.987192,111.139077,108.159423,110.076731,109.104115
96.096962,88.974423,89.428385,88.336846,88.705154,88.309423,89.60423,88.460077,88.726654,88.636308,88.253076,89.705615,88.813577,88.1255,89.054538,88.223654,88.430154,88.77227,89.694539,88.369692,89.780923,88.618384,88.337077,88.609576,89.109692,87.633923,88.817192,88.665346,89.726192,88.893693
158.181923,147.883885,147.949307,147.748808,146.9265,146.224115,147.370807,147.093038,147.794808,147.590346,147.1375,146.804769,146.935885,147.670654,147.807884,147.862885,147.634192,148.106269,147.778769,147.39427,146.571423,146.160423,147.372192,147.187846,149.00627,147.789192,146.903423,147.580885,147.253692,147.91273
182.979423,153.709385,152.080769,153.697384,152.727654,152.746653,153.418962,154.717153,153.418769,153.808077,152.664153,154.428308,152.098846,153.905923,153.811884,153.464961,152.735038,156.370307,153.53873,153.688807,154.315231,153.550731,153.6525,153.547539,152.504808,153.911769,153.499384,153.8065,153.458269,153.2545
76.133385,70.211462,70.38923,69.983692,70.220538,70.818038,70.431038,70.936807,70.025346,70.513308,69.853231,70.917192,70.5675,70.253923,70.289193,69.833039,69.913193,70.120962,70.270576,69.534884,70.349731,70.318808,70.7265,70.075115,70.073769,70.344577,69.868769,69.987577,70.137307,70.065
72.139577,66.010461,66.6575,66.618231,66.989346,66.298962,67.4525,65.597423,66.669,66.166808,66.192846,66.379077,66.100461,67.123308,66.666193,66.721347,66.129577,66.417577,65.860346,65.780308,66.444192,67.224423,66.300077,66.484731,66.1685,66.310538,66.336692,66.606884,65.735154,67.148693
141.856846,133.712961,134.461616,136.229116,134.132346,133.926192,135.026769,133.690192,133.431576,133.506769,134.130577,134.704115,133.904461,133.299115,135.760769,134.744308,134.663769,134.406231,134.293693,135.009499,135.761807,134.066884,135.179654,133.798192,133.207885,133.604576,134.235731,134.255308,135.132769,136.329384
136.991769,128.46473,129.717423,129.429423,130.2075,129.720923,129.125615,130.054884,128.404538,129.561423,129.992577,129.500962,130.653269,128.833423,129.808076,129.979076,129.353308,130.471077,129.170231,130.972576,128.972116,129.862231,129.161385,128.451461,130.031731,130.053538,129.67377,131.096346,129.462346,128.981307
156.926538,136.757769,137.374269,135.636153,137.722577,137.768154,137.153769,134.467384,136.089654,136.483346,136.730884,137.2315,136.545884,136.759269,137.278923,136.181039,136.542654,137.673154,136.881308,136.500692,135.482346,136.371038,135.789539,136.579269,136.973231,138.325769,138.459846,136.517846,135.376769,137.616461
64.537,60.163269,60.046423,60.005384,59.979192,59.958616,60.105,59.907923,60.206,60.663538,61.448539,60.368539,60.005308,59.904423,60.247846,59.956039,59.954961,59.928423,60.037384,60.388077,59.869192,59.716308,60.104154,60.286385,59.964654,60.36927,60.052847,60.090307,60.389038,60.085538
157.653308,145.757038,145.334808,146.958692,146.254308,145.559269,147.378846,145.248962,145.115846,146.236346,145.951269,147.268962,145.238846,145.795307,144.8775,146.457115,145.8825,144.928615,146.767077,145.318769,145.94727,145.017,143.741423,146.971115,145.456885,146.646807,146.382154,147.065038,145.664962,146.350615
120.311731,114.638923,114.583153,113.321731,114.543077,113.993731,114.437346,114.144538,114.555693,113.974269,114.024038,114.582846,114.151115,113.437154,113.938885,114.160693,113.160846,114.093539,114.143462,113.799923,113.868307,113.690923,113.835808,113.632231,114.115731,113.858923,114.426308,113.967077,114.082,112.827962
123.909731,114.350115,113.694384,111.864,111.218154,112.689269,113.195462,112.914193,113.441577,112.863115,112.970961,112.402616,113.098423,113.511192,112.409539,113.244654,113.451962,113.263654,113.053846,112.165,113.115961,113.339384,112.744231,113.337654,113.083808,113.838461,113.342077,113.293,114.170846,111.827885
139.101846,114.768153,114.88223,114.561654,112.9015,114.350576,113.640269,114.303923,113.8645,114.323192,114.339116,113.587346,114.068039,114.294538,113.831384,114.473346,113.591923,114.173192,113.254346,113.452654,113.389308,114.194269,113.535654,113.298731,121.171231,113.6455,114.446269,113.943846,113.403423,113.078654
123.900115,116.526,116.3865,116.050653,116.739846,116.272462,114.84923,116.403384,118.275461,116.039154,116.672923,116.453039,115.417385,116.375038,116.028,115.047692,115.794308,115.813846,116.249731,115.799423,115.721462,115.865576,115.459154,115.980308,116.140846,116.192,115.970077,116.431038,115.816115,116.076692
148.791231,132.268962,132.484115,133.555693,131.448769,132.244654,134.530577,131.942346,133.327231,132.037461,131.812,131.4415,132.031731,131.693384,131.761731,131.891231,131.794346,131.792346,131.52,131.468962,132.018884,130.956384,132.59273,131.968115,132.080384,131.943961,131.414577,132.894346,131.551654,130.207192
139.500616,133.36777,133.040115,133.52023,133.407269,133.722538,132.861693,134.194116,134.172231,133.071423,132.936846,133.649385,134.047192,133.558076,133.894077,133.993385,133.479731,132.8895,133.943154,133.53723,133.731692,132.810231,133.850692,132.215192,134.048654,134.454269,133.940269,133.829192,132.767423,133.523731
139.800885,131.106269,127.765616,129.124962,127.274423,128.8955,127.415346,128.2845,127.851885,128.028346,127.158115,129.041539,129.100692,129.497115,131.391962,127.592269,128.034385,127.776884,127.657347,128.911193,126.692923,127.79277,126.612961,127.000769,128.067077,127.545153,127.131231,127.21677,128.425616,127.735538
132.405653,113.793,114.167115,114.652885,114.870846,115.441769,114.123961,114.097884,112.962576,113.229077,114.08723,113.202961,113.7755,114.240115,113.644654,113.805308,114.113538,114.138962,112.433923,113.807,113.808039,114.463884,115.900884,113.853192,114.319231,113.433499,113.932923,113.601885,113.9955,113.756308
158.165039,144.944307,145.527654,144.814615,144.066539,143.877538,144.655461,145.965269,144.282846,144.050231,144.737731,144.172615,145.659731,146.242769,145.986577,146.286077,145.159769,145.226923,144.969808,145.082692,144.925846,143.786884,145.801423,145.41327,145.618731,145.714808,145.558807,143.951846,145.548077,144.824577
104.127269,98.056923,96.938731,98.000115,98.108961,98.143077,100.109077,98.324,97.311039,97.061616,97.526231,96.856808,98.251538,97.227269,97.487653,97.586654,97.15727,98.261038,98.14277,97.559192,97.251077,97.761385,97.586769,97.015307,97.891269,96.694654,97.57523,97.38623,97.743346,98.316423
168.789461,151.225577,150.702346,150.529269,150.451269,150.490115,150.641846,151.051154,149.880731,150.443346,151.412384,149.429115,150.420846,150.321461,150.240038,150.924462,151.294193,149.221115,151.891653,151.241,149.818307,149.611884,151.111808,151.046115,150.220538,151.137423,150.586,149.982384,150.464115,151.045038
158.061192,144.143961,144.104,144.545731,144.291769,144.250654,143.258884,144.92277,146.250115,145.192923,143.867384,143.636,144.781847,143.846077,144.593885,143.892,143.165076,144.990269,144.884308,144.2025,143.797077,143.910654,143.602615,144.763115,143.269039,144.930846,144.451192,144.463538,144.354769,144.526115
180.439039,150.244,150.379461,150.128807,150.134,150.031269,149.863693,149.156077,148.557769,149.67823,148.627231,149.636269,147.748538,149.798731,149.676539,150.298346,150.07677,150.413308,148.751077,149.419154,149.902385,148.993692,149.775846,150.610039,149.851731,150.355846,150.030154,150.093269,149.894538,151.024154
89.464115,83.033308,82.380038,83.146385,82.491269,82.834615,82.220153,82.291885,82.896692,82.847538,83.139692,83.154653,82.475192,83.458,82.866153,82.140462,82.774423,82.683038,82.8845,83.4695,82.426039,82.498539,83.1805,83.08073,83.401654,82.74123,82.809,82.680153,83.166308,83.180654
135.961539,122.790039,121.452539,121.463654,120.826462,121.579307,120.659808,124.013269,124.637384,126.114462,120.889192,120.297654,121.467384,121.265538,120.858654,121.615807,121.570192,121.776615,120.670231,121.350153,121.017308,121.94023,120.999116,121.245693,121.21,120.259154,120.909539,121.982615,120.985808,120.271577
171.933961,161.553577,158.72773,160.881499,161.170769,161.4925,161.269885,161.0595,160.547269,160.855962,159.359423,161.398846,160.307846,161.688192,160.694231,161.553807,160.407115,162.132962,160.839615,161.429731,160.957885,161.186115,161.019077,161.376731,161.737385,159.600038,158.928,161.515077,160.632,159.855769
160.399077,145.223885,144.488615,143.641692,144.750769,145.213808,145.643269,143.257962,145.340039,143.72923,144.423346,144.208769,145.234538,144.499961,143.473961,143.392269,144.749192,145.248039,143.712922,144.193615,143.871807,143.998346,144.568692,145.029039,143.874616,142.253384,143.554307,144.693923,144.787116,144.709308
141.673,126.54723,126.279539,126.992807,127.313653,125.907385,126.330884,125.664423,126.036385,127.254847,125.96623,125.373231,126.734885,123.751731,130.986231,125.681846,126.3305,126.358307,126.349846,126.376384,126.150154,126.607846,125.931077,126.341307,126.216038,124.528769,126.159462,125.414769,124.581347,126.142538
94.994538,88.753423,88.251923,88.6765,88.238731,88.678,88.003116,87.879346,88.004346,88.974769,88.680154,88.472616,88.374731,88.626539,87.910039,88.156346,88.308653,88.467385,88.307193,87.815923,88.411423,88.679654,87.921769,88.634653,88.550077,89.244539,88.361384,89.28873,87.789692,87.827423
151.768192,144.459961,142.813385,142.328962,144.3625,143.652769,143.562807,143.909038,143.548923,144.372807,142.083577,141.936923,142.718538,143.827961,144.098423,144.380423,143.297692,144.311654,143.808154,144.089654,143.506923,143.327116,144.144846,142.782692,144.026808,143.752153,141.908038,143.714731,144.166923,142.962
111.006384,107.143654,106.393269,106.612692,106.561615,106.875423,106.536692,106.019038,106.091616,106.283808,106.238769,106.2975,106.900307,105.942153,106.406038,106.212192,106.492654,106.361384,106.435539,106.066385,107.268654,105.944384,106.323115,106.575693,106.0875,106.6665,106.252115,106.580076,106.570077,106.850538
173.070346,163.780923,161.352385,163.100115,162.523808,165.586423,163.113422,163.615692,163.865038,163.638308,163.766538,163.933154,164.254654,164.064808,163.694346,162.882077,164.051231,163.718538,163.523846,164.433846,163.197231,164.430192,164.041308,163.832615,164.773385,162.272654,164.1335,163.831653,163.974923,164.635692
118.128269,95.848923,95.312576,95.373538,95.764384,95.953462,95.001192,95.618923,94.304384,95.560423,95.641846,95.664769,95.429,94.385692,96.357423,95.061269,95.369577,95.705462,95.903769,95.177269,95.541884,96.201577,95.75823,96.038885,95.715539,95.928192,95.668347,95.569538,94.918577,95.525384
167.20127,162.439346,160.60823,160.517692,161.171577,161.038692,161.378192,160.618653,161.619923,160.309153,160.6775,160.653731,160.612269,160.743,159.940154,160.912615,160.645615,161.390462,158.701346,161.064115,161.53223,160.816115,159.342038,160.713231,159.974808,160.9575,160.419384,160.461115,161.019807,161.255692
81.277115,70.099,69.136846,68.937,69.292462,69.032385,69.217154,69.355115,68.625,69.240461,68.752269,69.069653,68.873153,68.686884,70.836231,69.018385,69.005653,68.890231,69.494885,69.105615,68.836038,68.66927,68.44623,68.966769,68.911193,69.539577,69.458615,69.595461,69.080115,69.113308
100.991846,98.136154,97.640308,98.267577,98.663461,98.251808,98.372153,98.011577,97.367769,98.06827,97.980154,97.865962,97.449154,97.713462,98.1745,97.772692,98.011116,97.778885,98.117192,97.030461,97.966616,98.279346,98.266039,97.636692,97.790231,98.488153,98.065885,97.721807,98.275693,97.489616
105.6465,97.110116,97.284193,97.566461,96.256384,97.373846,95.940154,96.997077,97.660346,96.719231,97.464693,96.99627,96.985846,96.763307,96.957961,97.108539,97.054077,96.866077,97.276116,96.833769,96.929692,97.032769,97.669654,96.537923,97.084846,96.544385,97.720499,96.636577,97.131576,96.866269
112.810538,97.87973,97.860385,97.9125,97.487539,97.821884,97.700923,97.503807,97.813115,97.963115,97.997962,97.677346,97.64323,98.146308,97.706308,97.485077,97.3395,97.639,97.965385,101.339385,97.967231,97.551923,97.137962,97.711846,98.047731,97.89223,97.408346,97.195192,97.760538,97.706385
94.684154,90.520885,90.210192,90.188154,89.991616,89.752154,89.447346,89.618307,89.74323,90.647,89.638,89.687269,89.461,89.9045,89.596847,90.228423,90.069654,89.566731,89.914961,89.719808,90.321693,90.273385,89.839077,89.5465,89.939731,90.394308,89.268346,90.878884,89.848923,89.690577
148.575808,138.437115,137.672462,137.610653,137.190039,136.23427,139.089461,137.262269,137.7275,136.017808,137.896154,138.493269,136.188346,138.659461,137.882308,137.646923,137.787885,137.994154,137.816692,137.948654,136.746115,137.754077,136.950385,136.407423,137.565153,138.002923,137.861846,136.774231,137.205769,136.919692
107.427923,97.764192,98.005231,97.568,98.424153,97.682576,97.473,97.379923,97.7765,97.862807,98.796385,98.883462,97.858577,97.361654,97.992115,97.560653,97.557154,97.373769,97.4035,97.788231,97.827115,97.650269,97.360154,98.085385,97.944077,97.255461,97.739346,97.767885,96.661269,97.436923
74.047962,62.774807,61.946653,62.181461,61.899962,61.460923,61.565308,62.39327,62.219308,61.534,61.319731,61.661692,62.074615,61.706385,61.712923,61.877423,62.206231,62.110384,62.114653,61.584846,61.737846,61.716384,61.698692,62.086039,61.409192,61.491077,62.034115,61.707269,61.457808,62.285
202.307577,159.003616,158.790884,159.159808,158.017384,157.532462,156.907193,158.866884,159.362346,159.428231,158.060193,159.114076,158.679616,157.089192,159.008885,159.186769,158.684308,159.147615,158.647461,159.693115,158.843769,156.592192,160.147308,160.636884,161.552423,161.979115,160.607769,160.211038,162.772693,163.030577
94.462769,82.259115,82.651,82.557885,82.503115,82.316193,82.342808,82.262692,81.808346,82.068846,82.932192,82.726769,82.415846,81.886154,82.047577,82.91623,81.855769,82.152423,82.080462,81.150384,81.006769,81.251769,81.140847,81.143846,81.154653,80.833615,81.297307,80.944384,81.009038,80.975038
101.929961,87.972769,87.478846,87.266384,89.166423,88.403923,87.875077,87.059346,87.964538,87.913461,88.037076,87.131539,88.920577,87.928885,88.757846,87.233615,87.878269,87.219,87.98623,87.823769,87.840423,87.910538,87.259346,86.997846,87.021,88.876885,91.307847,87.391885,87.999154,87.696077
111.730346,104.612693,105.079923,105.231846,103.444885,105.111192,106.199115,107.408154,108.416115,107.798039,104.566846,103.404654,104.133923,103.869654,104.696308,104.7085,104.222077,104.281846,104.619807,104.347153,103.907,104.355384,104.001308,104.824885,104.180923,104.340346,104.9735,103.996115,103.714076,105.025077
120.221346,114.739269,114.932307,113.9495,113.378192,114.251346,113.974961,114.060193,114.150615,114.143154,112.160154,114.099308,114.514846,114.546039,112.330231,113.812269,113.773308,114.551192,114.410692,113.530384,113.993923,114.543731,114.090731,113.581538,114.237307,113.962307,114.158538,114.330884,114.120885,113.607308
37.348654,20.628808,20.588077,20.502115,20.380154,20.392423,20.448961,20.430462,20.533192,20.533808,20.444308,20.467577,20.477808,20.7,20.412192,20.492116,20.415039,20.558577,20.662539,20.492461,20.486885,20.589692,20.394077,20.724539,20.526885,20.423346,20.470846,20.52473,20.599462,20.341423
52.363269,50.766192,50.120231,50.297039,50.653115,50.02273,50.2565,50.823769,50.473961,50.436115,50.621885,50.237231,50.045693,50.423384,50.527846,50.058615,50.21177,49.695654,50.241154,50.095654,50.096615,50.443385,50.244923,50.168615,50.183269,50.324769,50.243038,50.398884,50.235923,50.051269
86.209269,80.157654,80.287038,80.295384,80.062923,80.188423,81.328654,80.116269,80.105731,79.752384,79.628731,79.529269,80.53477,80.473923,80.120385,80.164,79.977231,80.235846,80.395539,82.494,79.625539,79.819653,80.207846,80.013385,81.104846,80.417538,80.435423,80.795846,80.22927,80.650154
121.083692,113.737385,114.473038,114.054385,114.003115,113.946538,114.261423,114.832846,113.051385,113.760961,115.275769,114.073846,113.785769,113.870269,113.908654,112.544192,113.666538,113.97573,114.236385,113.763231,114.251615,113.886538,113.876807,114.329038,114.160269,114.680808,113.716154,114.474192,114.129461,113.93473
125.634462,115.040038,114.470538,113.326538,114.541115,113.95023,113.781846,113.851731,112.453308,112.666769,114.172154,113.115384,113.941038,114.331269,113.936962,113.675962,113.722039,112.982461,113.533038,114.215692,114.719461,113.833308,113.426731,113.557115,113.900039,114.968654,114.444384,113.140962,114.005039,114.174654
123.440885,105.6895,106.395308,105.054307,106.450346,106.234193,105.621577,106.030154,105.697154,105.630962,105.937653,105.608692,106.404846,105.186923,106.379423,105.33323,105.517539,105.844462,105.034769,105.554731,104.989577,106.114538,105.818576,105.743615,105.377962,105.303615,105.532076,106.215539,106.168808,104.8915
136.577693,128.553384,128.177039,128.412654,127.521577,127.404346,128.274538,128.155615,128.706616,128.366499,128.834962,127.034807,127.220038,128.719922,127.566846,127.521192,128.106885,128.016077,127.524846,128.145461,127.471654,128.496731,127.161538,127.964808,128.733461,128.393192,128.445269,128.248808,128.044231,127.854192
119.975731,109.786692,108.385192,109.588038,107.139039,108.707884,108.821154,107.499961,108.453616,108.224307,108.222346,107.509654,109.037077,108.659692,108.30177,108.399385,107.945038,108.755653,108.956038,108.203,107.864731,108.639807,108.241999,108.357115,107.572385,108.663423,107.747423,108.785039,107.608077,108.569808
199.665423,193.050538,193.153115,194.542807,191.289308,193.334116,191.812923,190.389577,193.246153,190.6905,192.430884,193.307616,192.100538,193.004115,192.482923,192.249,191.473846,192.003615,192.044615,192.322038,191.995923,194.109192,192.550577,192.212808,192.4375,192.160154,194.394346,192.805731,192.316269,192.9465
44.018962,38.851462,38.512962,38.257423,38.227808,38.188346,37.985692,38.329846,38.350346,38.779269,39.053923,38.456115,38.071269,38.555808,37.701231,38.340461,38.356038,38.524692,38.240807,37.769923,38.077038,38.137808,38.419962,38.238384,38.344923,38.212923,38.215423,38.335538,37.902616,37.817846
95.016153,80.826923,81.058885,81.058423,81.257,81.088846,80.68727,80.402846,80.944385,80.907116,80.512961,80.330077,80.154846,79.294847,79.699769,80.654961,79.750192,80.518308,81.163385,81.244692,80.634038,80.550346,80.273231,80.780077,81.107423,80.768385,79.179423,80.760462,79.857807,80.730193
107.472923,98.332231,98.526192,100.041962,98.712462,98.290077,98.374731,98.575923,97.095692,96.866461,98.123115,97.234692,98.313154,98.876308,99.388115,98.974769,97.529154,97.805231,98.037038,98.559231,97.781269,98.049538,98.252731,97.789,97.077231,97.386462,97.674461,97.440808,99.643346,97.975961
178.936116,165.058731,165.644961,165.957885,164.931077,164.916307,164.466577,165.346,164.479115,165.047154,165.50323,164.736346,164.000154,165.270999,164.65673,164.147269,164.810923,164.658076,163.288461,165.104499,165.275461,165.414808,163.986961,163.468539,163.990615,165.473154,165.892,164.348884,163.567539,165.331692
159.376808,153.685693,153.8445,153.480154,153.036731,152.963115,153.067154,151.560153,152.220346,152.198269,152.187923,153.324077,152.304692,152.406923,152.945808,150.652731,153.6575,150.129884,153.276731,152.967462,153.126423,152.886615,153.532577,153.0005,153.640307,152.409885,152.532307,152.934346,152.679192,152.677884
87.3885,83.23627,82.836846,81.863346,82.2805,82.901653,81.820808,82.4445,82.127423,82.2895,82.720192,82.589269,82.349346,81.918116,80.932961,83.200847,82.394231,82.105153,82.509577,82.459039,82.563731,82.587192,82.874192,83.089307,82.751808,81.542461,82.716308,81.488884,82.852462,82.593884
115.413077,98.842539,96.1015,96.050615,95.34977,96.668192,99.27523,97.119038,96.652539,95.387423,95.943731,96.587462,95.305923,95.298923,95.763039,95.673231,95.5005,94.976154,96.079577,96.068346,99.024039,96.320616,96.033423,96.267884,95.319192,96.367423,96.831962,95.589077,94.843154,95.289153
52.36723,47.091884,47.351116,47.261961,47.267038,47.284423,47.307692,47.606539,47.230885,47.306538,47.561346,47.504846,47.454654,47.378,47.241038,47.585769,46.98727,47.313538,47.424269,47.2745,47.398615,46.987038,47.2165,47.437461,47.695385,46.837,47.197885,47.176653,47.131962,46.815154
25.004192,19.089846,18.733539,18.542,18.355,18.590269,18.506424,18.557,18.4275,18.576654,18.529192,18.519462,18.531039,18.593577,18.515731,18.548885,18.533731,18.616116,18.567885,18.528461,18.702192,18.613923,18.59323,18.462885,18.613923,18.512154,18.888999,18.500193,18.596308,18.514538
213.106846,202.069461,201.093422,201.265846,200.426154,199.977808,199.817692,200.743115,200.682116,201.246269,201.882499,200.951615,200.944576,200.575923,201.787076,200.380616,200.749654,200.121961,202.247384,197.992423,200.944154,198.894307,201.604154,200.137076,202.114961,201.572961,200.404885,199.642192,201.479846,200.471962
358.832307,340.764846,334.375807,337.414962,339.929307,336.528308,338.976922,340.805461,338.196807,336.785423,337.703884,339.824884,335.360692,338.799999,341.080077,338.21073,340.356962,340.794192,337.373885,340.316345,337.837846,337.157039,336.715192,339.364307,338.470345,339.523192,337.621153,337.944384,338.5265,337.701231
552.088961,454.224384,456.458961,450.373423,454.014307,449.321538,454.334076,452.145115,453.091115,450.528961,450.265154,451.267077,453.176385,450.028461,450.866307,452.911423,454.090538,453.10223,449.762153,454.785308,452.667269,454.493038,454.966115,452.596692,453.529885,450.815538,449.924,451.254154,453.995692,455.291192
839.20473,798.903346,800.012461,795.180808,798.845345,799.803076,795.548461,798.40573,794.597,800.574,800.164538,801.282654,801.437,793.014577,800.579692,797.833038,804.74923,793.623461,795.587961,793.297961,798.960153,798.069961,799.459307,794.141153,799.991884,797.947422,796.908808,794.981038,798.624076,801.39373
