209.346538,97.234769,133.072539,139.465923,134.048154,113.995461,104.394923,73.897693,72.865769,69.693923,80.222538,72.483615,72.931308,73.360077,74.349,86.994385,76.292385,85.658769,79.407,81.540231,72.067923,74.094846,79.861077,76.164538,73.445385,68.964461,68.549538,65.362154,65.692307,92.439923
125.321692,80.049462,60.753846,56.964538,56.212,50.713,55.473539,56.750846,52.499538,54.011385,54.95177,52.577461,55.800462,49.217769,50.641692,47.451,47.747077,47.792308,45.336154,45.482846,45.562077,45.565616,47.785615,45.641077,47.312616,48.931846,44.909692,45.005461,45.076,47.271616
92.209,75.045615,76.226384,74.078308,74.207846,73.913692,79.970385,77.862923,80.048616,76.853,73.462077,73.944615,73.875231,74.784616,76.693077,75.116462,78.338077,77.786539,73.215769,72.876846,75.058,73.401154,74.233231,74.473923,73.98223,72.762384,75.708847,80.621616,83.249615,97.302077
94.371231,74.263,78.053154,80.701616,74.709769,71.840769,73.330539,70.222539,70.697461,69.766539,75.018,74.472308,79.198615,82.097154,84.699,74.992,74.405846,72.003462,74.137461,78.159,77.359077,80.460539,77.827538,80.028539,80.343385,78.902923,81.986462,80.839385,84.143384,82.524308
69.060692,56.862385,57.078231,58.38223,61.917308,65.355307,60.602308,67.136923,65.009307,61.247077,61.096615,58.25,60.724538,58.771923,61.647077,60.984769,60.958,62.437769,64.189923,60.521923,61.403692,62.139,61.088231,56.043616,55.890384,57.247231,57.165462,60.243077,57.845846,54.292923
57.956539,51.748308,47.071077,46.066077,45.142615,44.253846,46.150538,43.68677,43.923461,45.35023,43.909923,45.903461,49.052616,47.413692,45.769615,47.966923,47.791846,46.622693,45.442077,43.729,43.558769,43.512923,43.605154,43.430384,43.704153,43.67123,43.429923,43.838615,44.538923,46.131
72.605692,66.512308,66.147076,66.845923,66.953615,69.365,70.078846,65.174077,66.664923,68.335154,65.696923,64.516462,64.544616,64.973847,64.882385,65.380616,65.165077,64.773461,65.116769,65.000615,65.816,64.945693,64.576846,65.097307,64.844538,64.486616,65.094923,64.766923,64.848769,65.871
90.123692,73.389308,79.593693,76.696615,71.930539,71.766308,71.743539,78.931308,74.061077,80.336692,82.445538,84.191154,75.417385,70.265154,73.833692,72.296154,68.959769,70.805769,71.309,71.079308,69.205,74.716616,72.20023,67.16,67.319154,66.812538,69.535693,70.326616,72.955307,76.457231
58.926769,56.386153,54.088,49.135615,49.787846,50.572077,50.635693,50.297923,48.019154,49.006923,49.695462,46.755461,48.157308,47.760308,49.552615,50.968385,57.189077,53.684462,58.339693,58.413846,56.387769,51.012231,47.288077,47.276,45.385539,52.349692,48.317077,53.539308,52.570847,50.318693
58.342077,55.483,56.700231,61.569154,64.642385,61.080308,58.579538,62.720693,64.816154,69.281384,63.624462,58.461923,60.057076,55.577846,56.997,59.525769,61.269846,79.686,64.753,62.791308,53.277538,57.857769,60.034154,56.187077,51.840692,53.084385,53.594846,47.828307,49.534693,50.935308
105.860076,90.919923,93.735461,103.815462,94.407538,94.621154,94.327461,99.444461,95.366077,98.733,95.117538,98.980154,97.380077,93.299616,97.046693,90.60523,95.916384,98.495461,92.355923,80.451077,78.655846,87.138693,87.742384,89.447462,86.205769,88.836385,85.064153,82.46123,79.346,78.708154
79.210308,72.445384,73.043847,75.776462,77.707539,74.181461,72.932846,75.067385,70.01,72.510461,74.491077,72.157308,74.483385,69.702308,68.993769,66.866923,67.442769,67.516077,65.108769,66.619231,66.725077,69.768,78.833077,80.725,78.643384,80.432692,88.333308,77.851539,78.582077,74.16577
69.317538,63.802461,62.833923,63.229308,66.665692,71.773769,75.528384,74.263077,71.033077,73.176307,65.886384,62.45423,63.467923,63.186385,63.769385,62.896615,72.446923,74.883153,67.622385,69.216923,74.342,78.533154,81.312538,79.866923,77.392846,75.584308,76.023153,73.372462,71.564231,68.990923
93.283154,85.206461,81.848846,79.886692,76.098769,80.729539,85.907769,77.123461,77.941077,76.507615,80.264154,77.507,72.388308,66.818461,65.708462,65.637538,65.742615,68.019231,65.889231,65.769692,66.047462,66.380231,66.279923,66.411154,66.060846,66.193692,66.884615,66.607231,65.556923,65.822231
66.026,66.372693,58.704538,58.329923,58.10277,65.359308,66.134616,72.767923,67.013769,58.842769,58.444077,58.22977,58.680539,59.178153,58.768308,60.423461,58.973769,57.094461,57.987307,56.501539,56.604077,56.508769,56.661692,57.435384,57.188231,56.6,57.366693,57.549462,59.748154,58.219846
84.543846,69.209077,71.285462,70.974154,71.799769,71.415461,72.128539,72.482307,72.025,70.229692,70.976308,71.521692,71.654616,71.531462,70.737769,71.210615,71.746,71.790538,71.366846,71.478077,71.633384,71.386462,71.469923,71.246692,71.472308,71.643615,71.356231,71.794231,72.785308,71.195384
90.202923,78.467616,79.157846,79.047153,78.859077,79.713462,81.227154,81.274846,79.020923,78.379693,78.454615,78.68923,79.840307,78.436154,78.541077,78.690539,78.441308,78.388307,78.038385,78.894077,78.494,78.453846,78.470692,78.493461,78.578,79.223154,78.402539,79.860384,78.932846,78.310846
64.132769,59.443307,57.485616,59.067308,59.824077,59.241538,59.760539,65.035308,66.989846,70.309461,65.133307,67.729231,67.850616,66.407154,64.874,71.290462,69.606077,67.636384,62.738154,64.176769,65.011923,63.54977,62.467692,64.833769,64.994461,63.131231,68.333924,65.283923,60.630154,65.502846
79.283385,73.119615,73.663077,76.342154,72.45677,72.916923,74.243231,73.673538,73.520847,73.389615,74.317462,74.024538,73.345154,76.402923,73.788307,74.226308,75.941308,75.357769,73.208231,73.319846,73.92423,71.013154,68.767,70.595616,70.554615,75.815538,69.552692,70.042385,69.496692,77.290385
79.540846,71.738692,75.531924,74.671538,84.591231,80.285847,82.334846,81.770154,69.496154,67.778077,69.928462,77.210077,83.559231,73.424692,75.457077,70.640077,69.248,70.872615,69.181,73.837384,73.174846,76.096616,76.643693,79.242769,88.769539,70.719462,68.89,76.588538,73.432692,74.878615
81.724846,56.560923,56.640539,57.466539,58.586153,59.656231,59.341539,56.425077,56.966154,56.273307,57.108539,57.063307,57.098231,58.410846,68.779231,64.57577,63.422692,63.040538,62.130461,60.486077,61.006846,61.824846,61.546462,60.85723,58.940538,56.933693,60.836385,62.265231,60.825615,60.352154
96.222538,87.293,84.918769,91.089539,93.084308,90.615615,84.515846,87.111385,83.637,95.135308,92.693615,88.676231,97.731616,91.720616,91.221384,85.084462,85.724538,91.578384,89.888,86.44277,87.467846,85.725384,80.962077,94.173923,91.859385,92.039769,95.251,103.512,101.421308,91.21277
95.262231,83.199923,85.033154,75.506846,74.791308,77.160615,85.652923,86.426153,92.780692,92.24277,89.120692,86.613692,90.855692,93.299769,73.702308,73.346153,93.214307,80.621077,79.680616,71.996231,74.470077,70.74977,74.171154,77.317077,77.174462,75.733,76.061538,74.763384,77.441154,84.103846
81.346384,67.565615,66.11277,71.107,71.087769,70.604615,71.405923,71.621308,72.235462,70.982,68.828308,66.733153,68.370077,72.009154,70.269,69.506539,66.135769,68.718,74.110538,81.694923,77.331846,83.298615,71.584307,73.292231,73.683769,72.777385,66.106385,65.328077,67.225692,69.522616
68.219769,55.859539,55.623385,51.930692,53.017385,60.906307,58.379693,58.975692,56.161538,52.039769,49.386231,49.827616,60.062,56.669769,55.728615,56.617923,54.579538,51.114,48.54677,50.023077,54.182077,54.40023,55.118308,58.033,59.390616,49.973076,50.095153,50.080308,49.070462,49.661077
93.583077,72.177462,71.660923,72.750154,72.829385,68.947692,67.08523,65.761384,65.551692,65.517462,65.66777,67.046923,72.232616,75.611076,72.651615,71.588692,76.087615,72.423923,69.542769,71.425385,71.802769,72.382923,69.057923,77.367616,76.358846,77.011,87.608384,78.535692,85.644,89.082923
85.132769,71.634461,77.996923,84.206231,91.307308,82.332077,79.644923,77.070231,84.233154,79.59377,71.619539,74.516154,78.197846,70.639231,72.788923,76.256692,77.805154,97.259692,87.237153,94.229692,81.060539,68.029615,80.801307,75.817539,70.771615,71.246846,71.852769,72.368923,71.527385,71.780153
136.887,80.088693,75.490692,70.713769,73.402692,72.057924,73.026231,82.148076,79.522615,88.800154,79.06677,73.054,72.752615,74.374692,70.746231,68.009846,69.396616,64.112077,64.947769,70.131461,78.753923,65.633615,72.520692,70.271307,79.093077,67.923538,65.111077,72.428615,80.464846,84.946462
66.130846,48.993693,48.955461,49.389692,48.387538,46.768154,49.059231,54.498539,50.140538,49.746077,50.421077,47.983923,49.849769,51.864461,48.068,48.572692,53.003077,53.150307,52.820231,50.716923,52.220692,54.765462,54.795692,48.08723,43.59977,42.911615,43.487693,48.124923,47.204846,44.388616
121.500308,90.302769,99.200154,92.440462,94.616692,92.587693,95.574693,155.876077,159.885462,192.829461,168.814462,189.720077,142.684384,139.858923,124.608923,113.680231,126.899615,128.429462,116.038154,95.215077,113.923,112.934615,108.849231,135.184846,130.229154,122.962538,106.348692,92.748462,96.354,103.785231
88.972615,71.86823,66.30923,63.772385,60.321769,61.606,56.738077,58.434461,58.643154,56.602,57.198616,57.164539,55.930231,56.36977,56.294384,55.110538,58.278,55.488,57.119615,57.752693,58.228154,59.010231,63.208307,60.584308,61.057923,62.740154,60.443616,60.319077,57.03777,58.18523
68.94077,50.120385,50.317231,51.349615,52.505153,50.667769,51.160769,52.585692,55.76777,58.795077,55.161616,51.577692,51.466307,56.384385,53.720385,54.71923,53.283,52.414923,51.944231,52.15577,50.672,50.41877,51.261769,56.553462,53.245923,55.869769,54.086616,53.317923,53.188,51.93723
96.213616,69.663923,76.425692,81.704307,73.509231,71.466847,73.746769,73.971846,75.071385,76.559923,75.551461,76.310154,75.215692,82.128308,76.321385,78.331231,81.210692,80.113538,84.266769,79.43877,80.974077,85.765077,82.27,86.471923,80.593615,77.788539,77.332461,75.869769,76.337,74.125077
505.641231,324.917231,299.496615,289.386231,310.443539,295.545615,297.015693,294.162,300.557384,285.343384,286.894615,279.060923,269.246615,269.337923,270.318461,317.837923,295.750308,308.645539,290.56077,285.306846,302.955,305.176923,304.333462,279.943077,295.925692,300.925693,289.806461,286.692154,309.917385,302.948231
322.939615,317.057692,319.366385,323.002385,321.328461,330.26,337.099923,324.092154,318.757616,320.487077,322.631077,324.215846,319.970538,323.505153,321.925001,320.494231,322.291615,324.495615,321.648308,323.404692,321.968,322.446615,318.337462,300.849539,301.527154,301.689308,304.640769,319.883769,322.717924,310.193538
252.204616,220.608307,221.281846,220.459077,219.944692,219.214847,221.094769,224.480385,223.35823,243.436231,245.373846,300.694769,386.437154,250.439923,238.564615,236.93,285.641538,319.084307,239.750308,236.919538,236.570153,235.418385,240.653,247.545923,364.431,261.49623,225.457462,236.521769,231.708538,233.436693
346.86,318.477769,317.778615,309.626307,297.013769,294.423384,295.795153,295.905307,314.880615,318.300385,320.35,317.596077,317.791077,317.399231,319.922308,322.535231,327.939846,315.087692,316.72523,318.925384,317.91723,316.604,317.362308,317.200077,314.446077,318.776077,316.847846,317.359539,318.004769,317.539385
203.491616,180.118616,178.758923,178.134154,171.772539,171.407154,170.753,170.388692,171.002846,170.006616,170.699923,170.642538,170.152769,170.220924,170.301846,176.829154,178.529385,178.647692,177.023,178.878539,179.958077,178.978693,178.652769,177.991231,180.575615,179.434692,180.986616,185.506923,183.822769,181.782615
317.935461,301.919615,290.286769,293.078923,293.187308,374.752923,414.331538,294.338462,293.951769,294.552769,298.246154,357.068231,363.103,274.103923,293.94,291.31,297.306077,310.984923,311.139539,292.621693,295.620692,295.687847,292.675923,285.900077,295.110846,297.683385,305.427077,324.033154,280.845,274.210692
285.62077,264.457308,278.811692,283.673308,294.750615,279.259385,275.705846,277.431461,276.079,276.491615,278.970924,278.110231,403.283154,284.75,275.855385,276.054308,279.086846,275.921538,276.442,270.732,278.710231,276.381307,276.240153,278.986846,276.057538,277.303923,275.074692,277.136615,275.898769,278.844385
243.503847,227.775231,224.995154,227.661538,241.898615,243.122693,246.825,246.608,248.049385,249.449462,256.949846,249.520846,243.749923,250.189692,224.490693,232.028231,243.377,245.641,246.061385,247.025076,244.373308,245.104769,243.938692,243.693846,241.885385,242.257461,246.176308,243.073692,225.013769,228.071153
352.230923,315.845231,298.106308,302.822462,294.704615,298.826308,299.030154,318.990538,422.975231,356.983538,319.06977,318.668692,319.826231,323.821769,321.1,328.486154,319.056615,319.864077,318.575,327.32777,382.374462,318.766,317.955077,318.68523,319.321693,312.461615,420.816153,414.799769,404.685077,365.721462
329.415846,277.62,274.506385,288.252615,394.714231,327.209692,288.219615,288.427616,431.462846,331.283154,289.698384,283.224846,290.353385,298.559077,298.060924,288.827462,287.711077,287.464154,287.512308,287.707616,291.605385,365.514077,290.744231,285.660693,287.558615,288.952693,287.020231,288.228847,286.289538,285.291077
339.838308,322.016462,323.087462,321.498308,321.345077,327.969,326.008693,318.643538,320.156,320.773308,320.964308,322.996231,323.56,321.670923,321.823231,330.536769,326.551923,322.659461,320.975462,321.030308,321.668693,321.013846,323.818,318.477769,319.680847,321.537615,316.939539,320.650384,320.037,320.902462
262.15923,243.314077,242.889077,244.434154,240.885,233.028077,233.674231,233.138154,234.695077,232.560308,233.048231,245.955077,242.494384,243.060692,241.485923,241.355153,242.891,243.636231,243.357231,243.136384,241.464846,246.499385,248.724,249.854846,244.115154,243.214615,242.610692,242.897154,242.676154,242.884461
183.648154,154.418462,153.961538,156.087077,153.515692,151.042,153.885231,154.222231,153.681462,154.075308,161.237,154.405385,153.561923,153.690692,153.897846,153.674077,154.112538,153.982846,153.434923,153.845846,153.806923,154.076,154.005538,154.030923,154.227,153.418077,153.880616,153.395077,153.266,154.325538
255.980384,233.781615,233.868308,234.89,235.486,231.774693,232.814384,233.305846,234.945154,233.819,238.223538,251.508461,247.572923,246.684847,248.279154,375.900539,324.683308,243.180461,241.431154,234.727539,233.910077,233.487154,234.202385,243.351154,251.36723,237.441077,241.603538,241.158616,242.838384,241.566538
324.822692,290.156307,280.871616,269.956,271.568615,271.397385,270.433308,269.567693,271.616,269.877231,282.165923,378.309539,384.109,289.071615,289.402307,288.382,289.183846,317.700924,450.020384,284.11623,282.009923,288.558384,287.471692,288.363846,287.203462,288.166,295.176692,319.231538,346.598846,295.205231
220.968307,206.512231,210.217,208.360615,208.168231,208.565923,209.633538,205.431693,207.468385,207.506385,207.155539,207.270769,209.228,207.889538,209.735308,317.488615,223.610692,209.476616,208.935384,208.699384,208.339769,207.579154,210.269616,204.015077,207.074077,208.671385,208.222693,208.250769,207.525231,207.359846
237.079231,218.021616,213.823923,217.101307,209.828693,214.299,215.325924,213.875923,215.865154,214.153615,218.296308,214.741307,212.899308,213.234,213.028769,213.201539,215.414077,207.188384,207.851231,209.646462,212.051539,213.067,213.709769,213.65477,212.778461,213.766385,213.745538,213.745077,213.229154,208.694692
270.30377,253.224153,247.575923,237.413923,253.174923,247.539769,251.741462,249.324692,252.450385,380.054077,292.783154,252.198385,256.771923,255.687,246.152077,243.330693,248.000846,262.474077,247.626923,244.845307,243.550154,242.81677,243.241846,245.614461,279.650077,276.819154,243.778538,244.120076,241.720615,242.417077
341.769846,315.884616,317.930384,316.392693,316.861385,312.689846,316.52223,320.650308,322.96777,324.425385,325.122077,325.857923,320.328154,320.901231,365.932462,392.552693,318.995308,316.990308,316.92277,319.444076,408.138077,310.720154,318.385846,317.630846,316.177154,317.684692,471.248461,319.716077,316.664846,389.504539
359.669,252.105846,252.518384,254.506385,257.289692,258.843,264.325923,259.158846,265.466308,268.442307,286.583616,293.600615,271.848308,268.808385,260.383923,282.133846,262.535077,242.206462,246.617693,242.352231,255.540923,253.757384,254.308153,237.654077,267.706616,247.247154,235.860539,238.000384,317.485308,334.228077
237.459153,200.03,192.917846,193.754538,193.292846,193.134231,194.907384,340.378308,245.886307,200.42877,201.393231,199.733538,202.046924,201.501461,201.782154,201.366924,201.555692,201.57923,201.949384,201.902539,200.882692,201.842,200.633538,288.893,233.149923,192.483308,195.880615,201.551692,201.249538,201.291538
340.153539,316.279231,308.027385,314.652692,314.42277,318.00523,467.297462,326.753923,292.691692,297.967538,313.518385,315.856385,313.019462,310.584385,293.256077,292.653539,449.519538,373.568231,312.063923,315.092615,313.812077,310.527384,311.603693,313.611846,313.694385,315.572154,314.972231,312.879231,313.301538,315.115
399.467308,353.672462,352.811923,347.706615,338.960539,328.261769,329.662231,331.112,332.78077,344.532692,348.984308,348.766692,347.304231,351.040538,351.372077,351.479077,348.277846,349.517231,535.617693,352.240693,345.726461,348.605077,348.138231,345.569769,348.545077,347.770846,346.693769,347.631846,347.540077,349.270693
191.935077,177.162538,174.690846,179.743461,173.538692,174.277923,177.660539,177.178462,177.672924,176.129308,173.658692,177.093923,175.498077,177.558616,177.648923,175.93,176.943231,180.218077,178.99177,180.458308,175.95277,175.161615,177.157615,181.666308,175.897692,176.354231,177.214307,176.805154,177.599923,176.451539
209.396923,175.032154,191.887769,164.867616,169.843923,175.941615,177.067231,172.510077,179.887615,173.095462,173.477846,173.355385,172.970307,173.748846,173.99123,173.156769,173.367924,173.677847,173.793231,173.119615,173.257154,172.893385,173.334,172.824231,175.213615,174.970384,173.065769,172.873615,173.086615,172.702539
363.300154,360.215923,315.048615,392.284154,318.858539,360.374077,325.639462,293.185077,281.422461,317.305308,283.139154,288.097461,446.534307,316.351385,292.252308,286.449539,289.536615,288.624231,290.262693,285.440231,290.119692,288.931077,286.960769,292.718692,291.282539,290.554923,290.038,289.850308,289.233385,290.194308
318.533154,282.275538,281.886,284.069462,282.735077,292.768461,304.144692,306.607923,294.330846,289.518615,303.627308,301.33577,412.977461,377.618385,302.960384,298.517539,283.898154,282.582846,284.20677,282.170769,285.777077,280.910538,282.458001,281.907538,283.326077,290.246615,287.037,302.811847,301.459769,301.347
321.600846,302.451923,295.497231,301.62823,300.725769,293.017692,282.805461,286.547307,305.367462,300.255462,317.623077,301.950231,309.544308,311.852231,303.894616,302.10177,300.292385,300.413154,300.410615,296.959461,301.401307,300.633462,299.069384,300.016616,301.658923,292.678231,300.923077,302.638308,301.281385,298.330153
173.401616,141.811462,142.023923,145.223539,142.544923,142.037308,142.273462,143.99723,149.909154,149.576,150.591692,150.421847,148.840692,147.501231,146.649231,146.843077,146.383539,145.754692,142.491154,142.436154,142.678231,141.800693,142.265077,173.417462,249.633,241.094,156.487384,149.540924,149.656769,149.573692
330.430308,304.144846,303.323923,304.664769,304.533,318.67623,323.22,316.991,325.101693,320.79023,323.305308,324.296231,325.262308,323.438,324.138538,322.08477,323.933308,324.579539,323.344077,321.976461,324.175077,322.70323,319.257462,320.609461,304.78,302.089077,302.991,311.719538,319.086846,311.090154
299.329538,250.347384,240.424769,241.357154,240.838231,241.111384,254.179077,258.819385,260.667846,255.963769,257.918308,257.780077,261.840539,254.536231,264.635384,257.214461,257.042616,255.792923,252.809769,255.439153,255.338692,259.878693,255.19323,257.371385,254.574307,256.344615,256.917615,256.392231,258.301153,252.496
272.236693,253.413847,255.674231,253.863385,252.808615,255.477231,253.469539,315.894539,255.587384,256.312769,254.261308,253.541769,253.634076,254.293539,252.674308,253.995077,252.821307,254.619615,253.802231,253.619923,252.985846,253.204385,253.554307,254.596462,254.316769,254.227231,251.913461,253.025154,255.581769,254.002154
275.679,247.804461,252.615307,247.70023,249.394231,248.276384,249.560769,244.694231,246.750461,248.603462,250.339231,244.494846,247.26077,248.967307,253.659,255.376462,265.646231,252.292154,243.613924,250.755154,248.665692,248.516847,247.610231,247.405384,246.661231,254.977154,249.659692,250.128769,249.756923,250.452923
278.684924,241.312692,237.932385,239.769461,237.718615,238.752769,237.363,248.810616,253.990692,252.116,255.572384,255.399924,256.343769,252.606308,255.500923,255.946616,255.86,252.582154,255.752769,256.773,256.764539,251.123461,257.348385,257.264,262.849231,263.276231,264.16823,259.295693,253.575,258.01677
334.622539,287.737308,282.731846,285.955154,287.350077,287.753539,286.526923,287.646539,286.978693,280.646923,293.349308,287.242846,287.303,286.303154,287.282231,385.568769,394.772846,289.378153,288.705385,283.701307,287.010923,285.766692,265.704,266.646923,265.958923,266.372846,278.265616,288.136231,292.169923,297.797077
332.644154,307.650385,303.999307,304.417385,305.171846,343.708539,398.301692,306.145846,307.267385,301.032308,304.6,297.581923,287.434769,297.194616,306.401231,304.187307,304.936077,307.331846,313.253692,310.811923,305.041846,304.134846,302.519692,304.693077,305.865231,301.084231,304.248846,305.124538,305.101154,299.799154
325.11723,315.413153,278.606308,274.85577,274.457539,338.998307,424.125231,297.331692,294.295231,294.937847,297.235924,290.579462,290.364308,297.333462,293.159307,294.818846,294.049384,296.997538,289.711307,296.128693,296.484,295.917615,403.565308,350.124462,294.970846,296.701077,295.284308,295.927154,295.197615,295.247308
283.213,255.911154,257.478616,258.408154,261.636692,269.980539,256.411384,257.172,259.188846,252.437924,255.882231,258.649461,257.034077,255.921923,256.441384,256.256,257.177693,252.894077,255.942,256.208924,255.067077,256.697154,255.877384,255.807538,254.594538,251.166923,258.169615,258.998923,255.581077,255.541615
329.957231,298.289307,294.206384,295.787539,297.687308,295.210538,299.860923,317.248231,314.429538,316.426231,318.821077,323.263846,319.405462,301.699846,313.323077,325.007539,408.500847,403.542462,315.415846,316.34277,315.408462,315.701846,318.251616,318.837615,313.505308,316.20177,309.996692,295.464,295.044461,297.945462
251.708,230.537923,232.481923,229.83477,229.748385,229.137846,229.441462,229.591231,229.537308,228.919077,231.445923,229.405461,229.235923,229.727385,228.928539,229.777846,242.217769,239.286692,244.110154,247.123693,265.520077,265.098385,269.436154,271.492846,288.721846,275.155076,270.761231,270.183538,281.943077,293.043462
406.156,342.034615,342.898154,347.351,349.942461,341.444462,361.345231,339.469923,340.749538,397.591077,327.342769,314.701154,332.191538,322.124,333.987692,334.903,332.775231,343.292154,340.089154,322.966,338.399615,327.382693,325.097,326.835154,353.751692,472.918,324.464461,304.179077,303.564462,305.860538
380.262615,318.61423,316.843154,314.287615,317.384231,320.031923,317.055539,319.379308,320.191077,316.706538,314.134231,319.244847,318.198154,318.815154,318.302384,317.198077,318.367923,326.956231,328.646077,318.779077,322.434308,321.204846,318.444616,317.958385,318.549539,316.265923,318.102307,322.910154,315.829384,320.997923
347.507539,320.113461,323.629923,318.975538,320.269462,318.239308,320.774538,427.678923,321.256384,319.948462,315.062769,320.577692,319.709154,319.056153,326.200385,322.585769,318.013231,317.243846,322.264769,333.958539,320.845077,298.140077,309.466692,318.882923,318.260308,295.830616,315.011461,325.825154,315.481077,319.970462
216.290615,199.507077,199.417846,193.636231,198.384385,198.273539,196.608692,197.224692,197.006923,196.877846,198.247769,198.626231,196.965,198.215307,197.900461,196.779692,197.59,197.742077,196.507077,198.479846,199.565692,195.402539,194.094077,197.048308,196.455769,198.408308,196.163,197.303153,197.054384,197.509923
299.706154,256.811923,269.004,282.004539,294.711154,271.996769,266.471384,270.548769,267.268231,271.401769,260.509461,268.301615,256.993385,250.328077,250.258077,250.625077,250.146693,250.795616,249.266231,250.665077,249.777,249.394847,249.885846,250.480077,250.627615,266.872538,268.61723,254.777538,249.472847,249.276846
367.488462,352.468923,332.057846,332.578462,334.035692,535.473077,378.39223,361.257385,364.087308,347.132231,332.762769,338.012385,359.253923,353.562,358.112538,355.757308,352.639385,357.302461,359.054462,363.787384,357.703616,357.437769,357.767693,356.753154,358.558077,359.351539,358.277077,357.440769,356.373384,356.735462
329.772846,290.787077,290.204384,288.843769,293.126231,298.877462,333.985154,311.923,324.254461,312.326308,310.166615,311.774924,313.787769,311.158001,313.243154,313.782615,312.602231,315.522692,331.312616,337.127154,331.292769,303.643539,306.340692,289.923693,295.275846,311.182461,312.823461,312.045615,313.602692,308.371385
296.727923,277.894923,275.054769,274.962461,278.737231,278.114385,279.911538,285.845308,293.605769,453.888847,302.312615,289.484923,285.574,289.456231,278.081693,277.683692,279.759693,279.267308,278.794308,278.542615,378.921923,277.952923,277.751846,278.826,278.940769,278.802461,279.591385,277.941153,280.268924,281.072384
233.539616,214.920077,213.837077,213.935693,213.164231,215.487846,213.432693,213.556693,213.191231,218.793693,210.858,212.303923,219.967847,213.750385,215.653154,215.483923,212.130154,290.283846,337.03477,214.739846,213.532923,214.180692,213.375923,215.334154,209.081462,204.079615,348.811693,287.014847,213.592769,215.143231
346.740153,323.114615,317.279615,314.828846,323.844077,323.438076,322.641692,324.161077,322.224385,322.109385,322.291538,324.924077,322.276462,324.374461,323.704769,324.533923,322.829769,322.006231,322.108846,326.540615,333.275615,495.384231,356.770154,303.159846,302.960384,305.406077,302.003615,303.932384,311.888,318.744308
249.751384,219.252077,221.237769,218.627154,209.915231,209.819231,213.958154,209.775539,210.256769,209.905076,210.589154,209.582692,211.310385,209.638769,209.708769,209.174769,210.47877,212.149231,210.482461,209.573461,210.205846,210.424308,210.075769,210.833308,209.800077,209.93623,210.060923,240.472616,310.510616,210.726231
358.835923,354.685769,349.492307,349.047846,346.416231,347.789846,336.218461,325.509384,323.430615,324.271077,338.106,350.720385,350.015616,346.908615,349.084308,347.797692,346.066385,323.519154,323.662923,526.069538,368.618308,346.469384,349.737539,348.994461,347.485,336.936385,323.150385,464.216461,391.325769,345.337154
230.792077,213.916538,213.800462,214.402615,218.449846,223.014846,224.224538,221.435846,214.139077,218.955,213.348077,213.475462,214.129538,221.108307,223.091461,222.496,223.363385,223.127,325.215615,254.502,223.561846,222.989308,220.437462,224.226692,224.291231,222.491384,222.256077,221.693692,214.603153,213.500769
351.600077,351.727615,350.438846,343.616077,351.139923,350.575846,400.042769,388.284692,358.309923,355.103461,351.01,365.795846,337.085385,347.828615,351.876615,350.007307,351.537,345.261615,348.841538,352.460077,352.268923,352.089154,349.917923,345.476693,351.504692,353.044154,348.884077,351.755307,349.184539,354.141538
195.18823,165.049462,164.764616,164.894308,164.98077,165.773,164.894384,166.498539,164.92377,164.933308,173.487923,166.286692,163.822231,165.954615,169.652308,177.686847,174.938769,174.39423,177.207077,173.166461,165.243385,165.573077,165.197077,167.275462,173.644769,174.644154,178.701077,173.171769,173.908154,173.363384
262.649077,232.083615,232.115847,231.221308,231.136077,232.378385,230.414846,238.284462,230.460846,229.120693,228.444384,231.471307,229.430615,222.490538,223.224384,221.472615,221.658616,220.802462,228.229,231.249,231.087154,232.134154,232.017693,236.179154,227.263462,231.675538,232.515923,230.410154,230.772,232.649462
240.712231,262.717539,223.509846,228.964692,211.394307,210.656,208.931538,208.041308,206.490692,206.487769,207.515769,208.099923,206.832385,209.321308,206.745077,206.661846,207.984923,207.05677,206.945077,207.020308,213.798769,217.805154,216.604539,218.85377,215.781923,214.371307,216.91177,216.958847,212.59423,209.006846
244.142539,223.349,223.264,224.006154,225.615693,223.299846,223.567462,222.846154,222.879615,224.148308,222.759308,222.788385,222.706,224.347693,229.140231,232.034154,312.696077,384.794846,242.570231,234.513308,235.379,239.621385,238.421384,232.760384,231.505539,240.141462,231.445385,298.875308,225.555077,233.363077
241.983077,206.329615,206.719231,207.191538,210.990385,207.564692,206.681923,270.042077,326.174615,217.07923,215.761385,216.674231,214.730539,218.527769,215.436615,216.041154,214.621154,216.889308,214.987769,207.001693,208.024846,207.914231,207.27,206.803769,207.763154,207.495307,208.298077,207.390077,207.251077,207.320615
307.492077,304.385231,317.828846,301.600769,303.754077,292.661231,282.322693,283.219769,281.428692,282.740154,281.67877,283.226769,295.500769,303.961154,303.797308,302.206308,302.613923,299.508308,299.005231,301.164923,300.336769,302.399692,304.071539,300.377077,301.283769,301.634461,301.418846,301.479154,302.400384,301.339769
273.312769,247.023923,247.027077,246.030769,246.722616,260.697846,248.119538,249.196539,249.877769,237.067154,241.602154,240.900385,374.763154,308.79477,246.573462,246.670077,246.553615,246.271615,246.338692,246.932539,246.199846,245.943153,246.457231,246.105308,248.573615,248.143308,246.754385,247.061923,246.956385,246.596308
175.387154,155.898846,166.577692,147.516077,146.437693,146.491769,146.843769,146.857384,146.314154,146.753,148.074615,145.973539,146.804538,146.160923,146.506538,146.491538,148.322385,150.247,153.529154,154.551077,153.940461,154.231538,156.240693,155.728846,153.202924,158.656385,149.272385,145.677462,146.161461,146.947692
373.783385,345.198462,344.988153,347.676384,344.700385,344.739846,343.957692,343.964308,342.402307,344.75177,344.517539,348.393307,361.843154,418.632693,344.451,344.268846,450.93923,360.891846,344.112923,344.166154,343.568615,343.663693,345.987461,344.874154,344.037077,342.09423,362.733077,340.967693,343.377538,345.580154
212.420769,189.388615,185.782769,184.185307,184.268538,185.079,185.639384,186.310077,190.889846,192.824769,193.478384,193.116846,194.304846,193.358384,193.749462,192.608462,192.946077,194.182077,192.338231,192.946847,194.534616,331.588923,227.700308,184.033847,184.510308,184.60623,254.257769,282.203923,198.214462,192.666769
238.792462,219.434308,219.146692,219.120077,218.407462,217.902846,209.783847,209.557847,211.269538,214.094539,221.596077,229.439,220.943231,229.173154,219.122693,218.570692,219.702846,218.976462,219.351,219.054231,218.471923,219.885077,219.048692,218.610846,218.792539,219.007923,218.959846,259.453,327.895692,209.896231
249.204,228.151307,237.302,238.629923,236.778846,237.843307,234.838616,236.126923,236.413308,233.946616,221.235,221.460076,221.090923,220.993616,222.560154,222.415308,222.017,233.189615,237.261,237.088615,237.379462,237.76077,242.175308,241.653461,247.005077,221.633616,222.433769,231.907231,285.424231,249.55677
269.322847,243.425847,242.960154,238.08923,243.614231,241.035539,242.347692,234.278231,234.800769,235.744769,233.870769,234.183231,234.757615,243.252154,243.350538,245.461,244.759384,247.453538,296.7,299.838154,244.962462,246.397154,244.397923,243.586461,245.078154,245.784231,244.863154,244.321846,243.600847,353.830077
103.582461,77.783538,60.733077,53.375462,51.191461,52.082154,51.751693,53.36677,52.432692,52.409615,48.639308,51.914153,56.099693,52.385,50.634692,56.22,54.761308,55.158769,51.324847,52.186,51.140231,51.032615,51.000693,51.28623,51.056461,51.253616,51.368615,51.074692,51.302077,51.001924
118.773231,104.719153,108.945,123.076,117.313231,106.952923,107.003154,106.705,105.158231,109.428153,102.98077,106.543308,107.138923,107.007154,107.067154,106.017,109.486847,106.485538,106.248769,106.925462,106.007538,109.984,105.700923,106.862461,106.621308,105.840769,106.344692,104.685,106.368307,104.052077
242.718847,170.186769,168.740154,169.119538,165.671,169.047154,168.574846,166.637538,170.781,168.522615,165.096692,168.424692,169.928846,171.944769,164.434076,156.582693,154.446923,155.509616,155.032923,155.206538,155.636308,155.472846,155.50977,155.815538,156.172,155.087923,154.965692,154.917769,156.161231,154.985923
247.800385,225.119,229.041307,245.377461,240.514615,237.396385,237.298539,237.611231,237.292384,296.808616,355.183308,242.549538,238.335154,237.671385,236.884154,238.560231,237.229308,238.094231,236.476307,235.850539,237.572231,237.667231,237.998154,236.444615,235.114308,243.070154,238.523923,237.593385,236.845461,237.191231
378.35677,264.717461,241.185385,242.144308,245.550461,243.84223,242.208923,240.781077,240.305308,243.087384,242.733923,245.731385,250.182769,242.865462,223.835615,232.767154,242.470539,239.420077,235.475692,240.603923,243.023462,238.020461,241.108,221.202,221.378384,220.715154,220.961076,222.379692,221.169615,221.825154
261.713923,242.915923,241.763538,242.545154,239.832308,238.493923,227.032385,227.542076,230.415154,226.493923,227.082154,227.494307,234.130692,241.166923,242.773077,242.092693,247.984692,276.584308,272.047538,231.44977,227.225846,227.605462,226.966923,235.152307,247.478692,369.823923,343.117769,243.008308,244.300461,239.549308
302.944154,269.930539,286.261847,292.302615,287.560769,288.092693,280.035846,289.184308,288.013154,301.986308,284.915385,267.619,266.999461,272.998923,287.479077,287.260847,288.750846,289.361846,323.370692,336.137616,342.305,303.803077,293.295616,277.981923,275.722769,274.165923,279.419539,294.105385,282.339,293.593923
280.173615,245.677154,236.150154,239.477461,240.734231,252.445307,236.286538,237.272385,334.987461,273.013846,239.130846,250.513693,259.176769,250.713615,219.259308,223.27977,235.410615,232.274769,235.719615,235.405307,235.906231,236.575615,236.039692,235.065461,236.295077,235.653308,234.228846,236.802693,239.745462,246.873538
496.698846,493.505153,420.392231,400.611077,414.747923,398.381231,422.076846,416.835693,442.342077,392.382923,548.213001,384.833,372.083,375.545692,371.816385,371.626538,372.168308,372.478308,373.778385,371.601769,372.971384,373.306307,392.574846,395.256462,451.336924,448.431461,395.815923,395.611539,396.361077,407.292461
127.486,103.361308,102.174384,100.135846,94.990461,94.600231,95.817616,94.305923,94.821538,94.737077,100.547847,94.675,94.468231,94.735231,95.042461,94.793923,95.370538,95.13,94.223846,94.951923,94.658385,102.366384,101.683846,101.985692,101.81223,101.422539,101.605154,102.311539,101.385462,98.115539
191.160307,178.037308,176.801769,176.254077,176.245231,179.402231,176.767847,175.898076,166.058692,167.695,164.940077,166.217077,164.744846,165.566308,166.040923,165.717231,166.048154,165.296538,172.941462,176.376538,176.977385,177.865231,178.344231,176.908462,177.607692,177.983615,176.388154,177.920154,225.847769,212.437616
233.648616,216.725923,218.930846,217.852846,217.715539,236.083,362.836154,251.489461,217.927307,218.895077,218.01823,217.178615,218.555923,218.488846,217.273307,220.274846,219.135923,220.259385,216.920615,217.428308,258.451461,248.110692,217.000077,215.274461,219.467847,219.053384,222.522153,217.826,217.894539,220.41077
351.175769,312.382693,312.979231,311.858384,312.592,312.324231,313.880462,315.383153,332.423846,330.076615,332.838231,335.208462,333.260308,336.906462,332.292539,336.895,341.385769,336.188077,344.331384,334.113384,336.517385,335.109462,333.065385,336.090077,335.38277,331.414615,333.15923,336.099692,336.932769,334.098
314.725769,296.531384,300.857308,298.286385,298.630539,299.137308,299.534154,298.280308,298.321154,298.738461,405.894616,349.31477,298.929385,300.451693,430.389462,354.833385,298.064077,303.541846,307.640308,299.083923,298.906384,301.504846,298.753616,357.917,441.098538,300.414154,297.912077,298.756616,299.647923,297.343154
170.491308,164.183154,161.894077,162.781846,162.836769,160.67623,161.553769,171.764615,162.346616,161.003308,161.697308,163.219462,161.776769,163.446539,162.285769,162.252231,162.584539,160.962154,157.065846,153.878462,153.995846,150.423616,152.094308,155.712154,159.998077,162.517154,163.545231,161.875769,161.768231,162.684
216.007231,208.759385,187.807923,187.746769,186.002615,188.282692,187.39,187.40977,188.008462,187.848077,203.565384,213.942462,206.763846,203.600615,204.456769,202.779461,203.529693,204.162923,202.788,202.980308,281.531461,234.475154,203.731462,204.777077,202.210769,204.041847,204.942308,189.202769,186.032231,187.349307
121.803846,97.799231,100.111615,100.066615,100.04577,99.921847,99.368616,99.578231,101.495461,99.865154,97.599461,99.601769,100.660539,100.58123,99.991923,104.713615,99.550077,99.758,99.475615,99.632077,99.697692,99.870384,100.242,99.706385,99.239385,99.827461,99.573,99.450616,99.054846,100.763231
92.393154,78.834616,74.831384,62.518231,53.956385,50.227693,50.147,50.441307,50.050615,50.205769,50.077923,50.784693,50.735923,50.755385,51.076154,51.284539,50.562692,48.980385,50.927615,50.631923,50.427923,50.611385,51.058769,51.057615,50.918231,50.988692,50.787616,51.483539,50.865,50.874
547.367385,540.876,535.866461,580.51077,530.251384,530.917846,500.105538,497.382308,523.755,666.746616,529.242154,499.485462,497.431846,500.880923,498.447538,508.31877,582.391538,522.882923,513.473616,551.220538,530.164231,528.910616,690.015538,552.885077,538.132538,524.340154,530.912769,551.399615,538.823154,526.751154
942.107692,897.0,884.347692,899.137615,864.702154,872.845923,908.654385,919.589231,891.574846,920.187154,894.79877,902.749154,904.379154,899.778153,894.478231,907.289616,895.859385,938.744539,1066.982077,1056.078692,894.322846,843.926846,838.297846,836.538616,1068.696077,882.508847,887.657307,888.717154,888.620077,917.88077
1164.388231,1102.801154,1125.135077,1168.569,1175.564077,1177.043462,1169.307077,1157.869154,1162.468385,1153.281154,1158.095,1131.862385,1101.300846,1145.454077,1172.831923,1135.534077,1157.044769,1158.067692,1359.768,1160.841769,1160.358616,1156.662154,1160.868846,1160.777308,1165.339384,1162.490539,1397.070538,1127.48377,1127.259615,1097.723077
2108.617616,1980.275769,1981.613615,2216.081615,2013.066385,2023.940308,2010.224,1956.785538,2238.082231,2107.560616,2294.804923,2029.614923,2007.854308,2324.893538,3470.034693,2773.490692,2089.455,2040.030154,2098.055692,2026.700846,2076.286307,2188.811539,2010.178924,2010.967693,1980.343923,2208.549693,2191.425154,2008.415693,2033.415769,2054.941
