73.20599,64.136823,70.658854,62.609167,67.644323,65.359948,67.736719,68.594635,69.571666,74.598386,71.368229,63.115417,65.348021,65.58724,58.143178,64.139063,84.931459,71.254011,69.572708,71.422448,78.88,68.051458,74.915677,71.542136,66.866146,76.757604,73.718229,91.90974,67.87625,81.540052
55.171146,50.016823,56.801563,69.788854,49.945677,57.415312,51.56974,48.264792,49.0775,47.104687,47.395677,45.76651,45.367813,45.070521,44.513125,45.181823,43.896458,44.256563,43.634062,44.836459,43.985209,51.292865,47.867292,45.168594,45.742968,48.248385,47.095,48.682761,58.936146,56.058281
94.289011,81.493594,75.036823,75.653385,76.358281,73.961563,73.561666,73.204584,71.052708,69.767605,69.724687,68.24802,68.245573,68.144583,68.820625,67.687396,68.790781,67.755208,68.26974,67.171823,67.926094,66.517917,67.852135,66.677969,67.07151,67.635417,66.205469,66.739427,66.81349,65.98776
76.645729,61.533386,59.602448,60.510521,61.072865,60.463542,60.104479,60.591407,59.709531,59.605417,60.297812,60.052083,59.944687,59.781511,60.045572,59.573385,59.732396,59.955416,60.324114,60.52849,60.189218,60.374323,62.828437,62.802657,59.618802,60.192448,60.862344,60.267032,60.409687,59.851406
52.448438,48.414323,46.751979,46.099271,46.547239,46.590625,46.050521,46.470417,47.297656,46.760104,46.499427,46.336875,48.771198,47.770625,46.606094,46.561198,47.142604,46.381458,47.023229,45.532448,46.513229,47.060104,46.492188,45.972032,46.360469,46.27552,46.400365,46.277552,46.733333,45.999844
47.093125,41.275521,41.350364,39.550625,39.021406,40.186354,39.198229,39.895625,39.105938,39.356667,39.708073,39.115365,39.404375,39.773698,39.561198,39.67099,39.300989,39.55625,42.142917,42.237187,40.741093,39.808073,41.500209,39.820677,39.958907,43.107916,40.187187,40.761146,41.147552,40.213437
68.453281,63.485417,62.201355,62.970834,62.208646,61.373489,62.281354,62.498281,61.009427,60.787135,61.739479,62.048489,61.419063,61.654792,62.051094,61.984844,63.357917,62.241927,61.734688,62.223386,62.098594,61.433177,61.888229,62.525521,62.063282,61.121407,61.860104,64.642917,61.845104,62.670938
67.730156,61.2775,60.196093,59.655313,59.391198,59.693594,60.181198,59.19177,59.54625,59.807291,60.016823,59.701198,60.8925,59.397813,58.882916,59.249844,59.105469,61.132291,59.264479,61.008437,62.375364,62.516823,60.867031,63.326771,59.993281,61.835156,60.035781,59.109792,59.516198,59.244948
47.511041,43.80474,43.701979,43.194792,42.79375,42.78724,43.460521,42.758073,42.965625,42.122917,42.869322,43.123282,44.732083,41.950782,41.810781,44.03448,43.827447,44.186406,43.332031,42.629688,42.955989,42.586354,42.180208,42.835677,42.408645,42.061615,42.867032,43.260677,41.868594,43.66974
49.061719,43.907292,43.975261,42.078541,42.48401,43.08651,42.522865,42.473542,42.939844,42.241719,42.315052,42.269688,42.617969,42.636927,42.330989,42.440261,42.862708,42.813698,42.454115,42.823541,42.129687,41.880365,42.039584,41.694792,44.103177,43.731406,42.220417,41.840417,42.621458,42.158073
78.026875,71.158177,70.00599,69.523906,70.03875,69.749948,69.959947,70.254583,69.450572,69.938125,69.412188,70.00625,70.608541,69.881823,69.194011,69.892292,69.296458,69.146719,69.900834,69.414739,69.534531,69.556093,70.811093,70.26552,69.495157,68.840468,69.174115,69.105886,71.904843,70.091927
75.935834,64.782709,62.349062,62.900469,61.527708,61.611823,62.372448,61.603177,61.754271,61.241042,62.506302,62.398021,61.849063,62.76625,63.828229,62.715729,62.325156,62.251458,61.911406,61.48724,62.075365,61.637969,63.087396,61.200052,61.576094,62.042031,62.585989,62.202709,61.96599,62.350677
66.166354,61.3475,59.900261,59.791354,59.87651,59.820834,58.733489,58.850261,60.37552,59.221041,59.051198,58.801719,59.054844,59.786874,59.70276,59.892031,61.064114,59.418437,58.475521,58.342344,58.71427,59.969271,58.70224,58.848802,59.272656,59.267187,58.964583,58.921718,58.84802,59.087916
68.397761,65.890885,62.74651,63.94198,62.994739,63.493958,63.655781,62.664896,63.373281,63.370469,63.489219,63.956562,64.803386,65.094531,65.149739,64.180156,63.702656,64.828125,65.457969,63.97474,63.683646,63.243385,63.432917,63.404792,62.866979,64.26375,63.27802,62.444427,63.154219,63.210417
62.884948,55.939063,54.589166,54.636459,54.611458,53.339792,53.041823,53.168541,53.655781,53.522292,53.471615,52.592709,53.384479,53.264948,53.02,52.869687,53.304271,53.197864,53.347344,53.078229,53.488542,53.355677,52.759896,53.428907,53.795209,53.506771,53.346771,52.971667,53.330573,53.823073
76.010677,68.268125,67.324114,66.347813,68.122969,66.699584,66.691979,67.249688,66.155781,66.783541,66.002864,66.954115,66.886614,65.984948,66.810781,67.210781,67.195469,65.852031,67.083958,66.961459,67.042448,66.386406,67.11,67.095729,67.156666,66.430208,67.373542,67.95974,67.674636,67.023281
80.733854,76.295677,78.496823,74.349427,73.529427,74.277656,73.99151,74.386094,74.260312,74.883593,73.982968,74.817448,74.698906,74.56875,73.887292,74.508437,74.1825,74.783438,73.845729,74.119531,74.442709,74.484219,74.46526,74.449167,74.785833,75.022188,74.350052,74.439792,74.075729,74.868958
61.945989,58.09573,56.457031,55.674375,55.98401,56.451875,55.821875,55.366719,56.965053,55.277344,55.856771,56.206927,58.647188,55.801093,56.084063,54.859323,55.870208,56.0925,55.585573,56.500885,56.877968,56.385625,57.430208,55.430417,55.389322,55.661719,56.246562,54.955781,55.807656,56.085469
69.37677,63.49875,63.389166,63.079166,62.465729,63.707813,63.314532,64.898646,63.73224,64.456667,62.776354,64.016875,64.188229,63.340468,63.256614,62.73427,65.365729,65.872292,63.400677,65.328594,64.050781,64.115417,66.148803,64.654792,64.596458,62.02875,63.586615,63.64099,63.115833,63.86099
80.589532,63.066511,60.822135,61.416458,60.722656,60.969062,62.076354,61.474219,60.642031,61.28849,60.711406,59.993542,60.795573,61.778489,61.053907,61.782239,61.234948,61.075,61.55474,61.729844,62.186458,60.642656,60.502188,62.066146,61.721407,61.081823,60.985052,60.903646,60.373333,60.948281
56.12776,50.989011,49.823073,49.904375,50.511354,50.378906,49.970781,50.229583,49.934687,50.517604,50.378542,49.78849,50.681093,50.352032,49.838177,49.362917,49.941302,51.719375,50.415834,50.266093,50.512187,49.599792,50.245885,49.911979,49.909166,49.951354,50.165104,49.869739,49.719584,50.050886
80.258697,74.168958,73.119011,72.645261,73.095365,72.80849,74.148229,72.433021,73.0175,72.994115,72.324063,74.201355,76.008229,73.120782,73.363698,72.921874,73.220208,72.738906,73.853073,72.904531,73.007448,73.29474,72.575364,72.719895,72.775,72.42573,72.73526,73.600677,73.294218,72.610365
70.676146,67.948593,64.41349,64.680469,64.80625,63.445729,65.108802,63.972865,65.083489,64.067291,64.664428,64.215677,64.57651,64.392084,64.496562,63.46651,64.67401,64.052292,64.665729,64.694739,64.295782,64.340833,64.232864,69.739844,65.957969,64.778906,64.072031,64.760156,63.917084,64.216614
63.766563,59.915937,59.112343,58.867917,58.454948,58.746302,58.447291,58.524323,58.875729,59.111146,58.809948,58.939427,59.916094,59.455208,58.842552,58.928125,58.80323,58.726302,60.006823,58.614635,58.96599,58.892136,58.874843,59.21651,58.77901,58.92125,58.72823,58.535417,59.383646,61.238333
52.475938,47.762292,46.399792,46.197553,45.330782,45.113333,46.439479,45.171302,45.443698,45.208907,45.750365,45.426875,45.766094,44.907552,45.154063,45.677916,45.961302,45.197813,46.246094,44.758958,46.070729,45.608125,45.391302,44.799948,45.435833,45.409166,45.167292,45.557188,45.98599,45.055052
68.27625,63.420052,60.964115,61.376927,61.087135,61.269739,60.935313,60.899635,61.334427,60.753698,60.468698,61.740209,61.708542,61.798334,61.199792,65.486302,63.320156,64.190625,64.33698,63.2575,63.572083,63.031875,63.242968,62.987239,64.15599,62.499167,63.909844,63.958959,64.462187,63.505105
76.867187,67.65849,66.032031,67.089739,66.290104,69.145729,66.603021,67.461562,66.045677,67.173489,67.536823,67.838438,69.019271,66.854375,66.362969,68.459063,66.630937,66.449844,67.212031,67.974375,68.117761,66.227395,66.887552,67.009792,69.104844,68.523854,67.276407,67.923125,67.412656,68.210208
71.158386,65.592812,65.001875,65.034323,64.553177,64.566198,64.532031,65.249792,64.537396,64.9675,65.738438,65.164479,63.980885,63.305104,64.199271,62.269948,62.48375,65.040052,62.892448,63.003437,63.924479,63.854479,63.429635,63.670781,63.547187,63.643645,62.912708,63.210885,62.464531,62.399948
45.524167,42.352135,42.210729,41.309896,41.226771,41.476615,43.540729,41.068802,41.227135,41.500625,41.394011,41.195677,40.951979,40.966771,40.766771,40.693698,40.949427,40.617812,41.05974,40.865521,41.686406,42.218177,41.305677,40.709948,41.44125,40.657136,41.397135,42.443229,41.472812,40.936875
75.805781,69.663854,68.775313,68.381354,68.214166,68.211094,68.371198,68.097343,68.882917,68.185521,69.036667,67.736979,67.958855,68.814948,68.189844,68.247344,69.074583,68.763438,69.071406,69.018125,68.445782,69.983802,68.596302,68.380938,68.903021,67.881823,68.622448,68.780938,69.082969,68.722708
57.680937,46.709687,48.266667,47.734271,48.248021,47.564688,47.08125,47.661875,47.538906,47.888385,47.77427,47.339531,47.532291,47.152187,46.450417,47.229531,47.1825,47.693385,46.278072,46.93026,47.53349,47.419583,46.912448,49.200104,46.967448,47.242604,48.095052,46.966094,46.880312,47.528385
50.444271,45.075833,43.778385,45.513385,44.34776,44.704583,44.510313,43.28401,46.001145,43.685573,44.146145,44.175365,44.173438,43.446198,44.435781,44.206094,44.118698,44.329375,44.026198,44.17052,44.648489,44.224167,43.434114,44.718021,43.527813,44.90224,43.628437,43.99901,44.315052,44.216719
71.869791,62.15776,60.727448,60.618125,60.354688,60.013959,60.280833,60.045,59.932917,59.424115,60.89349,60.438125,61.240261,60.550313,60.045677,60.238385,60.227292,60.985313,60.452865,60.603854,61.147968,60.0575,59.897448,59.884896,60.193958,60.908333,62.066875,60.447083,60.67724,60.156511
264.06526,249.51875,249.286979,246.983073,245.444271,246.633698,247.207187,249.614947,247.178698,248.612292,247.496927,246.539062,247.775885,249.742552,247.576771,244.767239,247.651041,249.329791,248.927135,251.131041,248.88125,249.45974,248.779896,247.307343,245.160312,249.051511,245.264687,247.245937,254.697084,252.499688
321.701459,293.237031,310.41802,365.085729,315.147656,327.116198,303.923385,299.944792,292.847344,292.408385,285.897604,275.629584,277.296354,276.416614,274.16599,274.472031,276.587656,273.54401,274.319218,273.355417,278.235364,275.767605,274.432917,280.155625,279.101302,276.885677,283.149584,287.870521,286.813802,298.07599
230.659635,218.629687,203.610781,201.743593,205.672188,204.22875,204.246042,202.958334,202.01974,201.56125,204.426562,204.723073,202.121041,202.71651,202.069999,202.373125,204.701511,203.635729,205.266146,202.205416,202.069895,201.654271,203.581302,201.921979,203.587865,203.215677,204.775104,203.176979,206.602344,211.097552
340.866666,315.771615,294.7725,327.737552,278.678385,271.815157,276.598541,275.7475,272.433802,273.038177,275.196354,272.271302,270.949063,272.671198,273.086146,270.039948,272.584114,273.395729,271.978541,271.261927,269.646979,271.88224,275.364114,277.993229,272.105365,270.073281,270.272969,273.744479,275.60849,270.913229
168.101823,156.859636,157.982291,160.371406,160.302187,160.233594,161.306823,158.812969,158.580261,159.287396,160.508802,158.302656,158.24401,157.705156,157.429636,156.559688,160.727292,158.935313,157.771354,158.91099,159.298281,159.875625,159.440781,159.759167,160.254636,158.646771,159.885104,159.881198,161.239167,158.763854
272.309323,251.593438,252.391042,252.524271,252.851041,251.727031,253.283907,250.647916,254.401718,252.497656,251.986458,250.944583,253.224895,250.109219,251.30375,250.079063,256.580209,250.685834,254.425781,250.382552,251.345156,250.911771,250.677552,250.225625,250.708958,249.219687,250.474687,250.74401,250.794843,250.144271
253.984114,236.203021,235.798958,235.618333,236.702812,237.719218,237.270417,238.090416,237.5125,238.388281,236.389167,235.941511,236.271511,236.957552,237.424427,235.475364,236.404896,238.986407,238.018281,237.618854,237.354062,238.908333,238.634271,237.11125,238.47375,238.736354,236.852292,238.525104,239.047136,239.903334
219.360052,205.188386,204.640052,205.516563,206.000104,206.411875,209.456042,206.816146,206.986198,207.369583,206.929062,207.875469,207.228073,206.024323,205.876771,207.354635,207.02526,206.762083,207.263855,208.881875,207.459688,205.786198,209.604999,210.44401,208.783125,206.850729,207.554167,207.022239,207.032395,206.513177
287.411667,274.645625,274.975938,274.755156,272.528333,275.500833,273.778906,276.30276,275.719844,273.857708,273.199636,274.238542,272.932552,273.753385,278.815365,274.106927,274.933697,275.716615,274.458958,275.388177,274.019947,275.371719,272.641249,275.902969,274.88526,274.005,273.082761,277.738697,277.474218,276.808125
262.910885,247.518594,245.390052,248.713542,246.659792,247.468646,246.833646,244.518542,245.810313,246.89,246.753802,245.510833,245.197761,246.809375,246.145052,245.699166,246.744427,246.469687,247.797135,246.102916,245.267865,255.740989,247.858802,248.26927,245.435677,244.925313,244.125312,242.696563,242.896198,243.954791
289.36526,273.25375,274.236094,275.866563,275.722812,275.094114,273.513541,273.533333,274.293281,273.237031,277.085573,273.543958,278.699114,275.590938,274.473697,274.918541,276.089219,275.418906,277.682135,274.685156,274.649167,276.812708,276.702448,274.936979,277.054167,276.755521,275.493021,275.930312,278.088125,276.025573
234.12625,218.486302,215.337813,216.635313,214.027343,216.104323,217.389739,214.097813,215.893802,214.300469,215.865104,215.405572,215.19573,215.011771,214.642604,214.760104,214.979844,215.56125,216.047552,217.185521,216.968229,217.627395,216.095052,216.683854,226.123854,218.787708,216.500677,217.160156,215.847032,216.946406
148.798594,135.857499,134.914479,134.188021,134.266771,134.214531,134.804427,134.610208,134.628229,134.514843,134.937917,134.406562,135.030365,134.250677,136.384114,135.435417,134.544844,134.795573,134.987552,134.827031,135.534531,136.21625,137.513489,134.889219,135.488438,135.422135,136.071979,136.144896,137.290364,136.784219
225.872396,214.967864,214.84901,215.484271,213.904063,215.266407,215.969427,213.76375,216.304375,214.961614,214.150625,214.491458,215.600312,214.244166,214.924219,214.064583,214.927917,214.826979,215.215469,214.535468,214.424792,214.3325,229.72224,226.985781,215.50776,217.102031,217.441302,215.008906,214.535104,213.710833
265.725625,247.306511,247.108802,245.990885,247.855209,247.370573,246.735782,247.247084,249.481563,248.176979,247.151458,246.387812,249.491041,250.669479,251.49099,248.476458,249.233281,249.301302,248.148541,247.38,250.8725,246.128906,247.389948,248.244583,248.594167,246.522447,247.296823,247.409062,246.497344,249.185
198.712604,185.478593,184.733229,183.863958,186.778802,183.08651,185.963125,182.425313,184.745104,184.784166,182.453438,183.674271,182.958854,182.901406,183.291823,182.977291,182.425937,183.620104,182.547604,183.392761,183.330365,183.154167,182.445104,184.123334,182.994114,183.235208,183.19375,182.222291,183.025938,183.259583
197.648541,188.643698,189.74125,192.282447,187.059895,187.501719,186.692135,185.899687,188.186823,185.882917,185.456823,188.041927,186.468593,187.063125,186.519895,187.361927,186.811146,186.611979,186.207552,186.951198,185.617761,187.158698,192.130729,187.818282,188.293177,187.667448,187.447813,187.595104,187.534218,187.16401
223.751614,205.741406,204.066249,210.484115,208.736093,206.83724,207.063645,203.322448,206.138594,206.022604,205.686041,207.868802,206.370989,205.110052,207.796874,205.656459,205.38651,204.217761,205.108802,207.054427,205.705052,206.680573,207.386406,205.121667,205.330885,209.169583,205.98276,204.587917,205.19026,204.897344
290.454427,270.898854,269.725937,270.186615,268.26875,269.564896,269.693229,269.288385,271.21099,269.11875,269.608646,270.209583,271.41526,270.669426,272.778489,270.066042,268.650417,269.374948,268.874427,270.705833,268.861354,268.476354,268.135781,269.139532,268.883854,268.989896,271.196562,274.778073,267.627916,266.811406
237.264531,218.847343,218.597969,218.64375,222.225364,219.009896,220.980885,219.32625,219.172812,218.814375,218.779479,221.152239,218.598854,219.191719,219.829687,218.673646,218.303334,217.065885,218.062813,221.404322,220.932084,220.34776,220.607084,221.532292,221.21026,219.854323,221.434322,221.46875,220.111302,218.516041
189.016406,177.336562,177.765833,177.548333,178.102396,177.274896,177.112761,178.142656,177.827084,178.925573,178.20526,177.130938,177.364479,176.674739,180.872031,180.953385,176.716979,177.184948,176.88526,178.24552,177.704323,177.516615,178.423281,176.881354,177.530782,180.596146,177.564375,177.868386,176.584948,178.093021
286.265417,269.010938,271.761407,267.908854,269.075885,267.556042,269.725364,271.934323,269.931875,269.042396,268.611354,269.205833,269.153594,268.413281,269.154375,271.441927,269.438594,270.490625,268.612187,270.004635,269.89651,268.779792,271.289063,269.299114,270.976875,268.67151,269.283646,269.969115,269.650625,268.758124
323.369271,303.003958,302.189114,305.504688,304.449115,300.467604,301.209427,302.646042,300.567968,305.496145,300.396302,299.681354,298.898281,299.587864,299.32724,299.299948,300.039167,300.111979,299.256406,299.227708,301.921562,299.032187,299.527187,299.994166,299.097188,299.283854,300.136406,300.054895,300.362917,299.308437
164.856875,154.138646,153.455625,155.813541,154.373385,153.67625,154.334583,154.579948,154.032031,153.506406,154.346823,154.120417,154.007813,153.392448,157.133229,153.305469,154.106042,153.883177,154.6375,154.276354,154.541041,154.745782,153.650208,153.960781,153.45125,154.91,153.568542,154.933541,152.830833,154.60125
168.814479,154.316198,153.288906,153.720521,152.887344,153.432916,152.999115,153.001927,153.458281,153.590625,152.824219,152.559427,153.459322,152.663594,153.037188,154.060104,152.743385,156.093385,153.348385,152.543698,152.948125,152.244583,152.936198,153.795834,159.73375,152.272448,153.438541,153.703229,152.591666,153.325677
265.179427,248.68901,252.475677,251.033021,249.646927,249.74573,249.846511,250.514947,250.634271,249.813177,250.787083,250.067448,251.970417,248.543385,248.218437,249.974114,248.265,248.505417,250.11974,250.727864,249.713489,251.561302,251.725729,248.893698,247.231146,247.746198,248.176145,247.890521,246.85526,246.526979
269.035677,258.339427,264.539896,257.992708,258.561875,259.579843,259.522865,260.231458,259.723802,259.380312,259.604583,259.989687,263.207239,260.432968,260.457344,260.991302,259.308698,259.017344,257.797083,259.673854,263.180573,262.512448,259.800625,258.902239,261.542812,259.120313,258.75026,259.822396,259.229532,259.551354
269.371042,260.017552,255.846145,257.438229,258.585885,260.297031,261.673854,259.808385,259.399167,261.498958,259.415,262.228125,257.684011,260.633541,258.021667,259.369063,260.460521,259.510416,258.46073,261.316667,263.941406,259.832187,258.442916,258.507865,259.193385,260.814115,258.532448,258.890365,259.708073,258.211302
142.792917,136.662292,134.440885,132.795885,133.270677,133.439844,132.288489,133.16625,133.194896,132.519427,133.462135,133.309584,132.847291,135.415052,132.395573,132.647292,136.834739,132.647969,132.597657,133.480208,133.033073,132.356042,134.017813,133.040833,132.576719,133.162917,133.158541,133.132136,133.087188,132.303958
292.289427,276.303646,283.804531,276.667969,279.478698,277.911614,280.051511,278.952916,276.791407,276.951407,278.620156,277.948854,276.592031,278.320937,276.993386,276.978177,278.226615,276.501406,278.141979,277.839687,277.17099,277.315625,281.209791,279.799583,276.601615,276.509584,276.680468,279.231198,276.769323,278.57724
238.52651,222.207812,222.608959,222.398333,221.363906,222.397969,227.18776,222.187396,222.184115,222.555834,221.877395,222.449062,222.879375,222.675364,221.132239,220.48526,219.819375,221.227292,221.51875,220.361927,219.938073,220.511146,219.203907,219.317656,220.159166,220.501354,219.553334,219.69099,221.629063,220.495625
247.039219,216.907552,218.205104,217.534479,216.817916,215.673073,220.604063,218.170677,216.519115,218.841979,216.828959,217.678281,218.247396,217.616302,217.316041,216.951354,217.432344,217.185573,216.966197,215.735365,217.67625,216.976406,217.587865,217.830364,217.532917,217.867396,217.763177,216.903593,216.930624,221.164114
229.603334,214.621302,211.842708,213.484635,213.476875,212.49302,214.976667,213.09474,213.077605,214.629583,211.642813,213.759062,213.772188,215.377864,214.29599,213.668125,214.895313,212.313489,213.905677,214.556927,215.307344,213.84599,212.9725,215.863125,211.726771,213.453385,214.038802,214.464115,213.294636,213.821666
229.421094,217.025104,218.818646,217.534948,217.907604,217.569166,217.99099,217.755938,219.28099,218.174011,217.401302,219.105052,218.523177,218.008282,218.184427,217.172135,220.510677,218.799844,219.043334,219.248854,221.196875,218.828698,221.55151,219.847188,220.204635,220.325156,220.485729,219.301979,217.546198,217.681718
255.048593,243.206718,241.737084,241.971511,241.242708,240.927657,241.254011,243.239427,244.004427,240.083698,241.774115,242.286458,240.376563,242.7025,246.751927,243.55026,240.828958,241.197656,244.503698,242.580572,245.081927,244.495417,242.063437,242.689062,243.775521,250.428177,244.319114,243.00401,242.82401,246.138542
276.289115,262.990572,262.864479,262.121666,263.240573,263.607552,261.270469,260.316458,261.024271,261.63849,259.805365,260.387865,261.385989,260.060313,267.439063,261.037552,262.967865,266.571719,267.470208,261.463802,260.882031,259.329114,259.039635,260.528334,263.185365,261.384843,260.2375,261.960209,260.419532,260.984479
260.574479,249.924218,246.152187,245.885261,247.155313,245.166771,246.746094,247.506719,256.114791,260.331094,263.07651,258.867344,261.796667,280.32552,270.798959,267.153021,262.179843,261.86276,266.331458,269.238073,265.244531,266.100365,257.398594,251.094323,251.791146,252.789948,251.135781,258.580729,259.414062,251.158906
237.95198,219.632239,219.104635,219.325573,219.618438,218.950468,217.595885,219.451354,217.6825,217.230885,220.749792,219.14573,217.811927,220.770729,220.640365,217.635834,216.894635,217.266354,222.311823,217.421979,221.624583,219.702448,218.731614,218.986198,218.190468,217.201927,216.690885,218.867344,217.682968,216.958854
281.547187,266.868072,268.594896,273.382604,271.414531,270.908333,269.714427,269.46073,269.561719,274.878437,274.559792,270.953125,271.837135,270.400312,272.166094,269.838438,269.935208,269.903593,268.794687,269.627604,269.859583,272.609427,270.430886,269.695312,271.826875,270.255365,270.187969,270.251927,269.72776,273.299062
221.964948,213.245365,211.211511,211.125781,211.385312,211.643281,212.848802,211.46177,213.06776,211.48052,211.929011,211.484896,210.94875,211.714739,210.991041,214.082291,211.358489,212.53625,211.764843,210.933646,212.48651,212.032552,212.542552,214.974219,211.524062,211.703959,211.718281,212.085989,212.103177,212.465364
293.599323,277.835052,277.235469,277.304375,278.171875,278.999791,276.604531,277.814271,277.909479,276.134271,278.207136,277.12026,276.933073,279.733854,276.665833,278.845,277.137448,277.63349,276.101354,276.807188,277.711354,278.471406,277.466042,277.418229,277.289167,276.526719,277.080156,277.032604,278.115782,276.95625
288.839531,271.962135,269.654479,271.500365,269.26526,271.126511,272.07599,271.571354,270.626563,269.158177,269.219948,269.29552,268.371823,269.807239,269.423021,270.194687,269.333698,268.513906,275.681562,271.440416,272.578177,269.196875,271.12198,269.691354,271.18474,269.565521,269.292916,270.892292,271.65125,270.002187
294.315677,276.669531,273.756718,274.947917,274.491094,276.912605,275.719479,276.300469,279.242291,281.383593,277.743437,273.023593,273.861979,273.79375,272.348385,274.656667,273.806094,273.621979,273.166667,273.411615,272.015469,274.717187,273.964166,276.57875,278.341562,276.070209,275.408646,279.130625,274.728021,274.019583
183.318646,173.120833,173.700468,173.543698,172.398646,172.901302,173.898229,172.687083,175.681719,173.02724,172.783177,173.920104,172.062344,172.867136,174.274323,172.503229,173.472552,174.009167,172.249271,174.916355,182.665885,173.721875,174.716406,172.404271,175.512135,172.505729,173.275313,173.433906,173.362031,173.942865
239.537552,237.077084,232.42099,229.719323,228.757604,228.389219,228.579166,229.363594,229.615885,228.489531,229.604895,229.509427,229.445521,231.29724,231.26573,230.074843,229.424479,232.648073,231.030886,229.619271,227.903906,228.974011,228.893698,232.80198,235.678542,244.301198,241.090521,236.232135,228.550364,234.546146
322.57651,303.259791,306.067709,307.473698,307.82724,302.520834,306.631927,306.229479,304.179479,302.813802,302.951875,306.21026,305.658073,302.62625,300.47,301.462917,304.556094,303.727448,303.613386,302.971094,302.769844,302.939114,303.158438,309.957187,303.586041,303.960156,304.957708,305.09052,302.796823,301.68724
284.797916,270.313437,267.788854,270.046979,268.405416,268.554479,272.049427,268.833385,268.09099,271.982083,268.602083,275.829843,267.435521,266.623437,267.34125,268.263698,268.722969,274.187031,270.070989,269.409583,270.211198,271.737917,268.389375,270.25026,269.832135,269.191823,268.800938,268.276041,269.050625,270.075886
254.299011,236.421927,236.027187,235.617708,235.124219,236.96125,240.082135,235.427656,234.706094,234.912969,237.718907,236.882968,236.584948,233.218021,234.891927,234.440781,236.411458,233.784271,234.838542,234.02875,235.206198,235.790468,236.374167,234.288854,236.795729,235.769427,235.391406,235.935782,234.609375,236.300052
197.959531,188.230156,188.62526,188.858541,188.62625,187.783333,186.872813,187.995625,188.91,188.65875,188.560677,187.396666,187.006875,187.621874,188.636354,189.289115,192.682187,188.91125,188.451563,189.357552,189.912552,188.963229,189.383438,189.247864,187.775625,187.447812,188.371771,187.984583,190.928542,190.715834
287.218593,273.572709,271.395729,272.538646,272.067604,271.301927,271.828073,273.167031,270.744896,271.668594,272.868437,272.808385,273.714063,272.615469,274.193646,273.376145,272.826042,271.882917,272.381562,269.44651,271.162344,272.512448,272.770469,274.016614,270.547031,273.01625,272.425156,271.736198,272.789062,272.614948
205.520261,195.738958,195.507604,196.934219,195.56651,193.614375,194.337084,194.809063,193.992031,195.657917,192.123021,193.700416,193.189635,192.261823,193.734739,192.450417,191.672031,192.202865,195.490572,194.745834,195.361198,195.044218,194.565729,195.461198,194.861458,193.724635,194.778906,192.665,193.853125,194.795885
320.419896,298.009948,296.984792,298.529323,300.036406,299.709896,300.040365,299.321979,299.21,301.372813,300.681198,297.706249,303.331302,296.218177,299.260104,297.281093,296.57052,297.123281,296.366354,297.538437,295.615417,297.117239,294.406875,295.644792,298.884584,295.016042,295.56026,294.845938,296.179948,299.414375
211.52823,196.278749,194.346927,195.285625,194.851667,194.669531,195.926719,197.103437,195.297135,195.073334,196.940834,196.090469,194.434583,195.927395,195.699635,195.382917,195.134948,195.446771,196.289114,196.455729,198.406041,195.925521,195.634063,198.677499,195.71177,198.031667,195.537239,196.104948,194.992032,195.745833
335.479896,302.186406,303.149948,303.716614,303.845208,304.607448,302.174479,301.31401,301.120729,306.463438,301.514948,304.469792,302.503281,304.718802,305.136667,301.085052,302.801823,303.436823,303.059687,302.685781,303.123334,303.032917,301.034843,302.762084,304.777969,301.443229,302.977239,304.56224,301.722969,303.305572
165.73901,152.553959,151.908906,152.034843,151.846979,152.820885,155.205677,153.547552,156.736666,157.697395,157.760729,152.034895,151.768802,152.923177,152.28224,151.933281,152.259219,151.859323,151.909427,152.437604,151.823542,152.031563,151.628229,152.253229,151.852708,152.947292,152.729322,153.291094,152.843854,153.166302
215.252291,203.187813,206.077708,202.937708,202.417084,203.00276,203.770157,208.065937,204.769323,204.093021,203.509792,203.423646,203.731979,203.547448,204.059427,204.185729,203.983646,204.692864,204.565365,205.817552,204.699583,204.421093,202.99151,204.596042,204.477031,202.743437,201.17151,204.598489,201.871614,201.5725
199.772031,190.515417,190.157187,189.320677,189.583385,191.320833,190.030885,189.336614,189.471927,189.606718,189.840416,189.895469,189.475312,190.60375,190.013229,190.110104,190.392292,189.230677,189.730417,189.567395,196.078542,198.852344,198.724323,195.968125,193.663281,192.913437,192.696406,193.286927,193.043021,194.847135
214.477552,206.108698,207.069895,205.014219,205.586041,205.572448,206.237135,204.192656,205.448906,204.1225,205.428698,207.51974,206.334322,209.454062,205.83401,206.989948,203.389479,205.960937,206.958281,203.620104,204.401614,205.447448,204.157032,204.899063,202.930938,203.450677,203.905937,203.278645,207.941406,203.391355
199.534583,190.122395,190.365937,189.624011,189.686041,190.558438,190.082031,189.875,189.51151,190.056718,190.286146,190.151198,189.883437,189.948854,191.448802,189.40427,192.374063,192.745469,190.923073,191.107291,190.860677,192.71,191.527708,191.567761,191.445104,190.926406,191.009792,190.901197,192.182708,191.754271
274.287969,260.948698,260.787084,261.414271,260.975208,262.904063,260.439323,263.495677,260.324427,261.204635,261.955781,260.509479,261.499531,260.814948,260.735677,261.368906,262.579479,259.817969,261.573594,263.703802,262.966666,263.474583,261.726354,261.018281,261.142865,261.889792,261.194791,263.489218,262.130209,259.977604
234.277344,216.107083,216.172396,216.730052,216.332031,217.675833,217.7875,216.076666,217.323281,217.764479,216.949427,217.995,216.731667,216.531718,216.865989,216.155105,216.870417,216.740938,216.833698,218.686771,217.011042,217.315677,216.089219,216.572291,216.822188,217.092135,216.108177,216.433802,216.549062,217.510365
144.344635,134.117083,134.667344,135.914948,135.110521,135.433906,134.548229,135.338177,134.785938,135.291563,133.789166,135.189792,134.351927,135.979896,135.153073,134.826875,134.490989,135.180677,134.494739,136.310938,137.575573,135.708333,134.727031,134.579948,135.454323,135.162031,135.081667,137.00974,134.785677,134.945625
311.703333,297.55724,297.104635,293.964583,294.713645,298.081511,292.294896,292.461979,293.324166,296.695521,294.440729,291.266458,293.918385,295.289583,290.981302,291.554375,292.731615,296.057187,294.830365,292.863906,293.193177,295.522084,295.164375,295.88573,296.59349,294.077031,292.089635,293.436666,294.441302,294.141822
180.403177,170.091666,169.385521,169.381146,169.313177,169.783333,169.428333,168.539115,169.54224,170.009479,169.818854,169.986302,170.530469,170.356874,170.337396,168.869062,169.144271,169.010416,168.912813,169.023125,168.625052,168.734166,170.998125,172.596146,170.724636,169.618438,170.543125,170.281718,171.321666,170.371979
205.626198,194.470208,192.838125,192.782865,193.368229,193.105417,193.963855,192.796614,192.388177,194.878698,192.407343,193.174063,194.032344,193.244323,193.420573,198.015156,193.61651,192.935365,193.094635,192.90875,192.782605,193.088438,193.854114,193.940365,194.676302,193.320364,195.355729,193.614323,192.213177,194.358958
216.792604,204.769947,206.686145,206.262135,201.752656,203.843489,203.352812,202.933593,203.252864,204.875052,202.582032,204.124374,203.048698,203.573958,203.341458,202.241458,203.274844,204.815313,202.686562,203.676354,204.50349,204.111667,204.015625,203.195052,204.438906,202.325364,203.149948,205.309531,205.630781,202.430781
229.904063,215.708281,214.81677,214.490156,214.034218,214.316927,214.362344,213.967604,214.293386,214.663698,214.511979,214.371875,214.86125,214.488906,216.316979,216.388385,214.651145,214.884323,215.225104,215.298072,214.67276,214.671302,215.33026,215.449791,214.471406,215.001094,214.72,214.545416,214.128802,216.187239
49.553541,46.404583,43.319427,45.009063,43.906042,43.884583,43.609844,42.996354,44.475781,43.599219,42.938438,43.998697,43.474323,43.804895,44.142396,44.06776,43.584375,43.785104,45.192969,42.692709,43.623541,43.923385,42.788229,43.624531,43.640312,43.161146,44.785469,43.600417,43.795781,43.673177
98.055156,92.689583,90.888646,90.044583,90.489687,92.863594,90.956719,91.793646,90.903177,90.391771,90.457968,90.866458,89.984219,90.43401,90.345572,90.080989,91.840573,90.274688,89.790208,90.18,91.644271,90.614011,91.493646,90.261563,90.97625,90.77073,90.287552,90.585625,90.225625,89.232135
151.912916,144.875313,143.153177,144.115104,144.462969,143.920312,143.210156,144.641823,146.630781,145.512761,143.399375,143.095052,144.53802,143.658593,143.561355,142.755417,144.760521,143.745677,143.691719,145.405313,144.095156,144.884063,145.599166,143.55849,144.541354,144.433489,142.964948,143.40526,144.228333,143.499323
220.843281,206.308594,207.244167,207.66625,206.991094,206.605052,207.457239,206.681562,206.379687,206.412916,207.723437,208.927969,208.358698,207.092448,207.549948,207.05927,210.183229,209.856667,207.044427,207.874271,206.72599,207.014635,207.447031,208.131197,207.318229,207.720052,210.218959,211.566354,208.6225,206.221406
248.559531,208.482344,208.048125,207.440885,205.220781,207.405521,206.946146,206.038124,206.685209,207.500781,208.852291,211.574583,207.380573,207.030677,208.467917,207.519948,206.699583,205.05526,205.572187,205.853594,205.563229,206.502499,208.34625,206.799427,205.814792,204.071771,206.888125,205.610677,208.067239,207.6475
221.362396,206.654636,206.06401,205.829218,207.651146,211.700052,205.180782,206.499948,205.052969,204.367396,206.556302,207.051042,208.040677,208.560469,208.765156,208.040573,209.062656,207.957135,207.143333,208.041198,206.842813,207.673177,207.266042,205.38901,207.790157,205.915156,206.38625,206.315938,207.109479,206.010313
265.78375,244.89875,244.84875,248.512083,245.453594,246.302656,244.800313,253.727031,244.477292,244.7,244.548386,247.450104,244.982396,245.500937,244.958697,242.74849,244.105521,246.918959,243.856354,244.702708,246.023072,244.954323,243.234636,246.061458,243.020833,244.371666,244.750729,245.875729,250.023125,244.686875
214.022708,203.638021,204.111094,202.296927,203.178437,202.710937,204.216145,206.231146,202.890364,202.881458,202.839739,203.424844,202.744844,208.157864,203.061823,203.236459,201.778802,201.022448,201.615209,202.477188,202.47776,204.659583,205.003281,202.303906,201.065781,199.659635,200.264635,201.379375,203.629427,201.909531
351.438646,335.655469,334.215521,336.12026,336.335208,338.583593,337.367708,333.005989,336.58875,337.090885,333.661041,335.234531,337.968958,335.236979,334.264531,336.347604,334.566146,334.687292,335.455781,332.358854,336.126927,336.893541,332.626459,333.417291,335.528385,337.837917,336.266094,333.425573,333.506979,334.900729
93.128229,90.933698,88.554479,87.000625,88.664844,88.630781,87.335156,86.948021,86.503906,86.941667,85.813437,87.103281,87.160834,86.696146,85.986979,86.900625,85.707813,87.031302,87.13901,87.114375,88.73724,87.45026,86.643854,86.930677,86.275417,87.206562,86.940156,85.782084,87.307864,86.888229
159.90151,152.459427,152.391094,153.598438,150.939636,152.067656,153.438125,151.535677,151.162812,153.310209,152.084115,152.07698,151.603646,152.515157,151.27401,151.275781,149.966354,153.200312,150.021406,150.354166,152.026562,151.987291,153.123542,151.2675,150.655417,151.117187,151.132812,153.326563,151.5975,151.955989
207.633958,186.135261,186.560312,186.129166,187.013542,185.504635,185.532969,186.17,186.41677,187.31198,186.341771,185.667552,187.764271,186.074479,186.061979,187.600365,184.893073,187.385938,186.943125,185.386979,186.534323,184.722657,185.389219,187.210364,185.875989,189.452865,188.338802,186.210313,186.320729,186.132969
298.747396,285.486302,288.603906,285.86724,288.538021,287.374479,286.066927,289.738541,287.385,289.410625,285.785312,286.263802,287.647552,285.483802,289.957187,285.759062,287.351615,286.047656,287.719948,286.132656,287.13052,286.495417,285.632656,290.402448,287.968385,285.501667,285.593229,287.844374,287.429896,285.233593
275.645469,260.145625,264.652552,261.447187,261.614948,264.885417,263.949791,262.102395,260.528229,260.44724,260.136875,261.033489,261.821875,263.157448,262.459532,263.421719,262.79099,261.314114,261.647813,260.710834,259.869844,265.052968,261.790468,262.072239,260.103282,259.061146,263.111615,262.529323,262.911823,259.797083
150.906042,140.588542,140.842396,140.768802,140.950469,139.22625,142.245625,139.871354,139.411145,140.283542,139.943542,139.817812,139.979062,139.565937,139.862552,140.514479,139.698281,140.066406,140.074115,139.909375,142.983698,139.643229,140.898646,141.213594,141.274427,141.366823,140.392396,140.847344,139.607084,139.662239
187.052083,176.824271,176.395104,175.793125,177.399375,177.187864,176.732083,177.01849,180.560625,177.555104,177.314375,176.586614,175.600625,180.00099,180.754532,176.470624,175.51724,175.767187,176.843802,175.777604,177.865052,177.57,176.508854,176.113698,182.409115,177.079635,176.499219,176.330157,175.622292,176.721302
100.544479,94.564479,94.658854,93.350677,91.706979,93.652084,95.183072,93.381041,92.754584,91.889948,93.628541,92.857239,93.333281,92.712865,92.117188,92.085261,91.842604,91.127396,91.715156,93.554115,92.901198,92.226354,92.435469,93.511041,91.771563,91.501094,92.419635,92.355104,92.179271,92.654062
63.574947,47.158802,49.465417,47.877448,47.640469,46.756406,47.591407,47.000937,46.443021,48.120886,48.431458,47.244635,46.516459,48.500833,49.715677,47.645208,47.341042,47.135573,47.373802,46.833593,47.148073,47.536094,46.295937,47.324948,47.762969,47.748021,46.689896,47.122969,47.291718,46.204843
480.475729,464.044166,467.288854,467.244948,466.537031,465.625469,466.49901,467.990729,465.072135,468.004479,466.557604,465.401875,465.666562,467.77849,465.791615,464.800156,466.352969,467.066667,467.296979,466.440573,469.133333,465.56901,466.293229,466.250729,467.021666,466.344375,466.91401,470.134792,466.710104,466.183958
802.369791,780.848854,778.488645,779.740104,779.053124,782.826562,780.64401,783.745,781.285886,779.955156,781.145572,781.533698,779.399791,784.856615,781.323958,780.838958,780.214375,780.002239,780.700364,778.158333,780.601614,780.70125,777.699948,781.631926,780.076093,779.186822,782.547916,780.920625,780.164635,774.934114
1057.812447,1026.156406,1032.71651,1024.442343,1019.216875,1022.227604,1025.63453,1035.977187,1036.530416,1031.884635,1027.586145,1026.44026,1030.495312,1027.331145,1027.993697,1026.206614,1026.765521,1028.371093,1026.545521,1027.127499,1024.73052,1027.633281,1027.748281,1028.264218,1030.564374,1029.532187,1028.991197,1026.618801,1028.367031,1029.159322
1822.277186,1787.626979,1791.938437,1792.092551,1786.727864,1788.096666,1790.840676,1788.077604,1788.569166,1787.39651,1786.287239,1790.14328,1792.604947,1790.074061,1787.456198,1789.844791,1790.350832,1787.563072,1785.419322,1787.420312,1781.714635,1785.162499,1786.381197,1796.210364,1787.120937,1793.860937,1790.013281,1787.778906,1785.821666,1789.114687
