42.862191,37.663337,37.134587,35.523597,37.009952,37.550316,35.913545,35.870941,34.926826,39.35917,38.143285,36.129379,36.957712,36.469483,36.566566,36.556722,33.748701,34.187191,33.876201,33.703961,33.629899,32.747972,33.404899,33.372086,32.778806,33.442243,33.322191,32.90193,33.206514,33.008857
27.366617,24.96771,24.183649,25.040054,23.974429,25.205263,24.944533,25.785575,24.20245,23.590524,24.062137,23.949065,25.21844,23.539013,23.495731,23.613596,24.133805,23.6812,23.521305,23.511825,23.619846,23.590419,23.730263,23.440628,23.51521,23.483492,23.470054,23.602971,23.556305,23.509169
46.044171,40.200421,40.106671,40.358181,39.752399,39.968754,41.088077,40.969171,40.085785,39.888389,41.034743,40.648962,40.135734,40.611931,40.299743,40.511619,39.922452,40.139223,39.977087,39.965212,40.224119,40.519535,40.092608,40.032504,40.330629,40.245942,40.265004,40.357712,40.207191,40.077244
39.975576,36.233285,35.621462,35.919744,36.025003,35.657451,35.44167,35.602972,35.685837,35.649691,35.700472,35.774118,35.524639,36.01693,35.944118,36.468337,36.018598,35.893389,35.341202,35.586045,35.772451,35.941201,35.946253,35.844639,35.934951,35.425316,35.890941,35.731462,35.513598,36.007555
33.459743,27.76068,27.861929,27.557451,27.497086,27.50693,27.672867,27.385732,27.489117,27.4287,27.369951,27.37995,27.362242,27.514326,27.327294,27.412346,27.419013,27.377555,27.303388,27.730941,27.805836,27.552712,27.384169,27.346305,27.319794,27.492138,27.460107,27.290367,27.358441,27.337086
27.284847,23.585315,23.597242,23.416096,23.718283,23.548908,23.510523,23.799846,23.24693,23.440055,23.667085,23.357085,23.387242,23.516513,23.378909,23.571617,23.543544,23.44146,23.376773,23.561201,23.532555,23.553805,23.586096,23.461669,23.617085,23.237033,23.73495,23.403752,23.380783,23.412086
41.48766,37.319431,36.731982,36.80016,36.954848,36.433962,36.799379,36.438702,36.071618,36.742556,37.035055,36.85266,36.564795,36.842921,36.776983,36.56417,37.536149,36.370369,36.746826,36.663389,36.976306,36.625055,36.50417,36.751931,36.7099,36.674587,36.452243,36.925212,36.749118,36.298285
39.966671,36.376098,35.708649,35.364795,35.620473,35.414639,35.649483,36.061357,35.280055,35.426097,35.358806,35.140263,35.335889,35.452972,35.411306,35.844483,35.724847,35.933857,35.829847,35.735629,35.756149,35.848285,35.50516,35.657972,35.468702,35.230264,35.41016,35.516149,35.37917,35.274951
30.22792,25.438857,25.009273,24.958128,24.649274,24.664482,25.371982,24.675575,24.720732,24.754742,24.830159,24.689899,24.815419,24.630002,24.825523,24.603597,24.76167,24.586565,24.84219,24.803596,24.772451,24.85344,25.25844,24.847398,24.827658,24.824534,24.699013,24.936461,25.176097,25.249482
30.748285,25.825836,25.407815,25.499326,25.393336,25.924534,25.64594,25.887398,25.426565,26.298544,25.678388,26.067346,25.675211,26.427191,25.383284,26.257607,25.468544,25.544534,25.532815,26.058596,25.602242,25.50344,25.523284,25.389274,25.510732,25.517711,25.67318,25.521149,25.62568,25.535731
46.978546,41.991879,41.582296,41.602139,41.647504,41.544015,41.56016,41.202712,41.254067,41.709067,41.306566,41.680317,41.166723,42.146618,42.310057,41.383546,41.979952,41.212816,41.511879,41.303441,41.596827,41.842973,41.358806,41.710004,41.277556,41.794587,41.422713,41.662816,41.264796,41.458598
42.483442,37.626983,37.635681,37.521878,37.923754,37.437399,37.579431,37.567503,37.235472,37.916462,37.498233,37.053076,37.101202,37.863181,37.382556,37.03891,37.411358,36.978754,37.343337,37.034066,37.013077,37.403181,37.02766,37.03792,37.043545,37.429223,37.245838,37.344222,37.325733,37.55391
40.390421,35.513285,35.229378,34.987087,35.342399,35.130368,35.22917,34.768025,35.145316,34.781253,34.648389,35.0299,34.536306,35.085577,35.217086,35.394014,35.750993,35.044795,35.057347,34.952764,35.162555,35.087191,35.031358,34.998754,35.340941,34.597035,35.018649,34.687972,34.570577,34.617139
42.869952,37.518389,37.24568,37.702504,37.723598,37.138545,37.487244,37.334223,37.485108,37.498129,37.639119,37.590473,37.728337,37.431358,37.847973,37.668858,37.567139,37.574119,37.802712,37.852139,38.076983,38.262608,38.11891,37.797035,37.276149,37.523181,37.626931,37.442452,37.926097,37.7024
38.086098,33.504743,32.913492,32.906826,32.504431,31.867451,32.726358,32.412868,32.374535,32.072556,32.138805,32.245316,32.030211,32.163701,31.89568,32.429691,32.299743,32.331149,32.259638,32.199013,32.215576,32.172191,32.292659,32.095785,31.845056,32.346409,32.147816,32.250576,31.964691,32.035836
44.870316,40.382296,39.895473,40.331879,39.483285,39.802868,39.785264,39.680733,39.674222,39.870056,39.737973,39.707504,39.709639,39.80089,40.046462,39.806463,39.607503,39.921358,39.909483,39.819275,39.748598,39.594796,39.600993,39.584431,39.721619,40.239795,39.811306,39.803962,39.434327,39.536879
50.011047,45.284431,44.743546,44.714328,43.952557,44.450941,44.509848,44.086619,44.466098,44.626098,44.200525,44.724327,44.54839,44.4649,44.472296,44.254588,44.668494,45.051463,44.182869,44.557452,44.286411,44.370837,44.526828,44.754692,44.525629,44.108754,43.895942,44.523806,44.10063,44.534119
38.548546,33.550732,33.667503,33.619482,33.091879,33.732347,33.451409,33.743701,33.238805,33.382191,33.347712,33.334222,33.074847,34.218285,33.767763,33.130316,33.662452,33.279639,33.652555,33.514118,33.701826,33.571565,33.475733,33.448649,33.223337,33.196253,34.183076,33.545733,33.625524,33.429118
43.616202,38.56141,38.325265,38.856566,37.569535,38.546774,38.422348,37.643597,37.509015,37.820369,37.817868,37.630889,37.865316,37.818128,37.611202,37.89115,38.020837,37.60792,38.044796,37.926045,38.009691,37.75141,38.080837,37.857035,37.929744,37.606254,38.027243,37.934274,37.783702,37.570733
41.955681,36.522035,36.02016,35.879691,36.129534,36.207712,36.463754,36.320316,35.870524,35.801462,36.143076,36.077244,36.133389,36.576097,36.144118,36.383285,36.156618,36.431514,36.367034,36.407921,36.0799,36.186254,36.165576,36.285473,35.841671,35.949378,38.597556,36.553494,36.259535,36.433857
35.611931,30.91792,30.705107,30.126461,30.587139,30.968857,30.34042,30.190107,30.355836,30.183753,30.212712,30.339378,30.474951,30.290837,30.146305,30.423806,30.503649,30.524795,30.41042,30.517555,30.317399,30.390107,30.355003,30.339222,31.130055,30.625993,30.304169,30.368961,30.36943,30.159221
48.792088,44.594327,43.897192,44.094692,44.082921,44.47313,43.955057,44.340109,44.222452,44.302453,44.122765,44.026098,44.345629,44.196775,44.255681,44.129275,43.921723,44.121931,44.091671,44.094119,44.318598,43.593025,44.063234,44.177088,44.039796,43.687869,43.861827,44.472452,44.026202,44.032296
43.703754,39.12016,37.920056,38.361515,38.139588,38.28839,38.09115,38.154014,38.114483,38.098546,37.966358,38.065681,37.843754,38.118285,38.924066,38.818442,38.05792,38.650993,38.6474,38.602295,38.344692,37.825681,37.92391,38.430681,38.403076,38.1399,37.815994,38.342035,38.164119,37.897087
39.918702,34.826983,35.254014,34.578233,34.913128,34.748337,34.83443,34.953546,34.916201,35.082243,34.615732,34.841774,34.863962,34.591462,34.56167,35.421357,35.675941,35.619848,34.764691,35.077868,35.777087,35.057556,35.166149,35.069378,35.020629,34.995785,35.085629,34.683128,34.713129,34.987972
32.003336,28.333232,27.54344,27.259482,27.291825,27.146357,27.409638,27.739586,27.436618,27.356721,27.186356,27.156982,27.221878,27.338544,27.225836,27.252971,27.239325,27.192034,27.399743,27.345784,27.151825,27.147659,27.410263,27.173388,27.691773,27.211305,27.233493,27.395628,27.613388,27.391826
41.518545,37.234692,36.865681,36.603493,36.821827,36.779118,36.769952,36.906983,36.701618,36.715733,36.703389,36.149899,36.565941,36.245628,36.387244,36.767868,37.966358,37.022451,36.232972,36.407399,36.567087,36.554431,37.165212,36.548546,36.440524,37.015264,36.398858,36.76167,36.247712,36.522295
43.6899,38.772348,37.848181,38.751722,38.124535,38.1174,38.319743,38.37615,38.482192,38.668754,38.267973,38.043806,38.565056,38.659326,39.17391,38.192608,38.630056,38.088806,39.281306,38.529535,38.169743,38.33318,38.191514,38.220525,38.121671,38.701306,38.756201,38.083337,38.647556,38.377817
42.806255,37.283493,37.426149,37.336045,37.564483,37.498649,37.876931,37.86891,37.284587,38.246983,38.293805,38.319588,37.58516,37.83542,38.723598,37.484899,37.8149,37.973441,37.559326,37.002087,37.974951,37.341618,37.286462,37.7349,37.684119,37.312035,37.305056,37.842868,37.658024,37.410837
29.080316,24.795575,24.301825,24.142867,24.177137,24.167086,24.41818,24.013127,24.112555,24.028596,24.339325,24.25344,24.132346,24.105315,24.195471,24.212606,24.613909,24.10745,24.170888,24.282294,24.35495,24.081722,24.22068,24.615471,24.562085,24.46271,24.108804,24.282919,24.27646,24.204325
46.644536,41.294483,41.371671,41.268441,41.758754,41.14865,41.197244,41.388182,41.185473,41.363702,40.970994,41.399483,41.097764,41.701879,41.316619,41.439327,41.204432,42.084118,41.236775,41.53266,41.131983,41.457035,40.923338,41.069535,41.495212,41.048702,41.780317,41.270421,40.894015,40.994327
33.277087,28.767242,28.598752,28.113805,28.281461,28.271305,28.260003,28.115211,28.263388,28.42719,28.160732,28.291565,28.075836,28.57469,28.132243,28.348544,28.157867,28.339742,28.192242,28.247243,28.28818,28.23693,28.230159,28.454586,28.534066,28.456982,28.282086,28.208649,28.285315,28.187867
30.614482,26.559326,26.707867,26.425316,26.49969,26.656825,26.675472,26.513909,26.487294,26.529378,26.48719,26.517815,26.490263,26.496201,26.471305,26.495159,26.580263,26.617242,26.73542,26.994221,27.441096,26.567816,27.018179,26.54094,26.515211,26.392033,26.993179,26.433232,26.586565,26.53719
40.850629,36.254431,36.097712,36.341566,36.424326,36.553441,35.901931,36.211045,36.125055,36.878545,36.304066,36.293233,36.552348,36.284327,36.233858,36.837868,36.729118,36.71141,36.030577,36.610212,36.602816,36.370785,36.165837,36.226566,36.398389,36.112608,36.349639,36.382868,36.620576,36.106775
162.761527,154.377932,154.319702,156.233245,155.536942,153.648609,154.730849,153.764963,153.62689,154.183141,154.812307,153.663141,154.612776,154.204026,153.365641,153.775484,154.204338,154.668922,154.72715,153.837046,154.59012,154.543297,154.829391,155.353713,153.505068,154.461786,153.933766,154.502567,154.241838,154.096526
181.249497,171.993767,172.187465,171.721111,171.094808,171.926632,171.472933,171.673246,171.678403,172.136997,171.785695,171.587204,171.88434,171.33184,171.50309,171.52684,171.771423,172.616528,170.954965,170.854913,171.783767,171.581111,171.638611,171.987309,170.823037,170.955903,171.783663,172.175798,172.424653,172.862101
136.149128,128.609179,127.589856,128.068867,127.57319,127.450742,128.484856,128.766836,127.65793,127.755429,128.560898,128.924909,127.573971,128.473033,128.477669,128.686471,128.344179,128.744909,127.584075,128.258034,128.165534,128.369596,128.292409,128.139752,127.972825,127.926107,126.251263,126.097409,126.512721,126.857878
173.866476,170.280277,169.503454,169.836736,170.425642,170.544652,171.438507,170.212152,169.177882,169.760486,169.823402,170.393819,170.178507,169.225798,169.418662,168.465225,169.357153,170.099184,169.516944,170.075902,169.309756,168.967309,169.352413,169.400226,168.978923,170.138402,168.794496,169.828246,169.899288,170.253871
102.052874,96.417353,95.649645,96.266155,95.805947,96.219125,96.136884,95.701624,96.413239,96.41652,96.637249,96.580895,96.36027,96.205478,96.056051,96.205583,95.729489,96.220843,96.026572,95.951415,96.074854,96.701676,96.19501,96.398707,95.688864,95.676519,96.065322,96.234749,95.996207,96.292353
167.114339,156.124338,156.060953,156.471526,156.130224,156.914442,156.385432,156.304078,156.104807,156.298401,156.314547,155.974182,156.491786,156.664911,155.931891,155.848089,156.711995,159.41262,156.483505,155.791683,157.021318,157.370328,156.029703,156.02038,156.416943,156.191266,156.498245,156.243401,156.400068,156.000276
153.303818,146.732723,146.2759,146.145796,146.734546,146.408139,146.709859,146.065222,146.816368,146.21991,146.215223,146.66314,145.877202,146.302202,146.646733,146.863921,147.012515,147.355901,146.175848,146.721681,146.294442,146.215067,147.213817,147.235171,146.761993,147.914546,145.475432,146.661942,146.282879,146.875691
134.373555,125.618815,124.151262,124.997565,125.58246,125.557929,124.155065,125.515221,124.624075,125.098085,123.880168,125.070638,124.232565,125.492877,124.685012,124.753658,125.804909,124.802356,125.318607,125.411887,124.94595,124.753398,124.356836,124.967565,124.179648,126.062512,125.84996,124.507564,124.871314,125.090482
181.334497,171.38408,171.177934,171.890382,173.376789,171.051892,170.7396,170.561267,171.574809,171.617882,172.23158,171.921215,171.353298,171.306996,171.415277,171.33434,171.417673,171.916319,171.687205,172.106579,171.514496,171.024184,171.575225,171.408871,171.54309,171.779809,171.251371,170.691788,171.28809,170.275642
164.870381,155.730016,154.52538,155.625849,155.389547,154.972203,155.0934,155.345068,156.207932,155.248922,154.553505,154.91262,155.475172,155.01663,155.068557,155.27137,155.207359,155.929286,155.818661,154.771994,155.592203,155.184182,154.991057,155.566005,154.965484,155.427568,154.704495,155.819182,154.713036,154.894443
181.95507,171.47335,171.485746,171.051058,170.384132,171.863038,171.203507,171.179653,171.59408,171.598715,172.017309,170.84658,170.891684,171.866371,171.00861,171.721059,171.219548,171.507048,171.197726,171.399913,171.204496,171.943247,171.71434,171.52783,171.547361,170.815121,170.466163,170.901475,170.981736,170.741163
140.902254,132.687305,132.840273,133.019649,132.708294,132.846472,132.889804,133.202826,132.478868,132.742462,132.443972,133.295638,132.649493,133.380951,132.801316,132.627722,132.587878,132.976003,132.542304,133.49194,132.62168,132.829909,132.677773,132.858711,132.556471,132.572669,132.924962,132.555326,132.895325,132.77319
88.652873,82.292143,81.55204,82.04506,81.561935,81.961571,82.082404,82.094695,81.422977,82.178029,82.575737,81.820269,82.042299,81.533758,82.023549,81.484591,82.206987,81.449123,82.276623,82.025268,81.986259,81.593342,82.293706,82.295946,82.637613,82.518602,82.134123,81.778966,82.154539,81.534175
138.700222,131.804232,131.484232,131.297617,131.280586,131.548242,131.359961,131.391471,131.57845,131.221107,131.274336,131.35194,131.077877,131.070221,131.401107,131.255899,131.634075,131.231263,131.547044,131.29319,131.176627,131.124492,131.000482,131.753398,131.291627,131.500273,131.357409,131.642149,131.363659,131.506524
165.908089,155.483245,154.834807,154.832515,156.508557,154.802203,154.312307,154.853973,155.678245,155.396317,154.997672,154.767464,154.562932,154.311786,154.771318,155.231682,154.873818,155.343244,155.016891,156.773141,155.283036,155.563766,154.483609,154.734495,154.33965,154.346005,155.109963,155.474859,155.222099,154.442463
119.586054,113.526053,113.536209,113.222616,113.402407,113.34746,113.606626,113.298814,113.276365,113.688709,113.970584,113.656261,113.369907,113.728292,113.498605,113.386053,113.152564,113.388189,113.388657,113.300011,113.413292,113.372407,113.616991,113.471261,113.401158,113.317667,113.244386,113.568657,113.290689,113.670688
121.596835,115.420168,115.112512,114.949699,115.649335,118.904595,115.122719,114.907095,114.84272,114.952876,115.275584,115.178969,115.080532,115.158553,114.813136,114.917043,115.340584,115.245429,115.525741,115.308345,115.634647,115.175897,114.869335,115.216522,115.798762,114.980428,115.146991,115.242615,115.095428,114.98298
131.886836,125.05793,125.470741,124.812252,125.011523,125.776783,125.369231,124.930689,125.235377,125.400325,124.809752,125.310117,125.06595,125.242565,125.143085,125.444179,125.582305,125.018189,125.454283,124.996002,124.435169,125.308867,124.876211,124.791731,125.013607,125.427148,125.325429,125.098085,125.453762,125.345064
176.845486,167.054444,167.581892,168.682464,167.500694,167.647204,166.729079,166.451058,166.074287,166.973454,166.883818,166.369704,167.157777,167.051632,166.257204,166.963037,167.360954,166.440433,167.771371,167.745954,168.317725,167.118767,166.499392,167.049028,167.084808,167.532048,167.078037,167.431475,166.20335,166.856007
142.395118,133.512982,132.845742,131.988242,133.711159,133.889805,133.738763,134.073294,133.652878,133.499596,132.812878,133.056055,132.425638,133.019649,133.001524,133.304285,133.184596,133.318868,132.767878,132.536419,133.072253,133.21319,133.048294,133.448555,133.037409,133.457461,133.562253,133.502357,133.212513,133.423867
117.924491,112.117094,111.952043,111.923188,112.106001,112.028241,112.133917,111.990375,112.239282,112.44022,112.474387,111.965115,111.77824,111.633969,111.733501,112.129803,112.305792,112.13824,112.319282,111.731782,111.974751,111.876834,111.885428,111.799074,111.919542,111.911209,111.976261,112.35449,111.984074,111.945793
176.107726,164.98486,165.068923,165.131527,164.91986,164.635069,163.627828,164.294131,164.383349,164.29585,164.983715,165.466318,167.671058,165.02986,163.743193,165.539652,165.326215,164.499496,165.111318,164.932777,164.908402,166.979131,165.990641,165.095589,164.616058,165.262777,164.796891,165.497048,165.329861,164.962725
194.337728,185.91981,186.188769,185.949758,186.922102,187.008925,185.927779,186.357883,185.402467,186.091633,185.737987,185.28606,186.054654,186.145748,185.824081,185.56179,184.695435,184.806008,185.049341,186.818873,187.033872,185.788092,185.479498,185.12481,185.15981,185.628977,186.346998,185.922363,186.761165,186.148665
98.34902,91.999592,92.060373,91.578342,92.060843,92.629697,92.279228,91.89303,92.04527,91.59652,91.701988,91.660947,92.028134,92.188602,91.441936,91.51777,91.86954,91.967196,91.325582,92.063864,92.195634,91.292405,91.381885,91.957197,92.357145,91.396832,92.056311,92.089697,91.263029,92.376364
99.225531,92.981364,93.030843,92.690999,93.226259,93.53803,92.500009,92.916988,92.611572,92.845166,92.412925,92.831259,92.917874,92.980426,92.361572,92.165165,92.751311,92.392406,93.026363,92.502666,92.667197,92.986051,93.285739,92.434436,93.03178,95.11428,93.604437,93.075791,92.524228,92.688186
162.849391,153.297046,152.301421,152.157724,152.772932,152.391005,153.320692,152.223348,153.071734,153.226474,152.688661,153.414651,152.609651,152.716577,152.982307,152.757516,152.444338,152.6659,152.511525,152.078505,153.276161,152.958088,152.883505,153.113922,153.99939,152.459911,153.099078,153.96814,153.696578,152.410745
167.019079,158.169026,157.945119,159.352776,159.524912,159.412307,159.342672,159.688454,158.49762,158.521006,159.073609,158.842776,158.771682,162.71361,159.266891,158.506318,158.875536,159.972724,158.718922,159.597724,159.802151,158.342776,157.43314,158.273401,158.296787,158.504703,159.250536,157.887047,159.054911,158.347776
170.198819,161.062829,161.302516,160.046578,160.49137,161.264027,159.968923,159.734443,159.638141,159.706735,160.191578,160.499027,161.549391,160.127047,160.948298,160.66387,160.322464,161.37986,160.740849,159.993402,159.989912,161.456995,160.790641,160.061422,159.642307,160.919548,159.893558,161.015329,160.521683,160.299339
87.554852,81.139852,80.962144,80.699539,81.145737,80.76079,82.217143,81.462404,80.661674,80.9073,81.042144,80.783445,80.960998,81.263081,80.710321,80.888914,80.972351,84.2873,81.271102,80.839019,81.593967,80.607039,81.175633,80.644435,81.174904,80.726206,81.10855,80.521883,81.27756,80.649695
182.591425,171.81632,171.283194,172.56809,172.736944,171.330902,172.156632,172.604809,171.621319,171.373975,171.68283,171.241319,171.630954,171.696632,171.49059,171.569183,172.009548,171.865955,172.259184,171.948767,172.455382,171.151267,170.777986,172.138507,171.915485,171.613767,171.090486,170.916788,171.587829,171.789496
143.469442,135.53241,136.307826,136.211993,135.749337,135.249493,135.027774,136.303399,139.287826,136.092878,136.289858,135.494649,135.61267,135.714597,134.99918,135.984337,135.492878,135.356368,135.737201,135.366888,134.878295,135.878868,135.826056,135.713034,135.676732,135.693295,135.718243,135.934701,135.837461,135.963815
144.125848,136.186732,135.768087,135.415691,135.834441,135.554753,134.911576,135.730534,134.484024,135.231159,135.495586,135.779441,135.170013,134.52392,135.636212,135.472409,136.323868,137.022566,134.550482,134.996367,134.766367,135.765795,135.373243,135.950326,135.361472,134.979544,134.781733,135.364857,135.247461,135.910326
139.89741,131.737097,131.561836,131.570534,132.940794,131.06668,132.254284,132.118295,131.8897,130.767253,130.703606,131.691576,132.184648,132.37517,131.199753,132.243138,131.532617,132.09793,131.577044,132.236159,132.092722,132.543659,131.448711,131.608346,131.878971,131.850743,132.288711,131.833763,131.572305,131.118503
143.125796,135.591055,133.664076,135.398451,135.202566,135.146472,135.284441,135.100482,134.881993,134.286784,134.825795,135.441576,135.443816,135.183971,134.608712,135.640639,135.035378,134.856108,135.220639,134.123711,135.38418,135.116055,135.314753,134.886836,135.144961,134.26095,135.697097,135.092045,134.883295,134.389597
161.991683,150.69064,151.581421,150.550536,150.175536,149.850171,150.122099,149.965692,150.116734,150.001629,150.545848,150.540067,149.786473,150.901265,149.788505,149.959233,150.338296,150.051786,150.089962,150.331734,150.816369,150.029702,150.209858,150.486525,150.329703,150.580484,152.07465,150.858192,149.852411,149.926265
168.765746,160.516995,160.21861,161.714808,160.173297,160.175849,159.979235,159.812516,160.566735,160.231058,160.841578,159.972255,160.402568,160.725954,160.444755,160.881005,160.357516,160.289652,159.619183,160.67861,160.335745,160.562985,160.861787,160.371266,160.282828,159.990745,160.170173,160.919391,162.260902,161.098819
165.323141,156.012724,155.540693,155.90538,156.963453,155.76762,156.09288,156.647567,156.34413,155.868453,155.542724,156.640536,156.037255,156.498818,157.678505,156.578037,155.54887,156.259286,156.596578,156.277099,155.439338,155.739755,155.801265,156.521838,155.386422,155.362984,156.106734,155.750016,156.042672,155.261786
143.197722,134.731732,134.027149,133.511837,135.057462,134.991211,133.509597,133.953555,134.461575,135.020221,133.942669,134.72668,134.322618,134.752253,133.427461,135.05517,133.759857,134.01043,133.885118,133.885169,134.237096,134.116836,134.583139,135.219388,133.732149,133.621107,134.486315,133.933138,134.519545,133.976576
175.372414,166.558089,165.314236,164.909444,165.209652,164.967724,165.749235,165.483662,165.667934,164.901839,165.267725,164.628037,165.446475,165.276006,164.696736,166.136892,165.913662,165.205954,166.134235,164.980173,165.607568,165.530329,166.003558,165.035694,165.595746,165.425329,165.900225,165.35637,165.319026,165.039548
134.991107,129.21293,127.753815,128.614805,128.963971,128.106939,128.543242,127.92293,128.666211,128.35069,128.597304,128.416524,128.569492,127.999075,128.62944,128.550638,128.399075,128.736835,128.57543,128.905482,128.046002,128.950742,128.60845,128.68194,128.796002,128.472409,128.409908,128.437617,128.347565,128.393346
183.947674,173.921528,173.504966,173.851267,173.365121,173.992257,172.966996,174.455955,173.492049,173.540122,172.157517,172.828559,173.064132,173.241059,173.390174,172.674653,173.842101,173.822257,173.219027,174.721945,173.76434,173.838976,173.755642,174.879444,172.764236,173.86684,173.478402,173.551893,173.042986,173.781475
176.547413,166.259131,167.10335,168.197152,167.093663,166.418715,166.50637,166.494548,165.245798,165.928038,166.284912,167.012569,166.425225,166.8971,167.204496,167.293298,166.950746,167.078246,165.965329,166.942881,167.088662,166.473402,167.023715,167.271475,167.175798,167.274131,166.98512,166.365277,166.897777,166.807621
178.477518,169.71861,168.030173,167.758923,168.931683,168.29585,168.569443,168.827621,167.656475,168.479027,168.125954,168.59184,168.905434,168.535538,168.855433,167.785955,168.607829,168.094652,168.200329,168.195537,168.580016,168.823558,168.516371,169.235121,169.805954,168.169704,167.88309,167.875277,167.867725,169.5546
110.210219,105.411781,104.764593,104.864386,105.255792,104.81475,105.012146,105.442041,105.233865,104.897094,104.915011,105.46751,104.928657,105.095688,105.077406,104.885531,105.149907,104.791052,104.957511,105.030636,105.407303,108.886209,105.022927,104.898344,105.1335,105.583291,105.303604,104.906886,105.001052,105.048552
152.852203,141.793244,141.741733,141.768035,141.234546,142.159598,142.124077,142.363243,141.823712,141.931212,141.620118,141.768035,141.870118,141.175639,142.564649,142.312358,141.801629,141.723556,142.432254,141.645118,142.26767,142.721264,142.124598,141.367462,142.045691,141.541785,141.810639,141.201889,142.214337,141.944285
198.475124,188.742518,190.066842,189.80606,192.137519,188.47179,190.139342,189.622519,189.729394,189.634967,189.093978,188.731373,189.075279,190.008039,192.106842,189.897259,188.985123,189.875227,188.494915,188.580853,189.397207,189.654342,189.297103,188.927623,188.91679,189.44705,188.315956,189.01705,188.617519,189.081321
179.36408,166.984965,167.632725,168.121996,167.267881,167.935486,168.865642,167.923819,167.359965,167.196996,166.555173,167.534496,167.730537,166.355485,167.835433,167.272569,167.608037,167.788194,167.157725,167.719392,167.481475,167.510589,167.952412,173.19809,169.623558,166.990954,167.801163,167.635277,167.362985,167.334809
152.043921,145.454233,145.969181,145.887411,145.607983,145.906004,146.07241,146.876994,145.993348,145.737618,145.450952,145.861005,145.284702,145.886056,146.293088,145.575431,145.742463,146.223035,146.028452,145.85465,145.383661,146.029962,150.220536,146.030536,146.099963,145.726681,144.903296,145.739859,145.669597,146.054546
123.14496,116.009074,115.954387,115.828241,115.691574,115.593918,115.925688,115.010219,115.484907,115.756001,115.75772,115.682251,115.810324,115.783814,115.560064,116.652199,116.41673,115.839178,115.107459,115.663761,115.717564,115.809022,115.598866,115.549804,116.010689,115.710429,115.954283,115.247928,115.62397,115.802095
174.984705,168.168455,168.366423,168.648611,168.751007,168.548194,167.825694,168.2321,167.745694,167.714079,167.935017,169.938715,168.454809,167.630642,168.089964,167.583038,168.450329,168.156579,169.517829,168.906996,168.949964,168.129913,167.822464,167.455433,168.43434,168.006215,167.94809,167.274548,168.176683,167.366267
128.400378,122.481054,122.088345,121.947616,121.634022,121.786731,121.91423,121.892148,122.247044,121.308971,121.9322,122.100116,122.336679,122.002721,122.111887,121.632512,122.022824,122.072772,122.223085,121.875325,122.519803,122.023971,122.146366,121.291366,122.230116,122.182252,121.259699,122.248763,122.352252,123.310012
196.964916,186.75231,185.48981,186.440852,185.080956,185.276842,185.634133,186.0933,185.868821,185.891425,184.908665,185.599967,185.997623,185.712259,185.70554,186.027101,185.97632,185.25882,185.487363,184.924133,186.229914,184.795644,185.244029,185.303977,185.46304,186.286841,186.028612,184.809914,186.663456,185.867935
126.065742,120.811731,120.493033,120.150012,120.564439,120.389596,120.659282,120.447616,120.312095,120.979491,120.688762,120.388137,120.379699,120.265637,120.615897,120.201991,119.857564,120.526731,121.102721,120.386314,120.216158,120.29595,120.707043,120.634856,120.360845,120.37121,120.742617,120.964439,120.179075,120.370845
195.383562,186.904289,186.101477,186.812831,186.710227,186.056529,186.144862,186.460383,186.720904,186.951164,186.25356,186.049238,186.191269,186.8608,185.766217,185.61205,187.572727,185.874914,186.933924,186.245696,186.142414,185.644915,185.708352,186.082102,185.958612,186.670747,186.570436,187.271216,186.296686,186.540956
101.275062,92.753134,92.546728,93.380686,93.191051,92.228811,92.681884,93.069384,92.52303,92.244749,92.508499,93.167561,92.821728,92.425999,92.211676,92.62178,93.092613,92.962874,92.965894,92.405061,93.054697,92.631624,92.548291,92.853134,92.894072,92.357353,92.791676,92.905322,92.510582,92.723499
132.304857,124.881888,124.235585,124.107564,124.01522,123.967408,124.396263,124.086471,128.22496,124.371939,124.578815,124.498502,124.160846,124.44095,124.209699,124.111626,123.936418,124.241888,124.651523,123.963918,124.376627,125.18319,124.409336,124.065794,124.170482,124.325169,124.894544,123.948398,123.979596,124.296158
126.26569,119.402252,119.087095,117.954126,118.970481,118.8597,118.602773,119.093032,118.767825,118.818241,119.114907,118.016939,117.97496,118.669751,118.824335,118.4572,118.208397,118.989074,118.26095,118.200324,119.305585,118.345481,118.27022,118.611626,118.513189,119.132199,118.422876,118.254491,118.214439,118.501939
130.374128,124.430429,124.761575,125.216836,124.660273,124.833606,124.560637,124.650689,125.389388,124.576366,124.279961,124.7272,124.718502,124.79746,124.816158,124.620846,124.890377,124.869752,124.407617,124.590533,124.720012,124.504335,124.417929,124.493189,124.632617,124.854387,124.615585,124.729387,124.938034,124.454283
122.691419,116.311938,116.24022,115.758554,115.688866,115.982356,116.120272,115.39246,116.055272,116.015688,116.106522,116.027199,116.012668,116.228918,115.999699,115.778292,115.784074,116.00449,115.645949,116.340949,115.416574,115.575324,115.406314,115.66673,115.935688,115.301782,116.045116,115.753605,116.377511,115.845168
173.1146,162.984235,162.811578,163.73611,163.746474,163.740589,163.274287,163.515954,163.247204,164.22835,163.591006,164.030902,163.927465,163.03059,163.617621,163.599652,162.736318,163.939287,164.32512,163.876943,164.269808,164.06835,163.656319,165.34236,164.031214,163.492308,162.947777,163.494652,163.694183,164.193297
137.859858,131.184179,130.623919,130.954024,130.88319,130.60194,130.395585,131.123763,130.731159,131.185013,130.415534,130.840221,130.538138,130.65043,131.256836,130.620586,130.58819,130.708711,130.665222,131.096002,130.587565,130.760482,131.134128,130.781524,130.742096,130.626784,131.358243,131.095899,130.732721,130.515273
89.466311,83.660009,83.504592,83.797873,83.635842,83.70355,83.519071,83.946467,85.497457,83.777612,84.12605,83.590633,83.65829,83.860634,84.071362,83.521207,83.887612,83.451154,83.821675,83.78282,83.404436,83.965373,83.982769,83.764228,83.728863,83.487612,83.924591,84.140685,83.596935,83.803863
193.523613,183.316425,183.291633,181.76757,182.476685,182.293195,181.732727,182.688403,183.787727,182.599601,181.876476,183.280174,182.146321,182.897571,181.884549,181.17106,182.123768,182.810122,182.316476,183.228821,181.29731,182.469862,183.212935,182.827726,181.813508,181.699654,181.369237,181.212205,182.413508,183.135331
110.490532,105.852354,105.220323,104.589646,104.922666,105.176677,104.948813,104.976625,104.661469,104.935531,105.246313,105.094229,105.015844,104.915011,105.139438,104.779125,105.616521,105.216521,104.667771,105.219698,105.130584,104.892771,104.877718,104.663864,104.880271,104.916834,104.790271,105.027562,104.761469,105.219333
126.335898,118.22272,118.000376,118.111887,117.732564,117.952199,117.717564,117.628188,118.35048,117.733397,117.819543,117.730324,117.916783,117.612824,117.590897,118.156157,118.948605,118.833502,118.848501,118.234595,118.181106,118.328084,117.889439,117.852929,117.952772,118.435741,118.374907,117.961053,118.038137,117.840168
133.49392,125.474961,124.797148,125.21944,125.186106,124.700793,124.909232,124.61371,124.720117,124.6297,124.993345,125.666055,124.867512,124.703867,125.005742,124.854127,124.815586,124.784231,124.98345,125.430117,124.859232,124.869908,125.140898,125.011367,124.866992,124.9497,124.495013,125.43345,124.683919,125.035949
142.704649,134.517357,133.8972,134.292513,134.365378,134.862253,134.298087,133.861368,134.171003,134.137357,134.476263,134.211159,135.28944,134.64392,134.396993,134.297409,133.976055,134.069545,134.152878,134.048451,134.354076,134.041211,133.491159,134.031576,133.958295,134.204961,133.879336,134.78444,134.272618,134.350847
37.452139,27.561096,26.259065,26.185472,26.54219,26.47818,26.574274,26.099117,26.169117,26.168492,26.348231,26.150003,26.394274,26.411982,26.463024,26.213076,26.41844,26.26094,26.140992,26.394065,26.449586,26.963128,26.527399,26.335316,26.343388,26.734377,26.684898,26.998284,26.607399,26.343284
61.089276,55.799954,55.606464,54.955474,54.866777,55.044016,54.71063,55.043027,55.081516,54.978234,54.897088,55.39136,54.515734,55.669016,55.054953,55.012662,55.00188,55.547818,55.049328,54.317141,54.839745,55.304589,54.923026,55.561412,55.199901,55.690162,55.154225,54.600423,54.716829,55.537193
95.182666,89.828342,90.479957,89.0548,88.571884,89.744124,89.335061,89.416884,89.15079,89.178394,89.953759,89.643342,89.112978,90.068029,89.115009,90.007978,89.13105,88.940686,89.07329,89.284905,89.79553,88.83803,89.249071,89.19803,89.503707,89.311207,89.505894,89.765738,89.034957,88.977145
137.508191,130.568868,129.078867,129.890169,131.146419,129.985013,129.551784,130.220326,129.836628,129.494596,129.282408,129.452356,129.401783,129.802825,129.537513,129.360846,128.885274,129.921315,129.54694,130.470274,129.612929,128.765898,129.554701,129.531627,129.56069,129.666106,129.257773,130.090951,129.917774,129.643763
138.499337,130.089128,129.746835,130.376523,130.683971,131.11293,130.297044,130.978138,129.92642,130.992045,130.976472,130.328294,130.329908,130.342097,130.579232,130.944909,130.277148,130.151888,130.262826,130.794024,131.253659,130.233919,131.563034,130.417044,130.12418,129.747774,131.38293,131.293815,131.660377,129.890533
136.867826,130.496159,128.302357,128.402148,128.714388,129.964024,129.597617,129.222929,129.468242,129.913242,129.161262,128.505898,129.617201,129.596992,129.249909,130.436628,129.425065,129.222513,128.766419,129.682252,128.688242,130.122252,128.852565,128.720846,128.43694,129.027721,129.111106,129.235586,130.041211,128.470847
161.812048,152.560849,151.750796,152.797463,153.841995,153.722724,151.492359,151.646265,152.185952,151.74314,151.459598,151.55413,151.735744,151.67038,151.908557,151.452932,151.495588,151.909651,152.567619,152.262151,150.938452,151.451005,151.526213,151.27939,151.400848,152.473504,151.766786,151.651942,151.887411,151.680901
129.881055,126.641679,127.258606,126.393866,126.32595,126.411887,126.653241,126.572774,129.45293,126.49918,127.629284,126.939284,126.636784,126.818346,126.838867,126.393502,127.062565,126.972929,127.733919,126.417357,126.279232,127.002357,126.607096,126.453294,126.926731,127.272149,126.837044,126.513398,126.752773,126.465482
223.883564,214.676532,215.555282,214.225021,214.670073,214.02325,213.861845,214.335229,214.201584,214.23622,215.449553,215.335803,214.846115,214.48825,214.031532,213.45424,214.373668,214.921011,213.664084,215.061323,214.801271,215.529761,213.90273,214.604553,215.212677,213.548771,214.988772,214.554397,214.86648,215.678615
56.042193,52.574484,51.839745,51.901828,51.84313,51.731463,51.791411,51.892297,51.88938,51.556984,51.887557,51.79089,51.831672,51.775266,51.927089,51.497453,51.412349,51.874641,51.872088,51.917401,51.854068,51.712401,52.697089,52.295943,52.250526,51.528079,51.948546,52.234016,52.010526,51.590943
100.464697,95.003291,94.040217,94.069905,94.835583,93.657926,94.529072,94.182145,94.24277,94.259124,94.42152,94.44803,94.395217,93.805895,93.824384,94.373499,94.206103,94.892718,93.563864,93.786729,94.10553,94.180269,94.567614,93.876624,93.906156,94.37527,93.594957,94.434593,94.22751,94.681676
119.040272,115.887772,115.859699,115.558605,116.28147,116.742252,116.515584,115.785115,116.003709,115.983606,116.51522,116.029231,115.644908,116.392564,115.528918,116.856731,116.888501,117.054126,116.07147,115.910324,115.726678,115.850116,115.826835,115.737199,116.18048,115.397928,115.758449,116.280637,116.627719,116.082147
191.520384,182.453873,181.29757,181.343508,181.488403,181.85408,181.657622,182.087622,181.113038,183.933352,180.393508,182.605331,181.886372,181.320852,181.470122,180.849289,181.957154,181.611477,182.26382,182.162518,181.984029,181.142049,181.775643,180.717361,180.707153,181.856632,182.097778,181.655383,181.678039,182.185279
245.275024,161.076683,160.358975,159.672776,159.968766,160.623974,160.343558,162.375953,161.059079,161.675745,161.24335,161.241006,159.434964,160.474235,159.563505,160.23012,161.341683,161.405537,160.915224,161.926839,161.016006,160.730276,162.274755,160.431578,160.348193,160.735277,160.076058,160.854808,160.775953,160.372256
93.699593,89.537249,88.953655,87.788446,88.121832,87.908915,87.763446,88.567456,88.406779,87.945426,87.728238,88.57527,87.644957,87.386988,87.708967,88.223238,87.654436,88.242926,88.941311,88.350478,88.182248,89.154696,87.827457,88.786572,87.827457,88.27902,88.021154,88.076519,87.738133,88.462092
115.996105,107.039177,107.143552,106.905531,106.382042,106.118136,106.912511,106.377354,106.628604,106.565479,106.55449,105.97725,105.788812,107.072198,106.51574,106.180167,106.125115,106.733344,106.831626,106.11923,106.791104,106.198448,106.880583,106.264646,106.019802,106.513292,106.356938,105.931261,106.123657,106.11751
60.806725,56.273286,58.045006,56.281307,56.215631,55.458235,55.907766,55.727974,55.828599,56.163027,55.923391,55.68287,55.81412,56.179432,56.058651,55.944016,55.980214,55.888547,55.792245,56.501985,55.770006,56.535527,56.035474,56.216047,56.026568,56.019797,55.992714,56.028496,55.81412,55.916829
32.159222,28.563545,27.345419,27.38594,28.49943,27.242815,27.872867,27.289378,27.305836,27.105888,27.252919,27.235055,27.162242,27.057347,27.174117,27.150263,27.173596,27.27844,27.576669,27.037191,27.202555,27.206253,27.136409,27.244846,27.073492,27.241982,27.176513,27.430784,27.188023,27.578127
305.184822,293.987217,292.596696,292.010446,292.067373,292.762633,292.350759,292.288363,291.771539,292.542998,291.755811,291.468519,292.201643,291.448936,292.429143,291.889612,292.117165,293.057373,291.70305,292.110654,292.007529,291.827165,291.853779,292.42831,292.181123,291.346643,292.583154,291.944405,291.875446,291.88779
511.854894,497.690987,497.435935,497.705154,496.656299,496.632497,496.75281,496.572028,498.319216,495.330153,497.220518,495.371039,497.344476,498.425518,496.100258,496.365414,497.814373,496.617237,496.699372,496.239529,497.420674,496.484529,496.014998,497.651404,497.367446,496.305362,496.410778,495.317445,496.461403,495.867914
669.113087,651.701836,650.318554,649.702825,649.20595,650.650117,650.411107,650.856679,650.854804,651.345065,650.338606,649.259388,650.45418,649.390117,651.938867,651.538294,649.950221,649.10345,652.047565,650.590846,650.651888,650.117096,650.229388,648.99444,650.515169,650.425013,650.086106,650.067096,649.738294,651.552097
1161.805897,1136.110946,1138.87053,1136.327092,1137.690374,1137.735478,1136.272248,1138.473343,1136.349905,1135.195998,1137.249593,1137.077561,1136.077196,1136.073811,1136.986885,1138.105634,1136.662718,1134.396572,1135.658655,1136.074592,1134.332248,1136.00704,1136.279436,1137.378186,1137.024385,1137.820999,1136.437926,1135.629853,1137.161051,1136.100946
