141.513333,83.078958,72.913,73.749458,71.536125,69.655875,70.956875,68.212959,67.929,67.739208,61.4915,60.501,57.239167,58.3525,58.796458,63.55325,62.572125,58.836083,55.790708,54.759625,57.807792,57.459709,58.188458,54.371375,54.804375,61.619167,69.277958,62.377333,62.205375,60.999042
46.081,36.432792,36.358042,36.369042,40.240041,41.028125,38.408959,36.244208,36.896167,34.144041,33.341125,33.795209,34.102917,34.740625,34.33075,35.771792,37.05225,37.370458,35.773042,36.295791,36.01775,35.854333,36.328166,40.980458,41.695666,39.980333,36.395333,36.798667,35.5195,35.004583
78.666333,81.159166,84.697666,83.707459,84.520792,85.252292,89.545416,87.455833,87.152417,88.3805,85.877667,88.391666,86.066375,85.666791,86.593458,86.080792,86.74575,85.384917,87.706042,87.316792,87.226792,87.301125,81.128125,83.611958,85.998667,87.617916,87.681875,87.542959,86.750625,87.480416
91.806792,73.676541,77.201083,77.525208,77.047375,78.642042,77.78525,78.323583,77.868708,79.111292,77.227917,97.614875,75.289875,74.534,74.31375,75.079375,111.344875,75.957,75.8645,76.35425,75.986208,76.966625,76.704292,75.078875,75.801084,77.08775,77.153667,78.179625,78.2215,77.160292
69.716792,55.012,52.878916,50.023,52.409167,50.258834,52.600333,51.183416,52.097042,50.989542,51.32275,48.544833,48.029833,47.793,47.918417,49.552791,47.387416,49.57175,53.4285,53.644792,49.920375,49.9385,54.41525,51.68225,52.792875,52.37925,48.908167,48.384083,49.144083,48.623167
55.1135,40.503833,39.503917,41.341042,43.33,41.691542,42.819917,43.126708,43.172041,42.671666,42.350292,43.4525,42.636292,52.777542,43.135042,42.036167,42.518625,41.886791,41.216125,40.352958,39.41225,38.538292,39.191042,42.166292,39.928375,41.037417,42.373458,42.438292,41.486417,41.593459
86.535667,72.534917,72.563084,72.535667,75.760583,78.179042,78.971375,78.565541,78.436959,77.684,76.0885,70.95675,71.175792,72.763125,71.385166,77.69275,73.267334,76.086625,76.847125,71.706875,72.399583,73.373458,77.5065,77.819416,77.009458,74.531709,72.912416,77.783417,78.159458,75.375083
79.93825,69.5385,72.019125,74.460167,73.80225,74.953417,75.888916,74.508167,74.092125,74.726333,73.220208,69.211667,79.746625,77.207667,75.51075,81.852041,82.314958,70.147041,71.50125,74.39525,73.548208,74.328958,75.894459,81.523708,85.249417,81.416084,82.479208,82.294458,81.579084,81.3295
63.550875,48.028959,46.818125,48.881041,45.050875,43.66575,46.977416,49.344792,51.427083,52.865666,49.017375,46.794875,50.827625,50.367583,50.500292,51.00725,47.059333,42.359041,44.675,48.631917,47.117417,45.940541,46.15275,45.760042,46.436583,44.546959,45.74825,45.85075,42.908708,44.238417
56.06,47.47575,45.237541,45.550334,46.80075,44.76375,44.162208,46.337042,46.161417,45.072167,47.744667,47.397125,47.34275,45.857917,46.323333,45.950334,49.290125,51.88225,54.6805,51.472542,65.401125,55.341,55.202291,55.288125,55.743083,54.834541,56.792917,53.762584,53.525916,54.603083
104.544875,88.025583,82.8075,79.512125,77.962709,79.937541,84.05825,89.079666,90.036,84.945375,85.4765,93.143209,87.223333,92.310667,95.595458,95.006042,94.60425,93.995583,86.777916,80.742208,78.797208,81.314708,91.885375,95.969875,97.154833,94.608042,93.301292,87.489166,85.018209,81.630625
90.095375,78.132958,75.946125,83.202583,89.071042,89.112,81.993709,79.33875,74.745041,69.567166,69.024333,70.053125,70.490916,79.557209,84.045042,79.284375,70.914542,69.680333,70.383667,69.915,75.828875,75.53175,73.626792,69.448917,70.15475,70.539,69.602458,68.514042,76.396833,69.782166
86.627584,76.09775,71.154542,66.834,65.562375,66.95875,66.320541,68.157626,67.017958,66.594959,69.430125,71.413291,71.095833,77.955583,73.925583,65.702459,66.645416,66.026333,66.58975,65.835833,66.608792,65.55025,73.249541,72.88375,71.8275,73.791042,78.702542,75.477959,71.070583,66.478167
92.612083,79.196,86.224208,85.953,87.256959,86.283875,86.113833,86.566,81.235709,80.00975,75.986708,73.311208,74.515833,78.849917,80.881125,77.288667,73.645,73.831292,78.497792,79.552708,79.357,79.185791,77.565208,74.070083,74.23725,78.751167,79.514708,78.765083,86.419791,87.52875
83.768792,68.478084,69.1035,68.503708,69.657792,74.497,65.393208,64.430166,64.160208,63.291375,64.241625,73.818167,69.57425,68.249375,63.921667,66.771459,63.970458,63.048584,61.998958,62.876041,67.622042,67.814667,70.270292,73.5225,72.282959,70.714459,68.226833,73.846792,67.4895,61.94625
103.622875,80.315917,74.869291,75.686667,75.075583,74.22025,79.017708,79.448708,74.481917,74.403791,73.994667,73.846292,74.858875,75.483,75.379417,74.849875,74.645291,80.251,78.179666,77.299291,81.023791,89.725291,89.017625,84.078292,77.998917,78.853709,87.990334,82.552334,75.805708,78.649875
106.322333,93.693791,85.381042,91.130292,86.788042,90.032667,88.593667,94.295458,101.675791,92.274833,90.232833,94.475166,89.2655,89.23925,88.5215,95.667042,91.051291,93.419334,88.152333,88.9805,94.427,103.489875,103.928458,104.686125,102.825875,105.198042,104.644792,103.371792,104.19075,102.600042
88.216625,80.221042,74.527292,68.314291,64.567208,68.678959,65.26475,64.704166,64.168375,65.737292,66.108834,65.74125,63.642667,60.835958,65.342083,67.291958,67.413959,62.873791,61.532333,62.18675,65.234,67.76375,67.136959,66.68025,66.517666,67.573916,72.721542,74.387542,64.636125,66.841875
106.400625,74.44675,72.851166,74.732292,77.80775,82.099,80.507042,85.802083,88.736333,85.433584,75.411208,88.039375,80.8325,77.684167,77.573,80.665625,85.063416,79.651584,80.671167,80.645125,75.692042,80.116041,76.425209,76.1475,73.614,75.790042,74.756875,81.783792,87.042916,86.825084
95.863,74.370333,74.175292,77.959125,72.728459,77.427083,75.011208,72.117083,77.290333,77.939458,78.427042,73.094583,71.734666,83.23975,78.790959,75.008375,76.609584,77.323542,75.943209,72.570333,72.69825,72.987584,73.19475,72.036416,79.499958,72.917917,77.220583,83.927375,72.404541,85.51775
69.5595,60.024417,57.884666,55.339041,57.840291,60.893292,63.180625,59.729542,54.512042,52.245291,52.632125,57.444667,57.62325,57.812708,60.666375,58.769833,55.939292,56.357083,55.224709,53.126875,53.035875,51.905083,58.425833,62.27125,61.483416,53.795917,51.534542,53.554417,53.145042,56.871
104.702208,86.063792,85.230375,91.913625,91.926334,86.972792,86.496125,87.77,93.002958,87.618708,86.938,91.446,87.018958,91.957459,91.133667,91.278417,93.137167,92.342334,90.590583,86.90675,86.739917,85.972917,86.67725,89.858666,97.704417,91.636166,89.243667,91.35775,87.366917,84.89275
89.843666,74.274917,74.615833,74.991666,74.728042,74.00075,74.203083,75.694833,74.924625,75.868125,75.124417,80.918625,78.212958,74.959584,74.236167,80.96425,76.651833,74.240334,75.048167,83.108333,75.637292,73.422459,74.99275,73.555458,83.144083,77.802959,75.546709,77.652667,84.057625,76.042417
86.889042,67.559125,72.326833,72.528958,68.577708,67.375333,67.815708,67.883583,68.123459,67.268583,68.945333,68.492125,68.4265,68.847791,75.72,68.384167,68.035458,66.480541,77.478667,69.918584,68.721875,71.782708,68.006667,68.982625,68.24325,73.239292,72.419333,72.034958,67.986042,72.6255
68.206875,53.878333,51.029792,52.408959,51.831333,49.95875,48.297917,49.375375,50.140959,49.626792,49.63,49.04425,52.362625,47.976542,47.2665,47.656083,48.684541,47.814542,50.008,47.67075,47.24625,48.134667,49.047042,49.684916,48.66875,48.76925,48.633542,47.960625,47.616,48.931208
88.65075,76.0345,69.767583,76.148083,70.908542,70.787583,70.6835,69.26625,70.608083,71.356417,70.739917,69.957458,69.817709,70.682125,74.258792,73.535625,71.391542,71.311208,71.335709,69.520792,71.098417,68.848209,69.965875,70.729666,70.785542,71.097416,71.065792,71.754666,71.043375,69.18725
99.572125,76.730875,76.308,76.305084,77.813167,75.574333,78.14375,78.577583,77.575125,82.507542,80.496542,76.548375,74.620458,74.63025,78.354,77.579667,74.278875,75.103042,74.01175,76.962875,78.469667,74.007708,80.067917,77.052084,74.666458,75.518083,76.82525,82.634626,79.964292,77.449
93.654208,80.04,79.096375,77.316166,72.900209,79.393083,78.427167,79.514083,78.890208,79.39425,80.162625,78.417667,76.639416,76.695833,77.429458,77.640583,80.959666,83.618708,83.241625,74.436916,72.983083,76.60875,75.973292,71.432916,75.598791,80.858459,75.259958,75.759917,78.930667,79.45625
59.2775,46.726083,48.462792,49.418458,48.078875,46.872375,48.522458,53.647583,50.125833,52.409583,45.275917,44.68025,44.868667,43.077125,43.278625,47.801333,44.335,47.066792,46.49725,46.132625,44.558666,42.954916,42.959209,43.575459,43.850542,44.09375,45.22675,46.010209,45.37775,46.828959
99.563125,87.428083,78.1515,83.430375,92.208375,93.22775,81.751291,80.310083,83.752417,83.3665,84.321167,83.50175,79.759083,81.153334,82.803958,77.703083,76.932292,81.922875,80.645958,80.750375,78.083917,79.872042,81.357125,83.057208,87.438208,94.305708,81.976375,80.9365,81.440458,81.886042
75.045666,60.11775,59.093458,56.138041,55.5065,60.151166,60.477417,51.542875,51.228917,53.375625,52.618875,51.124625,50.604,52.445583,52.466417,51.738459,55.403834,57.344167,51.303417,51.111167,51.147667,47.862334,47.203167,48.157375,49.963333,48.970542,48.528125,50.155875,47.420167,50.592334
59.443875,46.184792,46.145917,45.1775,46.679542,46.956541,45.434042,45.819583,45.383917,44.958625,47.010334,47.947666,47.435709,49.559334,47.221166,45.979375,47.572709,48.63575,49.10325,48.7765,51.624834,54.336667,47.845,47.349583,48.568584,48.675959,46.658042,48.95225,46.916958,48.968958
84.684334,72.158583,72.519458,71.280417,71.202,72.565708,71.435458,72.251666,71.644792,71.015041,71.887333,70.776792,71.742416,71.640542,72.328791,71.590167,72.68425,71.089583,71.272417,71.664125,72.290041,72.357916,72.828208,72.302417,71.409833,72.439125,71.562042,71.986584,72.572791,70.091959
319.172125,291.509083,290.902833,294.094083,304.398584,321.258334,303.798417,294.150209,289.716333,292.343792,292.456417,289.95025,291.040583,292.401083,292.126666,293.662583,293.4565,291.787792,291.951458,311.567958,297.659417,293.493,292.277666,295.991667,298.832708,297.57875,298.103833,296.030083,297.639292,293.409916
346.444958,313.691209,313.571,314.381958,314.679375,315.161333,314.0785,312.464333,317.734167,323.508416,323.196208,318.349375,319.291625,316.233084,310.59075,313.317875,320.382875,317.2325,321.2335,320.932958,322.3015,321.978042,315.742167,320.905084,330.72425,320.757291,332.011375,345.940667,347.915291,344.50575
279.896917,250.274417,231.722167,233.405916,229.195041,226.672625,224.469584,229.554625,229.787375,240.108125,247.240833,236.449501,250.6575,256.873792,254.507291,253.36725,254.365125,247.516375,240.583709,237.669709,250.810416,235.000459,238.31325,236.576208,233.07225,233.636417,231.058583,235.042417,231.3075,231.076833
367.612459,323.273584,321.55275,325.679584,323.948,323.091167,320.784375,318.498792,318.209083,320.286375,318.8675,321.110709,323.469542,323.297042,317.510417,318.828167,321.800333,343.910958,354.7635,351.447,352.940417,354.454042,341.27475,345.515333,348.0505,333.761667,342.401208,332.958875,349.358542,346.027834
195.66175,186.286583,185.178875,183.496875,179.923833,182.147375,182.323459,182.539292,176.272375,186.332084,181.495542,191.293,175.202917,184.571084,179.5265,187.589,180.6945,187.013,185.695208,188.3025,184.858875,186.142125,182.1425,190.795125,184.093417,186.551125,186.319208,181.862334,184.072542,184.810584
355.85325,325.652375,323.655417,317.492833,306.999333,314.631541,317.347334,317.038583,327.448209,319.733792,321.689833,309.97575,322.84625,327.556666,332.932416,328.798459,317.857625,308.421334,319.7075,314.765708,320.38625,319.448291,315.150958,329.873625,327.044417,330.0125,333.823125,331.803125,323.717792,328.92375
322.970667,296.3,312.895875,321.670125,324.669208,301.684334,304.497917,299.820875,299.461292,298.09875,290.9935,286.222042,290.672959,300.557292,301.809,295.842917,307.539917,308.705459,318.918125,320.139125,307.853209,325.948542,312.661125,280.287833,282.273375,332.843458,327.722041,313.167458,317.908083,299.53175
299.691416,269.498583,277.508958,246.077375,254.487458,266.962417,275.047125,263.123084,258.101833,250.39025,265.057042,264.337791,270.47875,271.415291,264.122417,259.83325,269.199959,282.716792,285.6225,275.27025,271.754959,273.802542,270.896875,277.3175,275.249292,265.311458,274.385375,282.740416,271.145084,271.171625
410.16175,349.110125,341.889291,364.072625,346.230625,343.778584,343.644208,355.640916,362.515625,363.90825,361.968333,368.54975,378.2815,378.583125,352.299125,368.367958,379.174792,379.126542,370.983875,356.08025,373.325125,359.224125,378.390125,371.675834,373.043958,351.062333,373.780458,359.578666,378.032541,360.090959
384.653959,349.911458,349.248667,356.345709,337.268375,345.444167,345.667291,336.233792,341.919042,343.076167,311.729542,332.435125,354.81375,336.834167,350.907584,356.036708,354.677625,353.844876,355.336167,346.103875,340.535666,323.285791,330.682667,341.824875,319.834125,327.909459,327.071625,337.711958,337.2005,338.550167
415.134125,383.944416,374.7995,382.62075,377.7545,363.744417,374.5605,365.564834,363.45675,364.336833,368.844792,356.12625,372.299167,367.433833,358.735542,376.00275,366.524833,374.192167,391.60875,381.532584,389.043208,378.725667,378.114708,383.527417,380.95725,392.788375,380.595209,388.137958,375.131583,348.116625
265.29875,242.783083,238.886209,240.278,239.739208,241.476833,236.482625,244.795833,252.539916,243.686917,239.460125,237.980417,233.601292,232.007084,231.857166,244.396666,232.732917,237.031917,237.227166,241.175291,260.908,245.425666,246.514792,240.247916,243.110875,261.141916,272.132958,276.014917,272.604709,303.256167
172.422667,138.746917,137.494916,140.683625,143.969167,140.418458,145.457541,137.921542,138.458334,138.60925,138.412041,139.110791,156.901584,147.520001,135.93875,135.983916,141.762917,150.504625,156.603875,143.604417,143.893375,143.410041,147.635625,135.274042,136.969042,139.4605,138.346291,138.3075,141.207,137.337458
244.410208,226.752125,228.564041,234.423625,231.436958,225.252667,231.809083,240.200292,248.895166,245.446708,242.85175,234.461459,237.943625,236.064417,246.161917,236.531084,234.160459,245.347625,260.829708,264.816792,247.65025,234.652125,246.445083,232.458791,233.304417,239.480792,232.999042,230.375833,227.377833,229.750542
320.620667,286.59475,278.408042,289.632375,282.325,292.987125,296.787458,308.329834,299.526167,281.103584,280.302958,277.631125,277.100083,277.645959,283.244917,281.632792,287.99825,284.948125,277.166,284.706625,292.825666,321.261583,284.477916,284.381166,284.522584,283.651667,276.799333,276.581917,276.773708,279.864125
230.691375,206.676416,204.235292,201.138625,206.655167,205.489708,209.143417,205.318375,206.9805,205.370125,208.954708,208.317958,211.67075,213.067917,203.053125,212.77175,211.250209,207.442334,205.528292,206.255001,204.87725,204.991459,210.43825,202.860334,206.169625,201.60725,209.362917,212.722375,207.765167,209.421
221.852959,207.314417,192.003459,196.072583,194.585041,194.683166,193.15575,195.540167,196.652125,193.528708,195.660834,195.389875,194.299416,195.145291,196.3915,194.379416,194.303583,194.405917,194.548583,195.508917,195.168084,196.444417,195.681,192.154875,191.032458,189.477667,188.03475,189.506541,190.905959,195.244667
272.940875,250.523792,242.026667,239.915292,239.184625,238.93925,239.519584,239.071458,238.415541,240.043,237.855125,240.137708,239.10425,238.339708,248.354542,238.314458,237.832083,238.771292,240.041666,239.018542,237.740708,237.284333,240.202458,236.173209,239.311625,238.827708,238.990667,239.384875,240.535958,239.940667
355.267584,326.200083,324.21325,325.406416,326.799459,325.782917,323.89,326.208417,325.963292,323.481833,325.530666,324.875,324.444,327.08825,324.890541,324.544583,324.630459,330.853917,328.401916,331.397,327.571125,327.104417,326.11475,326.362958,325.59925,328.7975,325.44575,325.440709,327.417167,338.372084
285.220208,257.716041,268.033792,267.545375,254.810833,247.048875,256.565042,253.895167,264.961333,272.392959,266.787083,254.064625,264.305958,250.623625,253.506375,259.682792,252.665541,249.213375,249.402709,249.971042,253.177,254.801292,259.585125,248.503875,248.509542,250.386792,262.356625,255.026208,271.599708,277.795
245.719625,218.237001,215.194875,222.322125,212.0375,211.620958,208.735958,220.336958,208.913292,217.214125,213.302875,208.032625,206.127667,204.032167,209.020041,204.537583,218.729916,202.204292,201.399584,199.896084,207.219334,204.217,206.223375,203.576416,207.597209,210.156166,209.225334,211.303625,204.750292,205.612042
364.437708,316.8335,317.895458,318.982791,308.689958,305.511,304.986042,313.755084,314.266417,315.465375,317.657416,320.155291,313.119583,316.374958,318.174041,317.40925,313.596958,304.6395,304.524833,306.360292,307.704917,307.0215,317.876167,320.453166,318.503541,317.65375,315.009959,316.466084,317.07075,326.94075
374.389416,341.450916,346.402875,340.075334,339.890334,339.55725,340.207125,339.643041,339.509375,340.75125,344.040167,349.7825,350.007917,348.521,356.700375,356.50525,342.022333,343.496459,342.514416,341.434958,339.92175,339.973042,341.316875,340.124708,340.384417,340.397917,344.632167,343.610208,343.917833,346.622708
184.794292,171.4545,173.173625,170.54175,168.139166,168.82425,169.434584,179.32675,174.519708,180.897292,170.372542,182.266292,177.661166,169.984667,174.558042,169.881208,175.934708,174.840375,181.250541,179.092209,181.442709,180.292458,182.169292,179.247583,169.072,179.322125,175.013708,181.339125,186.286375,178.738959
204.502292,184.026,184.660208,181.834041,181.2715,182.077333,183.380083,183.3125,182.799875,187.230542,184.607167,183.670334,181.775042,181.13825,182.616208,183.33175,182.268542,175.06175,184.682541,184.60925,181.344417,186.831167,191.263334,182.968709,184.031167,183.44525,181.605792,183.039209,180.458167,175.411375
387.305333,333.738291,331.906,354.354208,355.125791,353.927291,354.444125,354.892708,359.761458,357.027167,347.756958,355.054667,357.987917,355.940084,344.851376,355.2295,354.224333,350.991,303.629541,302.292417,306.244667,319.608542,290.564875,289.986958,297.479875,295.954291,322.391417,335.402292,300.261667,299.7705
309.697834,306.353917,296.441875,296.225292,296.360792,284.691959,287.370167,286.289041,293.967833,320.051208,286.625542,296.579042,320.352,294.498833,286.742209,285.439125,291.248292,319.366166,300.360375,309.927875,289.164125,282.846,280.973125,294.525416,295.037042,338.813042,308.25975,288.993416,308.759042,292.958333
347.707083,299.119208,296.369,296.447333,302.126875,324.211667,358.516375,355.734916,355.95125,371.503875,359.331875,362.020458,357.878042,341.480375,361.634833,358.7705,347.582709,364.567875,367.921208,332.577209,305.089208,319.166166,309.599375,324.099125,314.100126,311.157291,332.680708,333.629458,309.388875,333.57125
176.013292,143.679625,148.522,149.104541,142.564292,146.226875,149.484501,152.303458,154.37725,145.812041,163.641,169.942042,145.280708,141.290542,142.360292,142.053167,144.84575,142.315792,142.195333,140.823667,143.084208,142.339709,147.978125,148.663084,148.753875,153.4555,156.303542,158.813875,179.063375,156.526042
397.87875,349.772166,380.240167,406.684458,359.754875,322.891875,317.53125,315.563042,315.442375,314.010292,314.334917,314.425917,317.012083,316.894375,320.557542,318.663084,338.652083,334.262542,321.1405,326.367958,322.918375,327.349333,327.172792,326.679708,336.829125,325.373708,322.536709,326.5535,326.781708,322.2355
284.976125,259.051875,249.232083,249.104875,248.863125,251.77025,252.937333,265.4335,246.419625,255.744041,271.433584,277.110875,276.102958,273.222667,274.765167,264.247083,274.942125,261.504333,267.882292,270.207292,282.00325,276.197375,274.251792,281.307542,298.22525,299.312833,297.574875,291.427583,299.804333,300.755209
336.006041,306.622458,306.566,304.073333,297.0175,304.391209,304.086333,304.611916,308.623958,304.518042,296.728959,303.886792,303.083,258.62325,255.853458,251.60975,251.563458,253.81825,253.991125,248.685959,257.209709,259.245542,253.551834,257.075666,256.315333,255.177125,255.160917,246.956709,259.449958,255.355666
318.791333,289.072708,262.644208,253.288625,245.320875,243.034625,252.858792,244.724834,251.954542,267.211458,283.561292,284.259791,248.944709,248.982666,252.048167,253.57875,255.188125,274.241875,252.005375,254.2325,241.469541,242.796375,241.268792,241.888376,242.363375,246.727625,246.931792,246.214042,248.6095,247.058375
283.697916,249.819958,251.353292,252.663375,255.246,253.512292,254.024875,254.924,253.296958,254.180375,254.915042,252.866292,254.142042,255.521167,256.01875,263.459126,254.703791,254.676541,256.173666,259.228708,256.508,266.319292,255.29775,254.148875,253.619792,252.091208,253.3825,254.404958,254.328875,253.324166
326.313917,298.300542,297.747916,298.944583,301.614583,299.936875,301.218792,302.469875,302.051333,295.388625,299.777875,301.895458,304.863458,306.222958,300.003416,300.374875,300.291625,301.883083,300.617375,301.112417,306.95075,322.451292,314.880792,314.233333,318.593459,322.403917,323.984875,322.194666,322.707083,309.156
339.143,328.856833,332.943209,326.344083,324.345875,322.679083,323.679583,327.786041,326.578875,325.115916,323.437958,342.747583,350.584875,349.220334,348.533792,345.283583,350.544875,352.377625,349.654667,344.136667,345.374667,351.960417,354.718416,356.428667,347.556833,350.391625,346.061,351.443125,341.253584,352.06075
375.092083,341.025375,343.10625,319.829125,311.924667,328.220542,288.8935,304.1075,287.206834,278.942,284.983625,293.820542,289.214125,296.636,279.92775,276.904833,278.6185,280.597125,281.142917,313.615083,299.88575,301.786959,285.870625,294.158291,282.860417,280.790541,291.271667,289.676625,298.191083,298.299417
275.948125,256.07575,260.977333,262.986375,264.475792,275.20775,280.992125,259.541125,262.159834,279.781334,280.947625,264.091666,263.442,248.898458,251.062167,251.633583,250.348708,249.666083,251.351709,272.552375,284.726709,288.722875,277.32075,262.648833,296.828583,306.099209,310.733709,306.772875,307.639333,308.56125
429.991208,368.721583,367.174709,363.578209,383.582292,385.739125,370.001208,376.970292,377.653541,388.060333,381.731459,379.440792,383.166292,383.01775,388.96225,387.256959,384.506166,382.081876,383.747125,374.657666,382.96825,384.51425,388.882333,379.011958,380.458333,380.852001,347.799917,326.285375,341.601709,315.579167
291.86525,228.121,232.89575,231.232583,237.930375,227.446542,229.408208,233.832083,224.390708,226.472042,226.791583,228.042917,218.225708,221.172083,228.176166,247.623875,228.930959,241.65925,229.610209,227.816791,231.762333,222.057667,222.625625,228.562916,233.367209,244.590834,240.628292,263.48925,239.900125,227.7965
393.132084,346.370208,331.143625,338.048708,372.534709,357.118083,352.608292,355.850458,378.513791,363.777792,345.224375,347.644708,327.134959,325.457166,325.850292,338.173375,332.705917,344.132375,349.576584,346.90375,346.760959,334.022,334.639458,331.633416,332.646041,333.963958,338.299584,339.973375,338.404584,323.465125
393.580875,334.113792,319.197459,318.050792,318.29625,318.743791,326.359125,326.982417,334.343375,333.420542,321.594792,319.219917,320.289042,320.951667,319.350625,318.538667,319.422417,318.162834,330.637959,319.9035,318.926458,320.60425,327.235583,326.657334,329.887584,321.507042,334.764667,331.127042,315.96775,318.0595
352.577625,323.758667,322.108542,323.97475,323.995917,324.369,333.777709,323.549208,325.14125,323.029541,322.11175,322.837792,320.960292,313.030167,311.984208,323.876041,328.325459,327.25925,332.430417,331.144292,321.802042,319.092584,318.077751,320.901875,322.197708,321.862167,319.846542,322.258833,322.371792,330.912083
471.695209,227.170166,212.907875,185.627333,183.855209,182.173666,181.550209,183.669916,184.791542,195.151167,196.509959,197.791667,189.545166,188.957875,206.044458,195.189125,202.265166,215.70775,199.248458,203.953,205.255125,207.097542,205.166167,205.641167,200.573125,189.702833,192.093125,188.064667,185.328292,190.907458
329.948459,270.418083,269.544625,266.573166,266.530709,266.57475,271.743833,271.4775,273.054042,280.690709,294.677916,278.010542,295.243875,271.936917,272.450167,274.478917,274.617,266.13275,273.758334,266.468292,266.471167,269.887542,270.5795,272.126875,271.795708,292.478833,280.227375,270.385166,269.545209,272.554666
421.9105,353.625,349.612583,349.731875,347.984209,349.508583,348.708042,352.746209,349.94875,349.541334,350.254334,346.783625,347.851,350.272458,348.894251,347.877958,349.121666,356.741125,358.387708,354.55875,349.064167,347.570041,348.208584,351.23775,349.176292,348.092333,350.326333,347.939541,348.705166,348.556333
370.762751,319.821209,317.406375,316.682,316.7225,322.760583,323.31175,324.201709,316.853417,318.62175,318.906209,317.285125,318.3295,317.212875,317.463333,318.179209,316.348375,317.369125,317.28325,317.332083,317.618083,315.924209,318.399458,318.483166,318.085541,323.497417,326.089667,323.8595,318.586958,317.861
307.042166,271.789292,270.675416,272.172584,271.815834,271.258375,271.7135,272.618208,270.358333,270.713083,270.787,270.286625,271.306333,272.156542,276.85025,273.2245,270.499791,279.187042,278.831208,278.785041,271.140041,271.078291,270.535583,271.042,272.896209,271.474458,271.504917,271.094833,273.70875,271.214833
206.009542,193.9355,195.334042,195.527959,192.241542,192.244292,193.066542,193.866,193.681959,196.369417,192.426791,195.127208,194.291917,194.986167,201.363875,199.190417,200.773833,200.176875,195.378375,193.632959,193.963333,196.426459,195.190958,194.125167,197.423542,194.308958,195.352083,191.963541,196.838167,194.57775
375.614291,315.9875,310.734084,311.982459,310.450959,310.016666,310.444708,310.149917,311.568083,318.285916,321.488875,321.773791,312.255542,310.608333,311.069083,312.197292,313.098416,310.3555,310.903459,309.514791,310.57775,310.217584,310.944125,309.835834,310.937583,309.192792,310.3915,311.041125,311.023708,316.3455
263.0115,239.638667,233.27575,223.202916,235.657458,220.45175,226.234208,227.254166,229.426875,227.50875,232.930875,227.720083,226.76725,223.7595,227.568,221.460167,227.073333,225.047625,227.229,228.597875,237.90575,227.899625,232.656042,226.888209,226.264333,223.707625,226.964,233.218042,236.712166,229.667458
402.770875,360.595958,354.746708,355.077666,355.770709,354.5215,352.811458,352.915,354.917,353.3925,354.000458,355.0425,352.743417,354.19,354.110208,358.466208,361.959208,355.621417,352.952791,354.152458,353.317376,353.245584,355.086416,352.725125,352.842708,353.271875,354.536333,355.195833,353.449417,354.139042
231.610166,217.708083,217.339875,215.361167,224.285541,221.461125,222.046959,216.338083,216.530333,216.948,217.76575,215.135833,216.288084,215.287625,219.637292,217.005833,218.148292,215.218583,214.586208,215.454333,218.93825,215.016166,215.785833,214.8815,216.279625,217.641542,216.354958,219.465375,218.153667,216.791625
370.723834,354.042042,354.132959,350.916583,348.294541,347.742,348.02475,347.06225,344.556625,345.765916,347.130917,347.69075,347.896583,346.311,346.64575,347.619,345.9315,346.218333,348.053083,353.049458,356.649541,350.607958,345.498375,346.676166,347.160125,346.525292,346.226459,345.552417,345.975333,345.19
196.253708,163.4045,165.303083,164.854083,163.450167,164.919,163.983584,166.066916,166.471375,164.005333,163.409376,163.401834,164.067292,163.759167,163.671583,167.728958,168.863792,170.116917,168.711375,167.648666,166.569334,166.457834,164.014583,164.433792,165.023834,165.318417,164.066667,166.159917,165.398208,165.9885
262.37675,224.390667,225.624875,226.553333,226.059916,225.506792,226.019375,224.89025,225.119666,225.205626,225.826917,226.475583,224.554875,224.08675,227.229125,225.520791,231.775791,231.526709,230.206083,230.31525,224.422958,225.222125,226.840666,226.924042,226.45525,223.301292,226.268458,225.357125,224.668,226.671584
243.983875,212.886541,211.246583,209.806,211.156084,210.395958,211.312875,212.245959,210.394167,214.011709,212.818458,212.089459,212.255083,214.74125,219.929834,217.3535,218.257792,214.009292,212.111959,213.951084,212.698834,209.294416,212.409541,207.615917,209.420291,212.455291,210.61925,210.905459,211.937584,212.144583
271.060876,223.885292,223.948458,223.4235,221.79275,223.350708,222.795792,223.885208,222.097834,222.238875,225.089542,226.875708,233.687001,229.431875,230.863666,230.843417,229.173667,228.196042,226.802625,224.133667,225.267167,222.81825,224.486042,226.195916,220.578167,224.162959,224.261375,222.36625,222.857583,223.491416
226.487791,201.931125,203.568791,203.15275,203.449542,202.335542,202.93175,204.659584,205.526417,201.337792,204.041875,203.734458,208.587166,208.855166,209.477666,204.354,201.839458,204.440417,202.599542,202.09125,202.509166,203.197792,204.687458,202.190209,200.975875,200.870125,204.461292,205.649625,203.640708,201.698334
328.049667,305.768042,305.451416,304.466,306.129333,306.42575,305.199583,308.036667,314.376709,312.98525,308.990166,306.218458,305.136084,305.192708,306.318916,306.71275,305.995666,305.354833,305.970542,305.014667,304.595959,304.964584,304.818583,306.072041,306.549833,305.759917,306.059792,305.496042,309.0825,313.686209
265.214458,234.096834,230.880541,231.633833,233.895958,230.25875,230.059667,228.807833,232.446417,231.667541,231.443125,231.765,233.260042,231.101042,232.069833,231.453,235.225042,232.539,232.821292,235.836625,233.66175,235.440875,232.20725,229.137209,237.233375,239.270542,236.090792,238.264667,231.118458,234.269958
180.078959,149.694875,147.638,147.599167,149.117583,148.915,146.449917,148.154083,146.431833,147.961292,147.399375,149.093792,146.715417,147.998125,144.951292,149.930958,145.442791,150.200834,147.304459,149.484875,148.530916,147.89075,147.220083,149.118208,148.056667,147.425708,147.967334,148.897458,147.033375,147.162792
402.921584,349.352083,340.631541,335.753625,340.006042,344.388833,345.481542,344.972084,343.642125,344.718542,344.343042,342.84875,343.688625,345.3085,346.588167,343.229125,344.796375,347.126667,346.336542,350.953875,352.998,344.8105,345.854917,346.329833,344.172375,345.519416,345.551375,342.42675,343.151334,344.019583
196.755916,184.011375,183.457708,179.899542,178.505375,180.881917,180.551167,182.528917,182.420875,180.321667,181.814125,181.414042,180.532333,186.737708,183.385208,186.856875,183.766875,180.54,177.228042,181.7695,175.993875,177.807667,178.355542,179.07825,182.116125,177.648041,179.3265,178.449084,180.934208,176.028334
214.512792,205.81575,200.390125,200.554125,199.433041,201.8495,200.441125,199.859542,200.737167,201.726584,197.92,202.784042,198.349375,200.379125,198.525417,207.643042,205.498541,204.524917,203.462166,198.531458,200.481042,201.719333,201.094625,202.528958,197.905416,200.845834,199.4205,200.439042,201.112,199.526083
274.674,236.727459,235.090958,234.381375,235.27775,235.279375,234.800125,235.069333,234.949916,235.157209,236.0705,235.983625,234.82525,240.628,240.54175,239.521292,238.737083,236.98,235.633875,234.745375,234.333875,234.521583,235.597125,234.72725,235.25125,234.791083,235.249625,235.5515,235.852709,235.441584
300.470417,257.309458,258.816167,256.724834,262.048584,256.658417,261.765417,258.858292,264.258042,261.838959,263.223958,262.102834,263.156667,256.164167,255.863667,261.802375,252.25925,257.742125,261.089042,260.555458,258.178708,259.662709,258.035458,257.237,256.087042,260.218875,260.98925,257.087875,255.063125,251.993375
57.485708,47.176917,44.383084,43.870833,43.760875,45.110292,45.194292,43.611458,43.757208,43.853583,44.7235,44.37325,44.230959,44.857792,45.2215,44.729334,46.000709,46.81825,46.964,46.774208,46.809875,46.01375,46.297708,45.814667,46.088958,45.872792,45.547625,46.650041,45.606667,45.913833
117.193417,101.594917,101.33525,101.007959,100.047083,102.948667,101.262959,101.297458,102.160541,99.926875,101.452541,101.918959,101.282333,100.661667,101.800125,102.434875,100.739333,100.691125,101.043,101.029709,100.305917,101.639667,100.475708,101.282083,102.714166,100.520459,100.808042,100.761167,101.867625,102.091917
200.2365,186.584417,184.448916,184.835416,185.286292,183.432375,184.624,185.058875,184.997875,183.933416,183.571708,185.377875,189.618375,189.872916,194.084417,189.567833,184.620625,184.034334,182.220125,184.482542,183.990542,183.749084,185.137167,181.306083,186.796208,183.67,181.163542,180.203125,182.100042,181.18775
262.968292,237.3785,241.063541,240.668,241.993083,240.803709,241.350375,241.051792,241.178625,241.442458,240.967625,241.752209,241.138958,246.348125,244.100375,244.391667,240.931958,240.280667,240.484083,240.347125,240.181875,240.457833,239.522042,240.339792,241.715292,239.386792,238.858917,241.134959,237.374541,240.6765
289.664167,253.317292,253.374584,254.376792,251.863875,253.485833,253.764375,253.434792,259.054291,256.62775,256.06975,253.45875,252.06175,252.0695,250.854375,251.883458,252.469375,251.250459,253.546875,254.453916,251.821458,252.890625,253.290958,252.802792,252.14325,252.586251,251.790542,253.643625,250.905416,252.211292
273.492125,240.710917,245.223375,246.409791,245.542208,245.067667,240.047251,239.784041,240.818791,239.183792,239.769583,237.72575,238.992542,240.533292,238.756709,244.843041,239.126792,240.688833,239.410125,239.49575,239.505292,239.146125,239.554833,238.460625,239.837208,238.905042,240.353167,239.889,244.17225,247.438459
345.697458,290.096166,286.412417,288.730125,285.356541,287.7885,286.838209,289.662333,284.964292,287.207375,287.264333,287.220958,286.250125,287.231792,286.748792,285.5135,288.280375,287.078708,288.247625,288.186584,292.704,293.11725,294.668,287.661791,286.85375,287.122708,287.588375,287.744125,286.62925,286.142458
260.010458,245.844333,244.499666,244.392125,245.307916,244.349083,245.245167,244.466958,244.238458,246.799292,246.453167,244.904875,244.922084,246.21025,251.087417,249.31725,249.138917,245.102542,245.370375,244.824625,245.396125,245.393666,243.97975,245.25825,244.523125,246.053042,245.201458,244.346542,244.499375,244.917917
464.219751,417.984125,420.04625,418.442292,422.696666,430.354458,422.748875,419.830167,417.899166,419.345375,418.941375,419.099458,418.135792,419.738667,417.401375,419.502292,418.951416,420.606584,419.542917,424.282583,427.443917,423.424334,417.799,421.752625,418.232167,419.019125,417.073042,418.239667,416.5595,420.072542
100.988,94.661791,93.860917,93.113166,93.898833,93.194792,93.542417,94.908625,95.154209,95.337875,94.289833,94.330708,94.017209,93.854791,93.819375,94.065834,94.491167,94.520708,94.63575,95.712542,96.125958,96.801666,96.487208,95.228416,94.882208,96.367625,95.9505,93.20225,93.277708,94.084667
207.755333,180.311375,180.273333,180.950375,179.369375,180.357334,179.18075,180.170083,179.396667,180.151583,180.7735,179.381834,179.785792,181.122166,180.802375,181.418542,179.279875,179.831417,181.915209,180.9565,179.567958,179.729959,180.774292,179.566958,181.392875,182.449583,179.332334,180.160833,183.684333,184.175583
271.9925,228.158042,225.522667,224.581417,226.208875,226.411875,226.023292,224.472167,225.645542,225.158375,225.390875,225.303041,225.492541,225.623959,225.841416,225.436,225.723125,225.460417,224.725333,225.682459,225.434375,225.284959,223.750416,224.684833,224.239959,227.005917,230.251125,229.92925,230.108667,229.001459
397.140042,358.627333,358.217084,356.037584,355.764875,358.050458,356.709625,355.601792,356.698417,357.273917,358.391875,355.263042,356.699875,357.694,358.946833,364.224834,359.886458,354.951167,357.806708,358.056875,356.71375,357.439083,358.202208,358.32375,355.894375,356.323666,358.16025,355.64825,355.516583,357.093875
353.996333,337.30225,334.703834,335.961583,332.501625,328.349959,331.217458,331.00425,332.495708,330.348167,329.849084,330.325958,332.157708,330.519834,329.229167,329.28725,331.261458,332.626291,334.293959,329.028458,334.574334,336.066875,332.750833,330.807834,331.261666,331.233458,331.248709,331.463125,330.903666,331.505833
198.24125,175.595041,171.716833,173.531917,172.534875,172.400375,174.071166,173.088708,173.460958,171.598876,171.972208,172.388542,174.889833,173.246209,175.721417,173.269958,175.833917,177.24975,175.647542,175.286125,177.057042,173.410459,172.624542,172.34575,172.335542,172.287459,174.121209,173.93075,172.173459,173.400959
242.658291,213.562375,213.063917,212.829958,214.314875,212.695583,215.167834,213.104667,213.922625,213.201501,211.987459,213.663666,213.055667,213.273125,213.529208,213.208333,212.973458,215.525,218.538417,216.900042,216.291167,216.626916,213.877501,212.870375,214.904084,215.255459,213.454125,211.843667,212.537292,215.243
130.703292,114.851959,107.692709,109.575375,110.500625,108.8295,109.820042,108.966875,109.292834,109.267333,108.8325,108.387417,107.370708,109.459208,107.770833,109.965333,109.351125,110.071167,108.605291,107.628542,109.167375,108.476792,109.929042,109.114916,108.354584,109.78275,108.731125,109.224334,109.019125,108.870542
63.632292,48.1105,47.387917,48.582959,48.274958,47.233375,46.169583,47.683333,48.687958,49.731458,48.039584,50.136583,49.790833,50.332958,47.618709,48.563458,47.943208,49.999458,49.520708,49.5475,49.497958,49.504417,48.918916,47.980791,47.344792,48.776708,47.469292,48.086125,46.663333,47.103542
593.698792,544.516667,539.970667,547.110334,545.105667,547.255875,544.406667,545.966083,543.463792,548.064,549.273709,545.018292,543.187042,546.56375,544.557792,541.209458,544.797791,546.105625,544.423001,545.623666,547.683041,553.791583,547.453584,539.765376,541.963667,543.679917,544.881709,544.28675,546.515042,543.165791
980.782667,922.414042,915.595792,917.634167,918.826917,913.371959,916.250125,916.361375,915.935,912.123875,918.85975,909.759417,916.043458,913.321167,922.507167,917.8515,908.906417,916.359292,911.391167,918.090167,913.058667,920.4905,921.174042,916.409709,919.684875,916.899583,912.404792,915.083208,919.176292,913.542875
1276.373,1202.242667,1203.170917,1205.976667,1208.901167,1202.171208,1204.683959,1207.064958,1210.536584,1214.971416,1205.358167,1209.183126,1203.141417,1207.059875,1214.356458,1202.290459,1198.680459,1198.907084,1205.234792,1211.668583,1209.381083,1207.079792,1203.817126,1205.475875,1219.418292,1206.756792,1211.084458,1199.453333,1204.773625,1216.083751
2219.11975,2124.935208,2118.318584,2119.481792,2106.457625,2118.1865,2101.338209,2112.713125,2116.168667,2110.597292,2110.938209,2122.825042,2106.615917,2111.338916,2120.523,2110.659208,2115.298625,2120.833125,2109.576583,2106.880501,2126.555542,2112.754916,2107.381292,2119.388292,2108.017292,2117.796125,2124.874167,2110.877334,2113.357125,2124.167833
