178.609323,76.948125,46.43151,56.265677,39.567916,29.941771,30.841511,29.585989,29.830468,29.607968,29.700208,29.94552,29.63375,29.493958,29.394844,30.479844,29.747916,30.866354,30.435417,30.332292,29.807396,30.231562,30.274166,29.987865,30.575468,30.398802,30.50573,30.936771,30.45625,30.28677
39.356719,25.904635,17.751979,17.866354,17.279791,17.418906,17.452343,18.166511,18.734427,18.013958,17.594375,17.753646,17.748542,17.958125,18.228855,18.210989,18.30375,18.435989,17.4425,18.579114,17.641979,18.112917,18.380938,18.237813,18.993906,18.138698,17.670209,17.545365,17.726979,17.994062
38.264375,37.31526,38.665364,37.153854,36.681614,37.603542,39.534844,36.871979,37.504114,36.787708,37.193489,37.585312,37.598073,48.334427,37.25875,37.360521,37.89302,37.473333,39.213125,37.913333,37.693541,37.794375,39.078958,38.472916,38.142187,51.837916,54.305156,54.725469,53.878906,54.695886
71.749323,48.343438,46.800677,47.328958,47.209583,47.290573,47.584531,46.859844,47.243073,47.841458,48.484063,46.972343,48.387604,47.539219,49.385209,48.420885,49.691094,47.929636,49.918646,49.602657,47.810104,47.366563,48.043802,47.300677,48.068906,47.095938,47.970105,47.480364,52.25276,47.276979
47.666718,33.416771,33.310781,45.049375,38.711094,40.882135,38.388646,30.003489,30.386302,31.762187,28.280052,29.331406,29.906927,28.454218,28.472917,28.456198,28.497969,28.712188,28.883646,31.975105,28.601198,28.494219,29.729219,28.348907,29.069114,32.718646,28.677135,28.804739,30.252968,28.707604
34.790678,25.646823,24.945417,25.285,24.564739,25.727292,26.3075,24.441354,25.014583,25.12974,24.377448,26.783958,25.640729,26.147448,28.241667,27.014375,28.048958,24.919636,25.15427,24.137656,24.653542,24.478281,24.374115,25.404896,24.280104,24.849115,27.743281,24.743177,28.218177,24.19
97.555885,51.431198,48.95901,48.845573,49.29724,49.078281,48.613438,48.765469,49.274271,48.793437,48.702031,49.158334,48.986093,49.667031,48.617969,48.518333,52.427448,51.268125,48.731406,48.186979,48.777968,48.894115,48.658541,48.810573,48.624896,49.739531,48.739114,48.694948,48.90151,48.764479
51.184895,47.588281,47.723541,47.540573,47.61625,47.436146,47.573386,47.76651,52.157916,32.166406,32.073854,31.706719,32.153646,31.433073,31.591927,31.580417,33.132604,31.279271,31.52776,31.378541,32.006094,31.916406,31.864532,32.986771,31.687916,32.847188,32.451406,33.021927,32.166563,32.517448
31.079635,31.507239,21.584479,26.924166,26.652812,18.48448,24.591562,21.245312,20.980469,19.107604,28.35474,22.688334,19.19198,27.071042,19.613802,22.063802,19.750417,19.059218,20.026563,21.304271,22.861302,19.214271,19.945625,22.27224,18.503177,19.290052,19.49526,19.372083,19.120625,20.483489
28.638854,17.88651,23.954479,20.059532,19.704375,20.295781,22.024323,23.611146,23.074166,33.142812,18.833698,19.662708,22.047031,21.346406,19.846666,21.223907,19.769271,20.253698,24.615521,22.149948,20.134011,19.443855,21.866146,19.449479,19.373541,21.856145,20.119375,21.00875,24.118854,23.927291
61.706823,47.64349,39.784792,50.535,53.638229,38.821718,39.507916,42.066979,41.146094,41.307344,48.339844,50.825052,48.505417,50.477812,51.456562,51.724219,49.845625,47.669948,50.69625,46.009219,47.305833,44.797395,38.886093,38.837552,42.257135,39.70849,43.596146,46.9075,43.219114,39.265469
51.128489,36.135781,38.264531,41.15276,35.224687,35.152604,38.465261,36.778021,36.31375,36.12099,36.335416,49.559323,40.285156,40.947188,34.997083,36.798854,37.758854,35.15349,36.426042,36.111614,37.497708,36.426198,35.545,37.656302,37.416614,36.081094,36.268593,37.34802,36.792135,36.087448
40.138646,37.573177,38.351718,34.530208,35.229948,37.738646,34.559896,37.801666,35.93177,34.421198,35.57776,35.955417,36.121354,36.10401,35.198178,35.121354,37.071458,35.83151,38.102188,35.294115,35.158489,35.618906,35.689843,36.155,36.941979,35.152395,36.338698,36.467448,34.949635,36.694427
46.49125,38.783438,36.665833,37.176406,38.333802,37.2225,37.662187,38.215052,39.676146,38.628073,38.211354,37.46875,38.703958,37.446302,37.442552,40.92776,38.070885,37.809427,37.321042,38.508385,42.326354,41.766094,37.079635,39.065417,41.190156,38.181979,36.778958,36.348333,37.951406,39.06552
38.050573,32.996771,35.887656,33.437031,35.256354,33.078542,33.453646,36.221303,34.15651,34.135052,33.459479,34.204896,36.765313,36.180365,34.068958,33.934584,34.587812,33.934791,37.495261,37.92724,37.987813,32.734792,33.452761,34.544688,34.461094,33.593698,35.134219,35.584166,33.1425,33.267448
41.165468,42.298802,42.056354,41.080729,41.136614,40.919375,41.142917,41.710104,41.028385,39.555573,40.985312,40.489427,40.780209,40.299479,41.326458,39.637187,41.170782,42.028646,40.839427,41.151302,40.235052,42.176146,39.797917,39.685156,42.184427,46.753541,49.715729,42.971094,41.625833,40.397136
61.36901,52.746511,51.886459,51.700156,56.182136,62.517344,49.26375,48.570052,46.602813,49.133177,51.85849,54.192239,45.5975,47.529531,46.305417,45.394583,47.071406,50.838177,47.183281,48.022657,47.18125,46.554114,49.437291,51.557864,44.914896,45.363907,49.84224,44.022291,45.262343,50.027031
36.681771,36.576459,36.196094,34.51125,35.205729,34.590208,34.948854,34.524479,35.607396,35.645208,38.753021,39.011511,35.661667,36.593385,33.710782,34.515937,35.450625,35.149167,35.498489,34.984948,33.773385,36.514792,34.588386,35.734011,35.405625,34.595052,35.350834,35.456302,35.59901,35.778855
44.720677,39.724271,39.68625,38.447031,40.804271,46.614688,38.468489,39.544167,36.979219,39.68151,38.722344,38.479844,38.707291,38.394584,39.547448,38.702188,37.800677,39.117761,38.615,38.245,38.562708,38.938854,38.911511,38.873541,39.324687,39.904063,39.746302,40.873646,38.512761,37.384115
38.976615,37.207396,37.286823,37.304114,37.147813,37.233802,36.108646,37.521771,38.439791,37.139479,41.835938,39.6475,37.033385,37.289948,36.463177,37.631094,37.535729,36.336094,38.464791,38.510157,36.074479,37.072291,36.504635,36.803594,39.143542,39.310208,45.999427,37.931354,37.359271,36.811042
43.299843,26.219011,25.671666,27.568906,26.701666,26.691302,28.343125,25.64552,25.433698,26.530781,24.506458,26.704271,26.908125,25.843229,27.495677,27.349791,25.760261,24.261354,29.96125,25.365364,28.404791,31.470261,27.379843,28.059375,26.889844,29.308229,26.543489,26.495157,26.682708,30.764532
63.786459,46.09651,44.452396,46.381146,45.304687,46.410209,45.655312,48.81,45.915105,43.813854,47.796614,46.835,44.966823,72.611302,48.00625,48.184688,49.915313,51.477343,55.287291,48.785104,54.506667,59.226875,45.270053,44.249427,62.530313,66.831458,65.313646,48.297968,45.367708,50.761197
74.833698,47.089844,43.332187,40.905937,40.281198,44.190572,54.272084,82.544688,40.433021,44.08302,56.007604,74.967812,69.316718,85.943438,54.154218,45.578645,52.485365,59.381823,44.290833,43.006771,47.981927,66.747187,44.64276,45.692187,53.911875,57.187032,52.575833,59.9375,61.682083,78.530885
44.995208,39.579323,40.070365,36.578958,41.769271,54.633385,58.803125,36.17099,38.455104,39.970729,46.266042,37.98099,36.515209,39.153281,47.947239,36.052448,37.50776,38.701145,37.166302,37.434115,41.725209,38.488021,41.065677,47.095521,45.386094,45.343386,36.485104,37.441094,38.613594,40.657812
27.665885,24.398437,25.519062,24.726146,23.480417,28.855469,23.992344,25.545782,23.934688,23.462187,23.168958,23.17849,22.634375,24.214844,25.705052,26.999635,24.580573,23.396198,25.166823,25.429948,24.980781,25.392239,23.172135,24.417291,23.756875,30.531614,22.185937,22.541198,25.1825,23.969635
63.034219,39.694323,40.58776,40.685261,44.512031,37.40026,40.069427,40.748958,39.116302,46.94901,39.429531,40.462032,39.589062,39.435573,46.053594,38.739063,40.15526,39.467604,39.169271,39.674583,38.869219,38.809896,38.841875,38.434063,41.539896,39.184063,39.379531,38.247917,38.599896,41.360781
87.559947,41.473073,43.991406,41.403594,42.68776,40.720052,40.718281,40.196563,39.803958,42.019114,39.900781,40.18474,39.992292,39.767865,41.249948,46.905729,39.067604,40.866406,40.444635,41.034166,40.211406,40.480053,40.657969,40.589948,41.690521,40.877657,40.708021,41.020937,41.763697,43.593073
41.354375,37.391458,38.287239,38.304583,37.471823,38.090573,37.795573,37.822448,40.715781,36.761146,37.713906,37.8125,38.176875,37.73052,37.857656,37.879323,41.995625,40.031979,37.349167,37.307083,39.127656,43.446875,39.707083,38.17974,40.2125,37.286355,38.420729,37.396771,38.481406,38.164583
33.853958,25.37651,39.622552,22.61375,23.091145,21.070573,25.216875,31.200781,28.144583,22.464531,23.960573,23.555573,22.012031,21.418281,23.57151,23.743021,25.833542,21.80651,34.323125,31.876146,30.688698,25.938125,21.487031,22.863073,23.492448,23.543594,26.466666,21.519636,22.752708,25.345208
49.51375,43.014895,44.476511,42.289219,42.933907,46.336823,43.97,48.924635,44.010573,42.48974,44.308125,42.808281,47.380208,43.538333,45.429062,50.408229,52.754323,45.218437,48.496875,43.875312,60.974271,44.899114,42.653281,43.784688,43.937448,42.500364,44.656979,45.727031,47.924687,48.160156
35.802657,24.968854,26.364062,26.657917,24.764739,24.775416,26.990312,25.654271,26.292031,24.686198,24.61427,25.389479,26.529896,25.926667,28.997552,24.662187,26.305,26.918177,26.004115,26.07125,24.107709,25.651406,26.283542,24.755625,24.647708,24.317344,24.8775,28.414999,25.707813,26.232656
53.8775,24.427448,22.432812,24.705521,27.049323,22.912344,24.089166,24.430625,24.277708,22.692604,22.992657,24.269427,24.795782,23.487135,24.009948,23.366875,24.530364,23.623073,24.100104,24.433438,22.693854,22.529948,21.966198,23.760677,23.653958,23.794063,22.410781,24.039167,24.293854,23.86974
43.359271,37.0175,38.56849,37.140729,37.218802,37.639531,38.075156,37.95474,39.125729,37.470573,37.464271,37.711875,38.836667,36.577813,36.949271,38.19375,38.245781,37.443021,37.21349,40.513906,37.811407,41.410833,36.501302,36.322239,38.618958,38.124115,37.323958,37.538698,38.772239,37.238437
164.99651,154.24776,156.081042,150.231875,159.172865,157.655364,150.490729,148.734427,152.100052,147.20526,155.138854,152.465677,149.076511,151.478229,152.593646,158.031823,159.470782,183.218386,210.086146,198.470469,155.760781,156.197812,182.151459,155.971146,154.841614,159.198906,151.16724,149.354115,151.571979,153.660782
180.518489,180.082708,173.736718,173.384896,176.097344,173.831406,170.870157,172.224375,174.131094,173.546042,180.512812,182.156406,174.016823,170.304271,172.692812,172.050937,174.651614,171.973958,172.350312,170.588958,176.551927,173.6525,175.288802,186.235625,182.001614,219.109271,205.265729,180.78276,186.378802,175.255157
185.459791,158.978542,139.613854,130.837292,127.159636,132.981407,136.001406,128.037552,128.994531,125.273958,127.351198,129.094219,127.605,124.185782,125.837812,133.572917,141.120052,121.239219,128.192916,122.779323,125.879531,122.182344,128.650261,129.74625,121.937708,126.080104,135.773021,125.373594,145.912448,126.284635
227.269219,162.619531,168.586927,162.840677,161.241718,163.243802,168.791094,164.524375,163.620104,162.415312,171.575833,169.584844,173.094271,179.639948,169.741042,193.610365,186.497761,173.530052,178.53625,180.455365,178.504948,187.969688,176.971198,178.291511,172.023698,162.52151,162.725104,169.631666,168.241041,164.177708
94.136771,88.850521,87.288542,91.418125,87.829322,87.547656,86.915156,88.7625,87.516875,94.522448,92.302969,86.89776,87.546094,86.941979,92.665625,90.895938,92.194687,88.921718,93.621511,88.607761,89.906563,90.020729,93.606875,90.197344,89.506094,88.061823,90.856667,90.800781,89.170677,88.090209
170.956614,151.735781,154.640521,154.761771,154.712604,156.710989,156.706979,173.524999,163.706094,164.931979,161.481823,167.52875,157.909218,161.257708,175.810833,174.792552,172.841093,155.709843,160.554479,153.240104,165.552032,165.997552,156.212605,157.270365,156.41724,157.499531,153.669947,156.787968,153.936667,155.893854
157.020886,147.760521,148.036406,153.39625,158.005156,149.006614,146.879948,159.046771,157.069323,149.045365,142.067344,146.040364,147.050781,144.36349,144.026145,149.200781,143.951771,143.356563,149.250677,148.987344,148.100989,148.22474,144.169792,145.272604,151.505833,159.420157,156.040885,178.622292,212.823229,162.093073
192.833177,165.902552,149.370781,133.004271,131.267604,125.323177,132.238124,125.223229,134.070469,121.562344,128.006614,123.749271,133.046979,129.438958,126.063541,131.016667,124.26651,126.103698,124.843438,123.205365,125.037136,131.446511,122.71401,142.480416,123.854271,122.907552,119.698959,122.828698,128.795208,120.366719
219.815937,165.970208,167.296458,181.934531,219.88776,292.820521,197.949218,201.011406,387.774843,200.993542,189.848542,178.914166,178.191562,191.128021,184.584115,194.686563,179.252656,186.880833,176.484375,173.554843,201.409271,164.451614,167.925781,165.980469,173.292761,169.152656,174.271719,171.099688,170.581615,168.760677
164.849427,157.923542,155.559688,152.901094,156.426562,154.559583,152.631666,152.414427,157.735521,156.97974,156.934792,152.875677,153.889167,158.579791,152.509427,157.74724,150.062396,150.621667,153.920052,152.292396,151.457239,154.791667,156.785468,168.59276,160.58875,192.45823,162.629322,276.940052,220.25401,200.673646
287.92625,304.976823,173.488385,166.012239,166.691094,177.389948,180.858177,172.374218,180.755,167.475,174.038386,164.632708,165.298229,169.080833,171.397135,168.311354,175.440312,166.343855,179.561511,169.380208,167.035,167.899583,164.86177,177.801042,168.075312,169.462657,170.657448,174.91099,167.435312,168.496771
139.201094,134.690208,124.435,134.199166,129.220781,140.574583,126.909115,125.128906,133.704531,123.266198,152.836094,135.16724,148.654062,151.853594,150.398282,128.823698,131.436614,126.176094,124.136406,123.316406,122.025052,127.025052,131.553073,120.944167,125.579636,122.019843,119.965104,125.539011,126.84099,122.203281
83.420156,76.683333,76.712448,75.793073,78.048229,75.789271,76.227448,76.181615,76.205365,75.498281,74.250521,77.764479,77.375521,77.747552,74.641927,77.481094,81.365625,79.852135,79.366875,76.645208,76.705416,77.869063,78.332135,78.74901,77.547917,79.990417,79.482188,76.99375,79.823959,76.867396
142.597656,128.496771,129.776823,131.949427,129.725365,124.231197,127.603594,138.103854,135.56224,127.825209,136.760104,132.578854,127.982709,130.264375,126.867812,129.435729,133.530208,130.320312,134.404844,130.544427,135.443749,130.71625,131.279219,126.262657,122.774062,133.849844,125.889115,126.197864,126.109115,126.905156
163.85,152.229167,150.212083,152.913125,169.728802,153.172448,152.975989,151.174792,152.214584,150.679896,157.071563,148.252292,153.045521,149.68349,152.475469,149.457552,155.324166,153.99,154.215625,159.257135,152.227813,153.059271,149.823698,150.657239,149.361615,160.162968,150.026927,151.137239,164.238593,163.161927
135.331563,119.111614,107.959739,119.067917,111.600989,131.872188,120.823489,117.255052,124.805833,173.613281,139.453281,132.023489,112.493438,112.942864,114.01625,129.832916,114.54026,113.015365,109.492292,118.223802,110.682864,110.973593,113.052396,112.979323,113.739583,111.680417,114.263073,109.396771,109.844062,112.989636
120.38875,110.422813,112.913125,108.991719,110.817344,111.87927,111.879896,110.712656,110.185989,108.691563,109.616093,114.260625,108.512968,109.840625,106.495468,107.526823,110.268073,109.171823,110.1075,104.734063,108.128542,111.152552,106.808855,108.376093,106.237448,107.578386,105.932552,110.460417,107.521198,110.96276
145.982291,140.166927,132.997395,130.849271,138.283021,132.827969,130.329479,131.974063,135.139688,138.354896,137.649271,140.67802,153.505052,136.621771,134.853437,133.339167,149.199479,134.264947,130.992656,130.021927,131.588073,138.617968,133.479271,133.684948,131.759948,130.813593,135.601458,130.467604,132.71224,130.926458
227.258698,175.86901,179.964948,168.330989,171.510156,175.466875,178.331458,174.493333,180.024688,176.9625,168.487708,169.380313,170.097605,167.902656,168.939323,170.82375,181.229895,184.033541,186.537448,178.762292,176.074792,224.969271,184.186407,171.137812,189.718854,188.639062,198.119636,171.877395,169.795782,168.941667
156.954896,140.134271,139.562344,138.707239,137.090104,139.742656,137.745208,138.019896,138.092708,138.013177,135.579271,135.672239,137.803072,134.955833,138.886771,133.867604,135.9625,133.591875,138.565209,142.674844,135.574531,138.501718,136.658542,136.240209,134.354792,138.200521,136.384844,136.799947,135.428907,138.464323
117.005469,109.217656,111.954531,116.878177,116.524479,126.532761,109.597865,113.535104,113.597812,154.744948,109.495312,110.913698,119.736615,107.047969,108.667135,114.86099,111.899011,111.826562,123.016615,114.873438,110.026771,110.157604,111.884739,108.252239,110.643021,108.982813,109.045469,106.394219,110.884948,107.950208
183.313437,181.512083,172.002344,169.423594,179.059322,173.665052,169.951562,175.257343,174.054948,172.968177,173.068438,177.533073,174.076979,172.504896,179.773646,177.170833,174.354791,176.392448,174.671563,173.925105,171.401406,179.12151,175.991927,186.984166,176.017865,174.755208,178.131354,174.842812,182.364011,189.778073
201.245833,212.25724,192.255677,214.882031,190.083281,189.620052,201.424636,182.857552,185.564948,184.093438,187.174636,185.807031,189.84599,188.42625,187.036875,182.348177,184.99875,187.745677,183.80401,184.55901,188.719062,182.271302,182.814635,183.78349,185.947135,185.063698,182.557031,184.19401,183.049635,185.998802
105.408333,96.074115,102.550781,102.580625,94.860364,97.267656,101.118334,97.696094,96.997656,98.533959,93.722917,96.467291,103.94,94.730885,95.357032,96.337083,97.933385,99.336771,98.440625,95.657709,93.844583,94.174739,105.357084,93.103906,93.604063,103.072343,97.630521,95.029063,93.940886,93.180989
94.179219,89.9625,90.792604,90.845052,93.068281,91.12099,91.084843,92.542343,91.016302,89.95276,90.635834,91.982031,90.412604,91.977916,90.474114,89.82875,90.527708,97.60349,89.780937,90.444167,92.750625,90.160313,90.666874,90.276145,90.512084,92.411303,89.951355,89.938125,90.049948,90.428906
219.15974,166.805104,169.843021,166.567395,167.118073,166.735729,167.421979,174.835468,170.1475,175.152291,173.294688,177.445104,174.050885,170.445469,173.820677,175.239115,173.277083,168.963542,169.594635,175.214219,175.57526,168.599167,171.144687,168.117916,184.15,167.089427,173.426823,166.768385,166.518906,166.259114
177.948229,165.876823,164.020468,163.936718,164.42125,165.566979,167.486979,164.119479,163.45,165.578802,164.335521,164.541979,164.90625,165.616302,167.828229,164.033281,167.795781,166.710573,166.029479,166.809583,163.483021,167.917135,163.86151,164.590625,171.018073,164.559375,173.634531,170.121771,168.223386,163.8475
193.936979,175.322708,170.204323,171.860312,170.927448,183.421823,173.634115,176.243281,172.540521,169.59026,170.029219,173.013073,169.372448,173.004895,169.893333,169.875364,169.691927,172.418282,169.472968,168.922032,173.59875,169.944322,173.9025,172.801823,169.712813,171.678073,171.406979,172.033854,173.895521,169.448177
100.260677,82.492292,79.76026,81.488594,79.550834,79.403646,81.605521,79.346094,81.335625,79.465261,79.943437,80.531094,82.966145,83.558177,96.15375,102.350521,93.175989,84.100052,85.793594,95.52,106.611823,96.725573,99.141927,99.332187,98.195416,82.130417,81.215364,80.565416,79.49026,85.713593
204.15625,183.323854,184.847969,187.129948,183.854791,184.817968,183.306198,184.960052,183.182187,189.099062,184.04651,184.890313,187.074011,182.979479,182.234323,182.043594,184.004219,183.380833,183.007083,186.984115,193.123645,195.366979,191.394791,197.576093,194.300781,186.556042,187.430989,195.057656,188.352968,186.215937
164.285885,156.015469,146.224687,154.567656,152.199063,155.230937,153.425781,152.23375,197.478802,195.181771,181.382084,186.970469,182.403645,186.787656,182.964687,183.652136,187.487396,188.536927,182.827604,188.376302,186.534792,182.519896,181.736406,206.690156,186.601458,181.661719,185.545468,188.935052,183.385625,181.662343
194.037447,183.917969,196.120052,185.748073,192.221511,184.748073,204.403906,217.168385,211.359688,208.111823,195.819739,189.204271,194.560886,201.104115,208.516094,185.967292,188.732604,188.334792,198.52375,190.668541,181.837395,184.307031,177.227083,180.298958,176.825624,181.426511,186.170573,180.826458,182.663489,181.842031
205.324427,170.533073,169.722552,170.391823,171.065364,171.334479,171.513698,173.099167,173.245729,173.354427,171.349896,172.345886,170.994792,171.573073,173.188229,171.191614,178.106562,178.305677,176.81151,181.880468,176.768854,175.424062,172.402084,175.998802,173.552969,193.59474,193.460729,227.944479,195.995104,180.143333
204.58625,184.783229,183.198646,197.930416,190.406041,183.451146,192.908906,207.951562,189.707656,200.302969,186.813177,195.451302,183.208021,183.014323,187.451614,183.009323,205.604687,200.831302,185.786719,184.601562,188.171042,189.085468,187.250156,185.951458,203.46875,187.823386,197.877708,191.795573,196.021771,186.266145
247.003646,227.889844,221.917084,224.204011,227.445989,223.209375,254.032031,218.750156,211.406302,217.020365,212.644584,219.821718,218.767396,218.038437,216.665729,215.614844,218.014114,216.090156,215.090312,214.999531,220.975364,214.426094,214.408906,217.877813,215.132083,222.092031,221.54,215.405052,223.426094,222.011406
290.670365,226.642917,220.849687,222.710782,226.038177,228.193958,220.845781,233.229218,215.787447,213.779896,216.683437,216.935729,217.278854,219.753907,220.239895,218.976979,215.641927,224.75276,218.187344,215.573229,213.113437,210.746927,221.103385,215.638802,217.108177,212.123073,212.152604,214.62651,216.862187,221.555729
217.012864,207.984844,206.03625,210.548073,207.666719,216.332865,217.091875,221.761771,253.046094,243.983646,232.07,209.467031,220.523229,216.097813,204.252917,208.851302,209.999479,210.446511,208.215157,214.502604,203.688282,203.9525,239.795052,217.990781,229.758542,223.310208,225.339843,226.489323,221.072656,219.1075
210.20901,189.947761,192.177552,197.532761,189.678959,190.618907,191.418594,196.228229,194.158229,195.350781,188.859218,192.747031,194.153177,189.698125,190.759063,205.257917,210.758802,189.084011,187.446771,194.674271,210.580625,198.583281,193.190261,194.380156,193.878281,193.101771,191.851615,193.222448,196.013959,191.892865
295.395104,236.95125,266.346771,243.657032,236.100625,239.432135,235.743489,238.905208,230.526302,244.166198,238.79052,238.070834,248.799583,256.620365,246.507343,247.110521,248.627969,243.376979,237.806563,250.279531,242.330365,239.137239,236.789844,244.729843,246.052656,241.137084,233.332396,234.743021,272.055261,241.1725
197.545416,168.616823,164.207395,165.114895,165.942135,169.678854,163.359531,162.412135,165.090834,162.777499,165.138125,167.973073,164.59901,165.577447,165.499584,168.956875,168.333021,166.428645,168.624635,166.633073,163.575625,261.936719,166.636562,161.550885,166.264583,166.352292,170.318698,174.661875,174.519427,163.193125
260.294323,241.331927,239.408645,238.729062,242.19526,245.019271,240.049375,236.807396,237.596771,239.408646,243.531979,243.277084,239.622656,237.001041,241.978645,238.200937,235.286771,237.215521,246.914375,240.192032,244.213854,297.163697,283.111927,252.338282,243.760886,247.066145,260.051874,260.063125,236.879479,236.673906
256.425521,226.623385,225.423697,227.016822,222.961979,229.638437,235.700625,223.074687,224.052969,227.874271,228.560677,229.58849,226.314427,230.281458,224.841354,225.837656,223.813229,224.236771,226.142864,232.758177,232.241406,235.453333,235.334583,229.713177,239.540885,254.985365,255.427656,246.197864,245.924115,232.971302
249.636094,224.748697,225.098437,223.791875,224.652761,224.577604,226.720833,224.118437,226.37401,224.915834,224.012344,224.965573,226.525521,224.603854,223.257708,223.036093,223.383802,224.948177,223.264062,222.614948,229.319532,224.696666,228.630833,225.561459,225.875208,226.223906,230.408281,232.458542,193.180104,181.008542
148.627239,113.04026,111.922604,113.542083,111.954115,112.975209,112.279532,112.290416,112.564427,111.428593,111.699271,110.990938,111.495521,111.276197,111.166302,111.672552,111.118229,111.45427,112.180417,111.151458,112.065781,111.35802,110.710313,111.2875,111.461458,111.393854,111.696511,111.061563,112.697708,112.051979
162.848542,157.764114,156.679895,156.737969,156.712552,156.674739,155.77599,157.742136,157.128594,157.469687,157.832604,157.342656,158.794687,157.47552,158.437917,159.649531,162.941093,156.739531,163.107916,168.832291,162.433594,156.915417,159.136042,157.240469,157.238542,158.110572,156.54099,155.658177,156.187344,156.800938
221.897552,205.372604,203.152239,205.338177,202.236771,205.948386,204.731458,203.287917,206.345781,204.619479,205.084479,207.075885,202.512812,202.674323,201.907343,204.896666,206.836302,207.326927,207.062344,210.955365,211.496718,209.038437,206.319063,205.380261,217.169427,205.006927,202.721354,203.632396,205.18099,205.107656
185.405208,180.134479,178.861198,179.352708,179.226406,180.812448,180.157917,179.546719,179.694375,178.719479,184.369843,179.536094,179.664375,178.781875,178.518646,179.555156,178.850052,179.339062,178.694323,178.118177,178.857292,181.39625,180.376146,180.244271,180.11974,180.211458,183.170989,181.500781,180.583334,179.597187
184.030156,172.318802,164.860781,166.74927,162.553489,163.389166,162.837552,163.715156,166.399844,164.229427,163.62375,163.512083,164.600156,163.998438,163.264791,163.855782,163.438281,162.521771,163.785,163.941197,164.306979,163.098541,164.530729,164.216094,165.778333,165.068229,163.292708,162.878646,163.795781,163.484687
131.77823,118.279687,119.755886,117.593802,119.821146,117.2225,119.179166,118.47375,116.944531,117.160938,116.974583,116.597813,128.706823,128.695886,117.05875,116.60474,116.683073,116.6225,116.251042,116.574271,116.962344,116.397187,117.938437,116.462916,117.494167,117.380989,116.832552,117.116458,117.629166,118.785468
197.447239,194.990833,194.707188,193.569323,195.178438,195.305677,193.205,196.059688,194.615417,193.051458,203.814218,193.783125,195.148281,195.056667,194.96,196.215312,195.149271,194.704114,197.136666,197.225729,207.032969,196.805625,194.390312,195.838854,209.380416,194.534114,194.731459,193.552031,192.724584,193.554635
154.314271,130.66349,130.021719,130.434323,129.047396,130.347344,130.692865,132.144166,128.604583,129.574427,129.728281,129.090729,129.402813,129.286771,130.049687,130.868906,128.299427,129.674895,129.538177,129.998698,129.291198,129.377969,130.65,129.801406,128.589219,129.071666,128.606093,128.746823,129.291094,128.716354
233.34401,206.382395,207.020312,206.320729,206.123229,208.521146,209.377187,221.847813,216.988542,206.59599,206.20724,205.73125,205.266719,205.046198,206.337135,204.384479,205.768646,204.932604,204.435469,205.370989,204.543906,205.82802,206.05052,204.493802,204.930625,204.721875,205.495156,204.721042,205.981875,205.241094
136.519948,127.174532,127.046718,127.481979,127.497708,128.158646,128.965729,129.918021,127.779427,127.552344,130.889844,129.840677,127.815,127.685052,126.919531,142.359739,127.519062,126.673177,126.865469,127.039584,126.629063,126.862292,127.154374,126.745261,126.493541,126.015313,126.325781,126.969479,125.850156,126.931615
251.665,198.372135,199.663594,196.633594,199.188177,198.0625,197.272447,198.509583,197.808282,197.372917,197.830521,198.640208,196.931146,197.015729,197.540938,197.537291,210.48349,200.200834,197.525834,200.219011,198.07401,198.21651,202.020208,200.418125,198.36677,210.820208,196.885833,197.499011,199.221354,197.662656
106.330364,93.129219,92.723645,92.549322,92.211979,93.364218,92.729999,92.545052,92.588385,92.519167,93.437605,92.802917,92.891614,92.187135,92.372605,92.828958,92.585312,92.379219,93.552292,92.735469,93.068958,92.153021,94.033542,92.25552,94.627032,92.396979,92.371563,93.023594,92.776042,93.482604
144.153385,132.029635,132.087448,132.550573,131.319166,134.914219,131.15276,132.039115,132.29974,133.289166,134.793072,132.772761,132.812812,132.402187,132.712135,133.476875,132.744531,133.764583,131.821928,131.289739,132.709583,131.004375,130.954635,146.598489,131.894427,131.411094,132.208229,131.395677,131.300365,131.871354
129.279167,124.28224,123.955572,125.040833,124.591823,124.712812,124.324219,124.291406,124.115572,124.568906,123.664479,124.568802,124.151823,125.04526,124.324635,124.683281,124.019896,125.20151,124.728698,125.189166,123.474584,124.501823,124.015,123.868281,124.876146,123.876823,124.291562,124.370989,123.958958,125.227969
140.465782,130.04349,129.803125,131.456615,138.031979,130.673229,130.136459,130.299792,131.922708,130.676718,131.878281,130.384115,143.041198,132.763541,130.269115,130.300417,130.114375,131.643803,129.581354,133.609635,130.471197,129.805312,129.518958,129.869219,129.623854,130.617187,130.109218,129.393645,127.894843,129.570989
142.800833,120.209063,122.5975,122.319323,120.435729,120.505365,120.881094,120.445625,120.601771,120.20125,121.08474,123.686719,120.420313,120.457187,119.945209,120.0725,119.471563,119.895,119.808177,120.061406,120.167448,120.189687,120.872552,120.889427,120.802136,122.806719,125.63974,121.590469,124.807083,121.970573
193.317969,173.854115,174.000938,173.948958,176.281927,189.154792,172.829375,172.013021,172.031145,175.388594,172.241094,172.254114,171.878125,172.905156,173.382605,173.303646,172.266458,171.772656,172.690989,171.794218,171.837343,173.389062,171.401146,171.378125,172.737187,172.300105,173.418594,172.763386,172.556562,172.304114
145.957604,135.743229,137.911303,136.643177,135.363072,137.247084,137.432396,136.863698,136.348073,136.630104,136.89875,136.76901,140.988802,136.621041,136.416979,150.601563,134.983125,136.010364,135.651302,134.942291,135.425365,134.424114,136.059583,135.019479,134.967552,136.726927,135.116562,134.816458,135.705052,135.203646
95.194947,82.498906,81.998802,81.802657,81.964896,82.628854,81.821198,81.480677,82.236042,82.19,81.986249,82.096041,82.497916,82.707552,82.382448,82.388073,83.062292,82.476614,81.813542,81.401927,81.810937,82.751823,82.42375,82.552135,82.453281,82.028438,84.417448,81.672657,81.792291,82.315937
214.029792,197.299271,195.975364,197.736042,200.308698,204.190729,197.702032,198.50099,197.329427,200.539844,199.765,211.244999,198.209791,196.163073,197.058646,196.20026,196.81651,196.091145,197.12651,197.129271,196.650104,196.932761,194.569739,196.363907,196.088229,195.784427,196.59974,196.954895,196.758125,196.562396
118.586719,103.475208,103.530521,103.609896,103.187604,103.397708,106.969895,102.512083,103.650417,103.042135,103.417188,104.273959,102.928906,103.733698,104.043958,103.807135,103.650261,103.602917,106.061042,103.892605,105.737812,103.49224,104.283802,103.751303,104.138854,103.180885,102.836042,105.065781,102.951667,103.214843
133.585625,136.813385,121.174531,121.61776,120.920052,120.8325,121.169896,120.572969,120.560573,119.949322,121.111146,120.907813,121.708594,120.850312,120.463229,121.119844,120.678385,120.429844,121.308177,121.313177,121.792656,120.96224,121.25474,120.935989,120.586822,120.419895,121.209896,121.59151,120.825,121.523906
159.115208,142.297344,141.52276,142.22276,154.552031,158.643385,158.895677,159.305938,159.359063,159.657604,159.832135,160.45875,160.80401,161.653541,160.348229,164.074427,147.166771,143.369687,145.255469,152.901875,146.488542,142.402709,141.924427,142.274844,142.558385,144.824479,142.255365,141.623021,142.071615,142.437864
163.103281,146.880469,146.240417,145.498698,144.666563,144.11375,145.042083,143.799115,143.727396,145.154115,144.865052,144.804271,145.775573,144.84776,145.729427,145.006302,144.502968,144.955417,144.265313,145.578958,144.838177,144.335261,145.580156,144.853802,144.478229,145.548125,146.239219,145.675781,147.381198,146.592916
36.896615,29.279739,28.476093,27.802812,27.737761,28.100886,27.993698,27.436042,28.368334,27.669948,27.638906,27.815833,28.493177,27.855365,28.275417,27.625104,27.523489,27.560989,27.676041,27.940312,27.669375,27.637032,28.093906,27.768281,27.288594,27.581667,27.919895,27.535104,27.300156,27.706511
101.413333,73.032864,69.203854,67.998333,66.598906,67.078177,67.385781,67.090313,66.234271,66.91974,67.275468,66.18,67.103698,67.334792,66.435,67.255052,66.959479,66.893958,66.734687,67.869532,67.142187,66.65526,67.118073,66.846666,66.819167,66.700208,66.724375,66.611354,66.982657,67.028907
116.205312,104.435469,103.660833,104.500416,103.706927,103.422917,103.319427,103.159532,103.798386,103.384427,103.236041,103.951094,103.559062,104.023698,103.636771,103.922969,103.360989,103.845261,103.247187,103.419531,103.867812,103.803489,103.185573,103.675521,103.688438,103.613854,103.829583,106.017656,102.832812,103.871563
167.246145,150.798906,150.183334,150.794479,150.850729,151.171979,150.293177,161.316615,154.951146,150.507552,150.336562,152.316198,151.799062,150.25724,150.552135,150.669792,151.249791,150.443437,151.016875,150.418646,150.10526,150.449791,150.804375,149.929791,150.394427,150.19427,150.931771,150.222344,150.648698,150.242187
156.371041,141.568645,139.869271,141.095052,140.472917,139.78901,140.613802,141.387708,140.156198,140.15552,140.327084,140.327761,140.661354,139.86427,145.699062,143.205625,140.806615,145.119219,143.908229,143.594271,141.257343,141.319948,143.36151,140.004948,153.581198,143.502604,140.739636,140.358333,141.990469,140.286354
155.785417,146.622344,145.507865,146.205365,145.106198,144.459375,143.956771,145.233802,143.532604,145.172188,144.480885,145.262656,145.035573,144.332135,144.69151,145.369271,144.124635,144.451719,145.273906,145.661927,145.298906,146.145261,145.012865,144.456094,144.299635,144.281875,144.672291,144.063542,147.868489,149.008333
203.63948,163.467656,163.054115,163.498073,165.991041,162.518958,162.905833,166.025208,162.535729,178.902813,163.091146,163.09401,162.30724,163.317343,162.637239,162.614166,162.205365,161.794687,162.796042,163.139271,161.727448,162.019114,162.133281,162.912552,161.213125,162.591823,162.959218,162.722396,162.878646,161.878594
157.762552,146.338073,147.898802,146.445469,146.251459,145.956249,146.200937,146.474844,146.30526,148.356875,146.378073,150.429427,147.385625,145.962084,146.966823,146.499323,146.711302,147.212083,146.042864,149.269375,158.467812,145.828334,147.330521,145.634948,145.818021,146.223698,147.346875,146.143229,148.512291,148.090469
265.585104,250.295625,250.096354,251.936719,252.71401,250.971041,253.294219,252.440625,249.61625,252.04099,253.114948,250.232291,251.812813,252.452448,253.618906,258.731146,253.8275,256.273698,261.484322,256.325156,254.284427,263.731093,251.891875,250.466198,250.4675,250.995416,251.051927,251.272604,251.858906,252.119687
59.166406,54.474167,54.431198,53.995209,54.036771,55.002604,54.252291,54.320781,53.864635,55.403177,54.057813,54.224583,53.985625,54.018333,54.786302,54.093959,54.464323,54.078906,54.518281,54.096615,54.538698,54.379427,53.967604,54.450938,53.915,54.585989,53.848906,54.071823,54.775052,54.193229
119.266927,109.783646,109.28375,109.337708,109.900729,109.535937,111.023437,112.514062,112.632812,108.894791,109.033073,109.527135,113.332344,110.070677,110.277031,110.207916,108.879271,110.247135,109.64823,110.060312,110.177917,109.141615,111.598698,109.819948,110.66026,109.400365,109.683177,111.841667,121.596093,110.184271
157.087448,134.369896,134.963385,135.970312,133.54401,134.208802,134.032136,134.261875,134.328125,134.358177,134.825782,134.044896,134.851563,134.621093,134.763125,134.806563,134.076562,134.561719,134.09125,134.602239,135.301718,134.797969,134.340729,135.330469,134.470781,134.487447,133.990156,135.03052,134.062448,134.055104
225.335209,214.431145,212.03276,216.124688,211.764532,211.895468,212.103645,215.553437,213.191563,225.690885,213.015729,213.402188,212.330364,211.714531,211.374479,212.208073,211.616666,211.89776,211.288125,212.152395,212.574323,211.723072,212.403489,211.429219,213.274167,213.733698,213.404948,211.553229,212.077084,212.380521
214.829011,198.333177,197.476146,198.915104,200.392083,203.460365,202.722031,198.017292,198.436979,200.679792,211.406042,199.067136,198.373802,198.9575,198.00677,198.515781,198.334739,198.248177,199.395573,198.593021,198.267396,199.268437,197.88375,198.197604,198.480417,198.501198,197.649479,198.02552,198.825833,197.607708
107.913802,106.70802,105.483698,106.0975,105.96401,106.466719,106.637396,106.244323,106.486354,106.337708,106.128073,105.803906,107.40974,106.001563,106.468802,109.082188,107.748698,106.412761,106.371667,107.099114,106.243958,107.571302,106.953802,106.816666,105.767656,107.89349,113.3475,121.487604,105.470781,106.905468
137.224427,119.14651,118.620052,118.773386,126.240729,134.219687,126.875677,120.807188,118.488802,118.492969,118.21401,117.807605,118.310417,118.925937,118.889428,118.745625,118.514896,118.163646,118.172448,118.769636,119.76401,118.832135,116.971458,120.222083,117.925938,118.569791,118.466198,118.30849,118.601198,118.484531
72.817031,62.515416,61.612292,62.32,61.404479,62.073281,62.146458,62.234792,61.914948,62.141614,61.73599,61.331042,62.702136,65.167656,62.411875,61.356823,61.896094,62.858438,61.859375,62.11651,62.078333,62.2775,73.053334,62.590365,61.888594,62.086666,62.236094,61.977708,62.795521,62.401094
34.722083,27.162761,26.159271,26.068281,25.927136,26.379688,25.897552,26.369063,26.573282,26.063855,26.150521,26.348125,25.953541,26.697969,26.175104,25.754948,26.393958,26.082031,26.342083,26.213646,25.612917,26.196719,26.487917,26.215469,26.035,25.873437,25.65349,26.152188,26.243437,25.5425
305.93776,271.671511,272.754375,275.002917,272.433906,272.549791,273.90375,271.702656,274.105,274.559896,272.535104,272.505416,276.865677,272.425833,273.501927,273.705885,276.328281,272.028177,272.780677,273.618906,271.058125,271.712864,273.815208,293.282344,274.201094,272.449219,272.489843,272.698177,272.984948,272.788021
490.49974,466.346615,465.900052,462.950365,463.245937,461.883125,464.721354,465.394375,465.894427,463.598125,465.676146,478.342135,463.843854,466.414896,462.46276,464.726979,463.806718,462.443073,464.681354,463.344844,465.849948,463.090468,463.839531,465.728281,480.398021,464.105312,464.730937,465.39052,463.183385,465.641719
637.712552,611.088333,613.127865,609.558438,611.328021,618.098437,609.662604,628.436875,613.383802,612.662916,610.057395,610.84776,612.319062,610.424271,612.577343,622.150677,609.274323,639.042187,611.378594,612.783229,612.218073,611.28375,611.554062,610.49427,611.346093,611.351146,614.65,617.17974,627.037188,609.114219
1120.740156,1077.422344,1070.554948,1069.674948,1072.523073,1087.325833,1068.908177,1067.888229,1070.187031,1072.764531,1079.280885,1088.121458,1069.810364,1070.470781,1068.573541,1066.720156,1078.761354,1093.415156,1114.878072,1069.804947,1068.517969,1071.821823,1071.716197,1077.780104,1085.463385,1066.820833,1068.119843,1065.924271,1067.333021,1079.59151
