29.264636,25.745261,25.080521,23.967344,23.707344,24.35875,24.469635,23.938125,23.762187,23.72026,23.613802,24.251302,24.320625,24.521302,23.635261,23.841146,23.323021,23.297083,23.429428,23.339375,23.279271,23.581458,23.778854,23.767604,23.707969,23.759115,23.430834,23.322812,23.748854,23.689375
21.784375,17.39573,17.273437,17.448177,17.367187,17.402604,17.294792,17.238177,17.524375,17.433958,17.394532,17.255104,17.437865,17.366718,17.301198,17.295104,17.424948,17.404219,17.427031,17.374375,17.317812,17.388542,17.424739,17.361406,17.217864,17.458646,17.38724,17.265782,17.403385,17.419843
31.253489,28.954323,28.86125,28.653593,28.9175,29.116979,29.026979,28.621719,29.995208,30.31349,30.343541,29.730313,29.725938,30.11375,28.453594,28.562239,29.445365,28.566823,28.791406,28.544531,27.637604,27.616406,28.00302,27.994427,27.669532,27.563021,28.095208,28.000364,28.011614,27.751979
27.707552,24.703282,24.692292,24.69552,24.758021,24.719792,24.251406,24.499948,24.119375,24.633906,24.855677,24.59875,24.624635,24.959428,24.773021,24.784739,24.369219,24.590989,24.456927,24.362396,24.614271,24.852343,24.3325,24.676771,24.525885,24.605573,24.807552,25.028542,24.18151,24.518645
22.926511,19.570625,19.307656,19.361615,19.35724,19.36974,19.519531,19.390625,19.378125,19.438385,19.389323,19.381146,19.45099,19.386563,19.418802,19.453958,19.372344,19.397188,19.505104,19.440625,19.365,19.4025,19.286303,19.331406,19.492916,19.397864,19.39151,19.349688,19.378906,19.243333
18.767136,16.601719,16.272656,16.182813,16.405052,16.392396,16.284532,16.336719,16.379167,16.148177,16.353594,16.397187,16.249896,16.390885,16.356718,16.217709,16.264011,16.327448,16.234687,16.259687,16.350885,16.182968,16.355573,16.259323,16.274635,16.252291,16.327916,16.204636,16.42401,16.214791
38.101458,24.362604,24.712448,24.396041,24.599479,24.597761,24.78875,24.191718,24.633073,24.723333,24.360625,24.797031,24.744323,25.377604,25.370573,24.75651,25.942761,25.314427,25.591302,26.153021,25.455937,25.768594,25.58198,25.301041,25.76276,25.552968,25.43276,25.892239,24.868594,24.213594
27.917344,24.174375,23.966042,24.006511,24.578854,24.25349,23.917917,24.200886,24.265521,24.80099,24.137396,24.218177,24.210625,24.286198,24.663385,24.944219,25.80276,24.765417,24.5625,24.467708,24.515573,24.536458,24.482916,24.408802,24.711823,24.339583,24.506979,24.265625,24.608282,24.16
20.743281,17.493333,17.426094,17.349062,17.270886,17.407344,17.58875,17.334063,17.337187,17.405781,17.478125,17.448437,17.46974,17.403958,17.435781,17.434687,17.398073,17.278385,17.500313,17.377969,17.467708,17.309428,17.497709,17.508333,17.447292,17.373021,17.399479,17.438125,17.437136,17.465261
21.175156,17.856511,17.705938,17.717292,17.704062,17.773281,17.629375,17.636406,17.72776,17.793125,17.736302,17.616823,17.6775,17.756979,17.836041,17.941458,17.705365,17.664843,17.706719,17.8175,17.777031,17.612761,17.694532,17.673854,17.985,17.936302,17.857292,17.70474,17.795885,17.82526
31.84901,28.647969,28.629323,28.751146,28.268489,28.2975,28.318021,28.205468,28.61474,28.489219,28.531458,28.659323,28.880625,28.607552,28.703229,28.320521,28.532448,28.708281,28.600937,28.291094,28.300104,28.339427,28.294531,28.624166,28.70427,28.387552,28.733177,28.383386,28.803489,28.321823
38.590416,24.889375,25.062656,24.813073,24.994062,25.386979,25.077761,25.113542,25.132761,25.101927,25.13224,25.164323,24.618125,25.082187,24.544375,25.152813,24.70849,25.034896,25.171042,24.920416,25.151563,24.841927,25.119479,25.110729,24.914219,24.794166,24.980416,25.125677,25.021511,24.847916
24.847812,24.547136,24.397917,24.492343,24.575677,24.138125,24.673594,24.148281,24.168386,24.079844,24.28099,24.193646,24.494427,24.081458,24.170417,24.286979,24.177448,24.483854,24.546874,24.622916,24.211406,24.402761,24.100989,24.29474,24.058802,24.536042,24.258698,24.33401,24.50599,24.134895
32.315365,25.614323,25.742708,25.462135,25.757448,25.689271,25.414635,25.374063,25.428333,25.628282,25.265885,25.300469,25.323542,25.655052,25.571406,25.43823,25.934063,25.418177,25.741927,25.46474,25.260834,25.773386,25.477135,25.409687,25.752031,25.297291,25.849167,25.220729,25.282188,25.586146
30.86599,22.620625,22.609219,22.190677,22.585104,22.528333,22.438541,22.119687,22.485937,22.516771,22.579583,22.123073,22.4675,22.118698,22.319531,22.312969,22.658489,22.673541,22.050469,22.438594,22.580781,22.24651,22.651302,22.599114,22.231094,22.761614,22.156667,22.673437,22.507396,22.59448
30.643073,27.637604,27.132865,27.617448,27.756146,27.188437,27.665469,27.030729,27.120625,27.440573,27.294063,27.406771,27.644323,27.210937,27.667343,27.465625,27.495468,27.273334,27.386667,27.464584,27.07125,27.572656,27.202188,27.452604,27.473021,27.627292,27.639271,27.2575,27.162292,27.190469
42.123438,30.495729,30.340052,30.507604,30.386719,30.70625,30.076302,30.745573,30.673802,30.261093,30.319792,30.768334,30.753438,30.36526,30.199635,30.36,30.665052,30.473333,30.722344,30.749063,30.303125,30.387187,30.509948,30.422344,30.359531,30.598385,30.128385,30.655105,30.169375,30.6425
23.679063,22.627656,22.518542,22.518281,22.889583,22.898541,22.557239,22.590208,22.724011,22.818385,22.933959,22.846198,22.589114,23.036562,22.864948,23.091146,22.694271,22.832604,22.661458,22.531197,22.595833,22.587031,23.046928,22.585208,22.922552,22.96526,22.789479,22.479167,23.095468,22.71724
28.670417,25.72151,25.300104,25.658542,25.657865,25.942969,25.764062,25.455886,25.775052,25.573542,25.821979,25.586927,25.619271,25.799531,25.498229,25.701041,25.667604,25.380312,25.729583,25.524323,25.791927,25.537709,25.825469,25.689479,25.495,25.543906,25.731771,25.800677,25.920521,25.712292
27.634636,24.466719,23.946146,24.340989,24.220938,24.434531,24.723281,24.422396,24.446198,24.294844,24.610781,24.147708,24.345833,24.495,24.394063,24.241354,24.057344,24.206875,24.744583,25.07276,25.044062,25.520468,25.474323,25.664584,25.313281,25.416927,25.275469,25.33151,25.298646,25.302292
25.08802,22.033594,22.146979,22.042136,22.141615,21.852343,22.173073,21.901719,22.148125,21.864218,22.008073,22.141407,21.373385,21.629011,21.803854,21.963125,22.035365,21.138489,20.921927,21.372552,21.864948,21.941302,21.888125,21.445834,20.996875,21.351771,21.034167,21.012864,21.019063,20.982917
43.39849,29.994375,29.780521,29.996094,29.900833,29.929114,29.620573,29.525677,29.73151,30.094167,29.973541,30.119323,29.762031,29.816927,29.56875,29.936615,29.810833,29.6225,29.533438,29.716563,29.602396,29.669375,29.896563,29.630261,29.753177,29.950782,29.462865,30.094584,29.71,30.164636
28.59276,26.663021,26.880573,26.890364,26.896198,26.450833,27.126875,26.818385,26.5,26.723333,26.863594,26.401666,26.969531,26.763802,26.750417,26.71625,27.057916,26.654271,26.827395,26.914063,26.994896,26.604115,26.912969,26.924792,26.46177,26.979791,26.951302,26.56875,26.428021,26.78052
28.206302,23.882135,23.807291,23.429583,23.81224,23.746875,23.573177,24.140677,23.695573,23.620937,24.167187,23.685052,23.684896,23.571563,23.602656,23.809844,23.632813,23.928177,23.699531,24.163282,24.209167,23.905833,24.243177,23.683281,24.202188,24.038282,23.758698,24.05474,23.62375,23.757135
22.369063,19.244583,18.909323,19.017292,19.049479,19.003594,18.912083,18.914479,19.039583,18.985729,18.983073,19.024271,19.038437,19.070261,19.024635,19.027187,18.974791,18.977136,19.009635,18.847291,19.02651,19.053541,19.026771,19.061875,19.045468,18.992813,19.0925,19.016146,18.940365,19.012656
29.489323,25.244219,25.277969,24.935052,25.394583,25.371198,25.55125,25.076562,25.273125,25.632969,25.153906,25.088385,25.025312,25.431406,24.94599,25.425468,25.366719,25.391146,25.082761,25.457396,25.114583,25.027396,25.396823,25.132448,25.178594,25.10125,25.190573,25.386823,25.093906,25.344948
40.119792,26.497031,26.366979,26.183021,26.000209,26.120885,26.28026,26.185885,26.236511,26.138437,26.631197,26.549114,26.607448,26.300833,26.495885,26.045104,26.27526,26.625521,26.051719,26.445781,26.128072,26.338281,26.554739,26.473073,26.160417,26.189791,26.63974,26.139167,26.516407,26.356458
28.965729,25.210312,25.274011,24.845677,24.80125,24.883489,25.432812,24.85625,24.963229,25.042344,24.934636,24.820938,25.374635,25.158542,25.104375,24.624375,25.084531,25.048073,25.134583,25.387344,25.104583,24.896771,25.131822,25.062499,25.159062,24.896823,25.190313,25.356875,25.207709,25.394531
20.295834,17.209115,17.107395,17.032656,16.985313,17.137864,17.010937,17.156927,16.92849,17.131198,17.292656,16.985209,17.129792,17.026771,17.197188,16.974115,17.102604,17.125782,16.921823,17.075208,17.138594,17.086458,16.961354,17.173334,17.296458,17.105833,17.086823,17.05125,17.202396,17.082917
31.192448,28.178646,27.838386,27.907239,28.317969,28.094948,28.197291,28.076719,28.091094,28.273073,27.820625,28.138438,27.810209,27.799479,27.732291,28.038437,27.931146,27.839063,27.968854,28.027969,28.091406,28.256927,27.737865,27.63375,28.015364,28.046823,28.196198,28.403125,28.012708,27.964167
23.119114,20.18776,19.963385,19.98224,19.996406,19.945365,20.029167,19.989062,19.963906,20.174323,20.07323,19.93974,19.991614,20.007553,20.004219,19.896511,19.966042,19.975105,19.941979,19.999688,20.000104,19.894063,19.974167,20.031354,19.976146,20.019739,19.93151,19.920417,19.979375,20.043073
27.395521,18.565885,18.837448,18.994063,18.829896,18.790052,18.774739,18.735833,18.636042,18.806614,18.750677,18.798437,18.858281,18.779428,18.817396,18.77526,18.619063,18.708438,18.770313,18.545885,18.808282,18.707916,18.799271,18.89375,18.739115,18.719791,18.873334,18.713698,18.744687,18.774218
25.808437,25.004427,24.601771,24.863229,24.408907,24.674948,24.104427,24.63849,24.715,24.669427,24.284479,24.895938,24.36052,24.167708,24.717396,24.409271,24.711718,24.744896,24.718698,24.734531,24.873177,24.211823,24.709427,24.279532,24.277969,24.286666,24.712552,24.738333,24.195833,24.858437
116.868906,104.080781,103.821094,103.764322,103.842188,103.653333,103.852917,104.400468,103.869843,104.202292,108.48125,109.023542,103.805625,103.623802,104.048854,104.006354,104.252292,103.517968,103.511458,103.725677,104.453281,103.955938,103.658593,103.6625,103.779479,103.796302,103.895104,104.005156,103.528594,103.755053
121.562969,116.132604,116.079947,116.022604,116.241615,116.31099,115.892813,115.907917,116.799584,116.064114,116.697552,116.236614,116.303802,116.397968,116.18724,116.376355,115.861875,116.279583,116.266458,116.20573,115.995781,116.658802,116.288125,115.900729,116.230833,116.621771,115.861666,116.029583,115.723646,116.656302
90.873542,85.699011,85.501615,85.614636,85.748855,85.314791,86.00349,85.882084,85.783281,85.323073,85.517135,85.671406,85.501718,85.739687,85.860312,85.44125,86.185781,85.807187,85.528958,85.860833,85.386145,85.924531,85.368021,85.119479,85.599479,85.639271,86.245365,84.203281,84.088594,86.065468
122.852968,114.432031,113.936666,114.39276,114.108177,113.998386,113.98,114.152292,114.540833,113.801615,113.788386,114.869844,113.915052,114.107344,114.037656,113.898959,113.682969,113.607083,113.723542,115.048281,113.46125,114.361302,114.056198,114.279531,113.695156,114.443854,113.922864,114.213489,114.094375,114.631198
70.561719,67.867969,67.92177,67.832865,67.855469,67.891927,67.760938,67.900313,68.016146,67.769219,67.972187,67.997812,67.913125,67.755364,67.775209,67.857187,67.942761,72.935208,67.824531,67.864271,67.887083,67.936563,67.955938,67.782344,68.766563,67.986667,67.971093,67.881198,67.77651,67.926094
114.343229,106.226302,106.571302,106.070156,105.748021,106.267656,105.759583,105.882448,106.415156,106.255365,105.692917,106.022343,105.871093,105.63823,106.15151,105.990313,106.318907,106.099062,105.690365,105.850157,106.081511,106.386771,105.829063,106.249323,105.548125,106.21849,106.151094,105.573594,106.024948,106.067656
102.889062,98.649011,98.605833,98.150104,97.909531,98.761823,98.345,98.655052,98.014167,98.323959,98.057865,98.449948,98.779375,98.398281,98.479114,98.388438,98.207343,98.645,97.858593,98.45974,98.499531,98.261042,98.489896,98.145052,98.149895,98.332656,98.04448,98.354167,98.114531,98.389532
89.325729,84.339166,84.719843,84.050729,84.611875,84.142135,84.123229,84.205834,84.54401,84.340572,84.165469,84.472031,84.406406,84.397969,84.172291,84.487136,84.352864,84.650833,84.539531,84.125729,84.46177,84.611771,84.727604,84.385833,84.834323,84.177761,84.828021,84.293229,84.155,84.288125
128.783958,115.044479,115.073698,115.124531,114.719583,115.005521,114.701719,114.958229,114.574739,115.103594,114.98974,114.360052,114.943021,115.091406,114.77349,115.011354,114.820833,114.817708,114.653281,114.93375,114.766927,114.890156,114.916146,114.802032,114.793021,115.164636,124.558073,115.024635,114.933698,114.719532
111.773437,103.29151,103.751041,103.463958,102.944427,103.470729,103.303333,103.568802,103.003698,103.69401,102.88698,103.679062,103.366875,103.644114,103.262187,103.160156,103.579427,103.524062,103.360938,103.173854,103.549948,103.399375,103.553177,103.079166,103.284427,103.575834,103.125678,103.600781,103.793281,103.214844
122.031458,114.152864,114.112812,114.388385,114.073021,114.375833,114.544479,114.425937,115.094843,113.928854,114.145312,114.663645,114.69375,114.40875,114.491979,114.014844,114.637396,114.666511,114.155052,114.353646,114.484114,115.025937,113.931354,114.434167,114.03401,114.485833,114.014792,114.088959,113.990208,113.745938
98.631927,93.669375,93.701198,93.578021,93.471458,93.947032,93.689011,93.631249,93.817604,93.591927,93.691146,93.663906,93.52401,93.876407,93.593958,93.654323,93.732343,93.469896,93.700989,93.636771,94.160938,93.798282,93.427135,93.576093,93.755261,93.499011,93.786511,93.643386,93.721666,93.741042
62.823385,57.75151,57.568542,57.536354,57.630833,57.636927,57.626042,57.535677,57.52849,57.728073,57.586979,57.57599,57.562709,57.583698,57.630886,57.589479,57.435677,57.670729,57.627292,57.578542,57.704896,57.462657,57.598854,57.631511,57.643489,57.579688,57.710313,57.58224,57.581875,57.759427
110.113646,92.602032,92.719531,92.831511,92.785417,92.647448,92.804531,92.636979,92.611406,92.734479,96.022448,92.672657,92.822135,92.900313,92.668906,92.706407,92.84302,92.549323,92.77401,92.982136,92.691667,92.631875,92.623229,92.886667,92.674739,92.589791,92.946615,92.605105,92.649323,98.446667
111.137969,103.911927,103.699531,104.07401,104.677917,103.419011,103.833281,106.020053,108.979688,103.840469,104.208021,104.571927,104.073437,104.277865,103.848854,102.948073,103.795729,103.485364,103.536458,104.103698,103.875677,104.241927,103.860781,104.007708,103.991458,104.062864,103.915364,103.843073,104.120157,104.611615
87.690052,80.978125,80.367396,80.309323,80.376771,80.320677,80.287968,80.373229,80.300937,80.315937,80.280208,80.427083,80.409531,80.261875,80.409322,80.488177,80.559167,80.491458,80.502344,80.458802,80.245573,80.466615,80.405313,80.546354,80.518594,80.264895,80.25552,80.330989,80.546771,80.27901
86.311146,80.970312,80.822916,80.92474,80.968229,80.784167,81.090833,80.930208,80.912916,80.701615,80.773646,80.749427,80.794427,80.764739,80.849895,80.884843,81.050104,80.985052,80.817031,80.843073,81.068385,80.940052,80.912447,81.00651,81.002292,81.12849,80.924843,80.891146,80.830677,80.90125
88.058854,83.380157,83.886041,83.344739,83.043958,83.371198,83.045052,83.66974,83.741979,83.34,83.489739,83.444948,83.645521,83.15375,83.462083,83.09974,83.108333,83.252448,83.603073,83.335104,83.242864,83.51625,83.206302,83.467708,83.052604,83.693646,83.315313,83.430156,83.449218,83.249166
129.680677,111.838593,111.312969,111.985833,111.52125,111.705,111.905261,111.925104,111.94875,112.227604,111.715677,111.962084,111.556302,111.464687,112.320312,112.825416,111.874687,111.9125,111.777813,112.213646,111.393177,111.656875,111.859792,111.726979,111.434531,111.934479,111.37401,111.952448,111.837448,111.490468
100.859792,90.432292,90.848021,90.465052,90.241562,90.908281,90.64,90.649844,90.643854,90.688854,91.113281,90.318437,90.350521,90.542084,90.200104,90.500572,90.384895,90.861458,90.549114,90.274427,90.766094,90.50375,90.76724,90.676407,90.507239,90.481823,90.627761,90.66776,90.578593,90.46125
82.317291,78.451407,78.256406,78.352812,78.315781,78.203437,78.203334,78.396666,78.374114,78.417761,78.281927,78.2725,78.400469,78.353229,78.237032,78.268959,78.372656,78.40651,78.184583,78.45,78.358958,78.41776,78.245469,78.509792,78.252083,78.436146,78.349843,78.227135,78.278802,78.379583
118.966927,112.08651,111.374948,111.481667,111.442708,111.51651,111.708281,111.419636,111.183177,111.878593,111.877136,112.183958,111.442916,111.612291,111.484843,111.843593,111.884323,111.213594,111.720312,111.229011,111.828646,111.695052,111.341771,112.124375,111.110573,111.738438,111.401771,111.640729,111.346563,111.811198
132.134948,124.645625,123.749844,124.560729,123.596458,124.236302,124.998802,123.998594,123.791459,124.497812,124.415938,124.754687,124.749896,123.715365,123.956093,124.689844,123.147656,123.72224,124.468334,123.739896,124.390521,123.677239,124.523073,124.158959,123.789375,123.72849,124.343281,124.498125,124.370729,124.402605
84.125521,64.883646,64.82375,65.083437,64.963802,64.876459,64.900365,65.071718,64.872084,64.893802,64.82625,64.984166,64.870937,64.847083,64.953177,65.164583,64.942084,64.835521,64.926406,64.903542,64.868959,64.966302,64.81849,65.054063,64.754844,64.915833,64.948177,65.00151,64.964219,65.036927
67.511302,64.587552,64.803333,64.653542,64.828958,64.724635,64.883282,64.556563,64.718333,64.543334,64.918073,64.667135,64.878959,64.807083,64.726719,64.838437,64.742552,64.654166,64.778594,64.7075,64.634167,64.690833,64.733697,64.818438,64.499375,64.818021,64.734167,64.929062,64.66651,64.758958
113.095208,104.219114,104.474115,103.933125,103.712552,103.952761,104.036198,103.993229,103.628958,106.585312,103.033281,103.896094,103.619166,103.729322,103.998125,104.249948,103.802396,104.15776,103.916406,103.880052,103.476302,104.335729,104.117239,103.849635,104.738386,103.543021,103.554635,103.686302,104.414427,103.983229
111.2325,106.029739,106.673229,106.373803,106.829011,106.725781,106.300677,106.174584,106.334583,106.285886,106.459167,106.19276,106.46849,106.334167,106.70125,106.744062,106.635937,106.668542,106.626146,106.750416,106.349948,106.279948,106.254896,106.502812,106.212604,106.572657,106.859167,106.037448,106.674375,106.826563
115.15224,107.320937,107.101042,107.305573,107.398438,107.452604,107.507499,107.301406,107.304739,107.71599,107.382448,107.251198,107.494011,106.95974,107.409635,107.494687,106.989948,107.606927,107.059375,107.489947,106.736406,110.468177,111.262865,110.896198,110.210104,110.17375,110.616927,111.208282,110.38776,106.959531
69.834062,56.652969,56.775313,56.705417,56.699011,56.907605,56.753906,56.61,56.777291,56.827917,56.71224,56.937968,56.887448,56.775313,56.617604,56.791041,56.716614,56.611927,56.727761,56.762448,56.675364,56.76151,56.834375,56.630313,56.57224,56.631771,56.768073,56.864063,56.859948,56.833802
122.588646,114.816927,115.656979,114.744948,115.538698,115.615417,115.340208,115.239063,115.784844,115.040156,115.51151,115.758959,115.840729,115.234375,114.906354,115.360625,115.71375,115.158281,115.247084,115.445886,114.884636,115.018385,115.218646,115.222291,115.516927,115.069792,114.864219,115.369583,115.748177,115.33677
98.182031,91.974218,91.38026,91.839896,91.691615,91.677291,91.465573,91.871354,91.744167,91.680677,91.308542,92.030833,91.34177,91.415261,91.556615,91.420729,92.083334,91.642083,91.952448,91.944218,91.89776,91.587864,91.93875,91.42776,91.668906,92.023438,91.986771,91.700521,92.000729,91.570573
98.435417,91.181875,90.786667,90.917188,90.304948,90.753125,90.477188,90.880782,90.807083,90.65901,90.934323,90.666459,90.827292,90.846771,91.120208,90.475364,90.503021,90.184063,90.308854,90.467187,90.838125,89.889688,90.586875,90.649062,90.893698,91.199323,90.826615,91.193177,90.7225,90.542709
93.57,87.181771,87.524739,87.216041,87.563333,87.007031,87.255312,87.538281,87.145885,87.16474,87.370573,87.38474,87.532865,87.490573,87.027708,87.097083,87.445364,87.345,87.271719,87.339271,87.698438,87.109844,87.696719,87.712135,87.76099,87.352396,87.495886,86.99875,87.941198,87.754427
104.379167,89.908855,90.085,89.684583,90.119011,90.05125,90.214896,90.177083,89.923437,90.003072,90.107396,90.47073,89.953593,90.064688,89.690677,89.921198,90.169479,89.919844,89.775989,89.916249,89.834895,90.028333,89.833594,96.578073,89.90823,90.034583,89.727604,90.149844,90.062448,90.262084
109.903907,102.254843,102.133646,102.525833,102.43401,102.144219,102.415261,102.855365,102.489844,102.088125,102.428177,102.200573,102.252448,102.430052,102.683385,102.458437,102.036927,102.601927,101.739531,101.922084,102.370729,102.852083,102.397396,102.331875,102.547604,102.781458,102.599219,102.511667,102.419219,102.01677
114.015521,107.950417,108.333802,108.418594,108.029167,108.280365,107.954479,107.58651,108.16974,107.874479,107.87875,108.175417,107.67401,108.278438,108.054583,108.04849,108.263281,108.439844,108.227552,108.275782,108.079896,108.075104,107.679791,108.112917,107.309531,107.851458,108.419896,107.521302,108.324687,108.202812
110.718437,103.483489,103.08375,103.02776,103.354948,102.789323,103.370781,103.30526,103.030468,103.241615,103.30974,102.927239,103.236458,103.223125,102.948802,102.769218,103.342135,103.318542,102.942447,103.056354,102.655313,103.115781,103.040417,103.317292,102.836823,103.155781,103.017344,102.791927,103.032344,103.058698
95.831979,91.398906,90.99125,91.420208,91.366719,91.113593,91.4725,91.161302,90.879375,90.931041,91.153646,91.04875,91.559322,90.750052,90.717344,91.022865,91.51474,90.731145,91.014531,90.879687,91.316302,91.278646,90.971042,90.853698,91.191406,91.302396,91.202083,91.186562,90.999688,90.916042
128.174115,113.286823,112.38427,111.773594,111.991094,111.360886,112.056562,111.371406,111.821458,111.842344,111.614271,111.848178,111.479219,111.450313,111.652344,111.979896,111.482604,111.641302,111.485625,111.607969,111.465,111.854843,111.44,112.09448,111.838542,111.675104,112.079323,111.536562,111.500573,112.061406
100.627031,89.768438,89.781406,89.647291,89.702136,89.593698,89.729584,89.642865,89.665938,89.776979,89.677656,90.068542,89.776146,89.777083,89.660469,89.480104,89.838906,89.747239,89.699218,89.823906,89.829635,89.624323,89.746093,89.868073,89.870886,89.825521,89.624218,90.321093,89.445,89.688906
124.778854,117.210937,117.012448,117.17302,117.165416,117.471875,117.227083,117.362761,116.909896,117.196563,117.370885,117.241927,117.744323,116.985208,117.128854,117.141146,117.366822,116.976875,117.364739,116.974479,117.528646,116.813021,116.542291,117.356667,116.816406,117.188906,117.077448,117.266563,117.279531,117.444896
118.627605,111.23375,111.282187,111.258333,111.322136,110.570208,111.021667,111.293021,111.01302,111.290521,111.001406,111.209219,110.962813,111.368021,111.013906,110.778229,110.885937,110.939948,110.768907,110.705833,111.239271,110.503802,110.976302,110.505364,110.49151,110.756771,111.062813,110.963073,110.869843,111.089063
121.494479,114.280729,113.927656,114.04651,114.260677,114.60401,114.132136,114.306459,114.304531,114.160938,114.337969,113.887552,114.289323,114.04849,114.87776,114.048281,114.319687,114.190417,114.023959,114.668333,114.122865,114.028438,113.954323,114.043802,114.591354,113.937031,114.097187,114.244948,114.653854,114.040156
92.021614,73.292604,73.24375,73.554791,73.236979,73.347187,73.453229,73.365105,73.632864,73.404479,73.23125,75.935365,73.127605,73.279531,73.46776,73.326406,73.518958,73.322136,73.421511,73.597604,73.565105,73.349375,73.370157,73.428281,73.218438,73.520156,73.243906,73.343958,73.310833,73.359844
100.047188,95.744896,95.611979,95.759427,95.591354,96.140208,95.154843,95.883333,95.861406,95.197343,95.504687,95.849843,95.997136,95.463646,95.342552,95.322188,95.248125,95.670365,95.4475,95.85927,95.681875,95.257708,95.370937,95.675937,95.979584,95.144479,95.283177,95.480417,95.037344,95.44474
134.005833,126.528906,126.594062,126.168073,126.378073,126.609687,126.180208,126.85927,125.911927,126.597708,126.159791,126.667916,126.859844,126.490416,126.815365,126.447656,125.979011,126.705313,127.76177,126.202032,126.122552,126.452447,126.536771,126.500312,126.335,126.657657,126.4375,126.421146,126.602031,126.366458
118.931406,111.847761,111.529219,111.850625,111.502083,111.377344,111.648542,111.147709,111.331927,111.524427,112.028333,111.925885,110.957552,111.030365,111.958698,111.974323,111.681771,111.364635,111.642969,111.632136,111.459114,111.709531,111.686146,112.035677,111.656719,110.932135,111.735417,111.641146,111.595729,111.664375
104.450521,98.341563,98.817605,98.234219,98.188594,98.700625,98.38125,98.192709,98.552396,98.014063,97.94375,98.689427,98.997813,98.347344,98.421407,98.420833,98.089896,98.573958,98.671771,98.206302,98.122865,98.159584,98.581563,98.656407,98.667344,98.377396,98.470417,98.308906,97.914323,98.349531
94.511614,81.282136,81.441354,81.373958,81.445261,81.475261,81.499115,81.424948,81.583698,81.669219,81.364271,81.746718,81.314896,81.447761,81.555833,81.354062,81.555625,81.630521,81.456563,81.028177,81.239896,81.403437,81.418646,81.327917,81.494896,81.172864,81.214896,81.325416,81.458698,81.432969
115.743438,113.136927,113.455677,113.095781,113.408386,113.489427,113.059792,112.823333,113.453282,113.0025,113.457708,113.532292,113.314479,112.953646,113.443906,113.148229,112.937292,113.183697,113.169479,113.627916,113.193958,112.923906,113.085052,113.356719,113.267552,113.307291,113.361823,113.068386,113.200365,113.167605
98.939062,86.144063,86.108802,85.845886,86.115625,86.121511,85.776875,86.294948,86.028072,85.984011,86.208541,86.256771,86.157447,86.175208,86.084948,86.240677,86.254166,85.962396,86.091042,86.047084,86.231146,86.012552,85.84198,86.038646,87.200938,86.184532,86.285886,86.081771,85.986198,86.161459
130.899896,123.7025,123.891563,123.091146,123.07724,123.111094,123.256458,123.413177,123.598437,123.442343,123.395364,123.92599,123.107136,123.342708,122.753385,123.399635,123.87448,123.350781,123.689167,122.873229,123.545729,123.00349,123.072031,123.150625,123.373386,123.068437,123.262448,123.432552,123.365365,123.358281
89.603072,85.028541,84.893541,84.895364,85.050625,84.942552,85.07724,84.961823,84.996563,84.825052,84.901771,85.019063,84.818906,84.795157,84.848333,85.004583,84.871198,85.05401,84.78823,84.912188,84.880208,85.010364,84.882552,85.061718,84.774896,84.845156,85.068542,84.875417,84.947135,85.097709
144.608802,124.852031,124.570677,125.16,124.620989,124.816459,125.139531,124.718125,125.25099,124.972187,125.64724,125.325365,125.001042,125.166458,125.032917,125.112657,125.510209,124.872709,124.765,124.209219,124.627916,124.418125,125.291979,125.460625,124.851615,124.881407,125.170677,125.190938,125.938489,124.958334
71.682188,64.849375,65.150834,64.859792,65.006354,64.783854,64.837448,64.95375,64.912344,64.867708,64.989479,64.709895,64.946823,64.769791,64.94026,64.745104,64.826041,64.994114,64.954115,64.800989,64.733906,64.860469,64.932761,64.788907,64.692708,64.954011,64.858125,64.980833,64.675468,64.834844
91.194271,86.861718,86.967292,86.844167,86.85276,87.112031,86.894896,86.783907,86.696927,86.688542,86.730573,86.65302,87.289739,86.769791,87.015521,86.787656,86.696407,86.567657,86.804896,86.471927,86.888698,86.891563,86.660729,87.016771,86.92974,86.725937,87.085678,86.947708,86.910938,86.814323
87.323385,83.190208,82.891354,82.694896,82.749739,82.739114,82.930886,82.860833,83.039062,82.929114,82.890417,83.043072,82.912864,82.693802,82.766354,83.12651,82.742604,82.875365,83.153333,82.871563,83.012343,82.99625,82.82349,82.825573,83.112656,82.909062,82.7925,82.837969,83.05349,83.041302
91.207396,87.518229,87.591146,87.250261,87.422708,87.494167,87.320417,87.411042,87.469739,87.275624,87.382552,87.287031,87.425,87.531771,87.513698,87.203125,87.341198,87.417396,87.645416,87.341927,87.458906,87.363594,87.505104,87.349531,87.479218,87.377084,87.474167,87.25625,87.708958,87.496406
92.6025,82.069062,81.811511,81.791354,81.953541,81.894792,81.844479,81.926666,81.813542,81.850209,82.087135,81.763594,82.038646,81.720625,81.837187,82.058958,81.954583,81.93349,81.932083,81.871614,82.163594,81.861146,81.755156,81.9325,82.109114,82.129323,81.880521,81.926146,81.866354,82.087656
112.800625,109.518645,108.972187,109.378334,109.301094,109.616719,109.357865,109.691615,109.300365,109.480782,109.698854,109.314166,109.707448,109.505989,109.959843,109.217968,109.41151,109.181459,109.367916,109.026771,109.6375,109.320209,109.757552,109.161042,109.070729,109.158802,109.094531,109.05448,109.494635,109.444479
96.176771,91.784114,91.87651,91.642187,91.825417,91.739271,91.531354,91.695,91.831615,91.72875,91.885729,91.629792,91.760833,91.845469,91.718854,91.704792,91.729063,91.750781,91.757812,91.776094,91.748438,91.672343,91.680365,91.7675,91.73474,91.734167,91.830313,91.60526,91.704843,91.710521
62.544583,58.255,58.427448,58.247239,58.412395,58.336979,58.364375,58.131041,58.434167,58.251927,58.295989,58.289115,58.435,58.125886,58.257865,58.244844,58.335937,58.315052,58.257396,58.245729,58.331927,58.317136,58.429583,58.300989,58.306146,58.35901,58.132969,58.288021,58.278021,58.275365
129.668698,122.192812,122.099115,122.385938,122.414375,122.188333,122.283229,121.790729,122.214844,122.192656,122.336875,122.728958,122.26224,122.427135,122.833125,122.617396,121.831719,122.58125,122.313438,121.472344,121.640052,122.047136,122.32026,121.900313,121.971771,121.758229,122.057708,122.210833,122.050729,122.613333
90.046459,74.292865,73.982239,74.028906,74.049895,74.025677,74.1425,73.945313,73.962657,74.206563,73.832343,74.011198,73.919115,74.001458,74.070365,73.985937,74.118855,73.944532,73.910677,74.073906,73.956615,74.148646,73.927656,74.081667,74.010417,73.921875,74.111615,73.85677,74.134792,73.996614
88.176406,82.897083,82.970469,82.679375,82.849427,82.785157,82.647552,82.678333,82.909687,82.735312,82.810468,82.747084,82.533177,82.343697,82.778594,82.560678,82.916146,82.900417,82.695365,82.724063,82.898906,82.725781,82.830052,82.759479,82.712344,82.729323,82.836823,82.933386,82.709427,82.61526
89.640261,84.885469,85.015104,85.332135,85.148802,85.440781,85.00901,84.814427,85.201302,84.634583,84.946562,84.957969,84.522761,84.881198,84.769688,84.958229,84.681563,84.955104,85.10151,84.682917,85.031406,84.641302,84.287448,84.662708,84.920104,84.489167,84.93375,84.990937,84.912239,84.852969
98.402396,94.072136,94.586615,94.220104,94.529011,94.255,94.433906,94.080313,94.250938,94.25802,94.138021,94.199427,94.218229,94.187448,94.017917,94.165208,94.327761,93.990364,94.249167,94.077396,94.328229,94.179636,94.195729,94.219427,94.0175,94.323229,94.285364,94.367448,94.255729,93.999688
22.952864,19.114636,18.614843,18.540469,18.671927,18.700677,18.662084,18.62651,18.633385,18.652135,18.600209,18.544115,18.788698,18.664948,18.604375,18.64125,18.654375,18.707656,18.649114,18.625521,18.673072,18.653333,18.697031,18.670781,18.560886,18.737656,18.716666,18.571771,18.710677,18.630261
56.997813,38.127917,38.140312,38.262657,38.563229,38.338437,38.499218,38.063646,38.40375,38.284688,38.134062,38.298021,38.177188,38.348438,38.268177,38.49427,38.381354,38.366875,38.455208,38.248959,38.109427,38.424636,38.408229,38.353333,38.312708,38.4675,38.207031,38.389531,38.339323,38.31875
66.431823,60.853386,61.063906,61.193698,61.22375,60.906875,60.73276,61.228854,61.004375,61.008281,60.763229,60.995312,60.875677,60.912135,61.271823,61.243489,61.09375,60.925417,60.619323,61.245625,61.327239,60.876198,61.114844,61.311303,60.861719,61.071771,61.155573,61.218489,61.368542,61.151511
93.057969,88.112604,88.228802,87.878697,88.187813,87.930781,87.893854,88.126823,88.217136,88.264011,88.184635,87.856458,87.826355,88.841719,88.403333,88.734531,88.326927,88.192708,87.987188,88.141146,88.816979,88.837396,88.582135,88.729948,87.768542,87.919635,88.029792,88.285208,88.82302,88.070573
91.362968,85.728489,84.963281,84.936093,85.29875,84.859584,84.724271,84.474167,84.765677,85.040885,85.037709,84.923021,85.285469,84.865572,85.138437,85.337343,85.715157,85.041042,84.923437,84.897239,85.543802,85.17224,85.450521,84.766718,84.849479,84.921979,84.795573,85.193542,84.979375,84.622083
91.613802,87.313437,87.030417,87.137813,87.037604,87.021093,87.027656,87.193334,86.730364,86.979114,87.01875,87.082812,86.847812,87.1675,87.139062,86.711041,87.057292,87.01625,86.834584,86.881719,87.318281,87.003958,87.139584,87.024688,87.020416,87.243698,86.925729,87.058698,87.180625,86.957865
115.671093,101.622188,101.404583,101.253645,101.265364,101.306094,101.238542,101.230833,101.322708,101.21125,100.940729,101.286302,101.536198,101.043489,101.323073,101.716979,101.362448,101.150677,101.363593,101.21099,101.023125,101.235677,101.693229,101.057916,101.553645,101.048698,101.337709,101.21849,101.533229,101.596511
87.628854,85.241146,85.467916,85.453906,85.353854,85.492865,85.515938,85.220885,85.583177,85.148333,91.029271,85.330208,85.541563,85.59401,85.75849,85.491875,85.362761,85.231875,85.526927,85.271823,85.400209,85.482292,85.364479,85.770677,85.599896,85.274479,85.322291,85.516823,85.522396,85.632761
153.096042,145.08875,145.159687,145.225364,145.449739,145.818594,145.518542,145.112708,145.277916,145.181406,145.334531,146.047604,145.245573,145.490313,145.614792,145.749011,145.743125,145.41901,145.757292,145.480521,145.174636,145.210261,145.859062,144.771979,145.752968,145.754375,145.533802,145.71375,145.210312,145.03849
38.494063,35.051719,35.195104,35.077396,35.132552,35.095729,35.126875,34.951354,35.283333,35.003593,35.07901,34.921197,35.112239,35.136875,35.215104,35.103698,35.11724,35.042188,35.063177,35.048333,35.221615,35.097604,35.085417,34.96276,35.141302,35.26526,35.083646,35.115052,35.144531,35.137864
67.93625,63.980052,63.9625,64.026093,64.042552,64.01651,64.091614,63.869427,63.781093,64.114844,63.965417,63.9825,63.838802,64.080521,63.957031,64.040782,63.537135,63.887865,64.264948,64.135677,63.921771,63.887552,64.032031,63.990677,64.046093,64.102188,63.9375,64.088333,63.909948,63.996979
90.012084,77.914948,78.031875,78.194115,78.286406,78.121094,78.435989,78.004218,78.141563,78.204219,78.043645,78.156979,78.007604,77.819115,78.38099,78.150157,77.855365,78.210625,77.924947,78.33,78.320157,78.08276,78.076615,78.11875,78.257656,78.226094,78.301041,78.120521,78.445521,78.323594
125.54875,121.839792,121.996562,121.653854,121.932344,121.745468,121.652396,121.757552,121.211875,121.428698,121.446511,122.125625,121.949062,122.021094,121.789271,120.815469,121.023125,121.675729,121.97349,121.411927,121.426094,121.333906,121.447188,121.728906,121.937343,121.447656,121.775521,122.10875,121.471718,121.675833
116.431302,109.913646,109.903073,109.61026,109.078542,109.620052,110.060469,109.340885,109.887031,109.618489,109.529323,109.138021,109.345625,109.55625,109.059584,109.180469,109.671094,109.345989,109.404011,109.522083,109.379167,109.570052,109.004792,109.999583,109.688229,109.259323,109.384479,109.096823,109.08875,108.983645
62.001614,58.462813,59.066146,57.971094,58.741406,58.987292,58.469948,58.387239,59.21375,58.595052,58.739323,58.26224,58.695156,58.32651,59.34323,58.776875,58.286562,58.85125,59.137708,58.74375,58.400364,59.437239,58.652917,59.276406,58.678229,58.834062,58.78099,59.237344,58.691094,58.387448
78.75875,72.191719,73.255469,72.942395,72.629843,72.921927,72.793073,72.819896,72.896718,72.505521,73.072865,72.995989,73.112604,72.921146,72.99125,72.042188,72.684583,72.626354,73.063698,72.107136,73.031667,72.996718,73.159896,72.68323,73.050261,72.77599,73.158334,73.596875,72.64526,72.753177
46.858021,37.485885,37.746823,37.814688,37.810052,37.694583,37.895677,37.891771,37.713646,37.718073,37.46177,37.762969,37.707605,37.889011,37.760573,37.784843,37.973177,37.776094,37.850625,37.837031,37.751302,38.014844,37.820625,37.729479,37.730312,37.773698,37.676197,37.739688,37.89401,37.973125
19.581875,18.487448,18.491771,18.650885,18.605989,18.676667,18.575938,18.487812,18.638489,18.778282,18.60901,18.739167,18.639583,18.664427,18.581979,18.622292,18.625156,18.634531,18.585885,18.596771,18.644114,18.657395,18.616667,18.587709,18.706719,18.642864,18.710364,18.73151,18.713906,18.675104
202.771146,193.612031,193.590364,194.301146,193.698333,193.853958,193.933698,193.835417,193.553177,193.563073,194.205052,193.758803,193.711875,194.133594,193.905677,193.904584,193.991458,193.873021,193.925156,193.592448,194.105105,194.042135,193.591094,193.959427,194.100781,193.606666,193.476302,193.510677,194.109114,193.830052
337.999687,325.156041,324.51875,324.763802,324.329583,325.055938,324.96802,324.340208,324.299375,324.368177,324.632135,325.1,324.788229,324.172916,324.88776,324.778958,324.697395,324.871771,325.065156,324.266927,324.80776,324.619739,324.970834,323.656614,326.770521,335.574011,473.617136,324.142812,325.169531,335.469375
462.005156,447.777552,448.590937,450.314062,440.106302,440.600469,436.581667,432.593697,438.139167,429.055521,435.242291,432.477135,429.296614,430.702708,428.736145,429.610677,428.355885,428.902656,432.568697,446.70875,448.017187,433.498958,428.625312,429.038489,431.306354,430.374011,428.739479,429.049791,429.168021,429.295677
771.819166,748.395938,747.963906,745.872708,746.296302,747.445208,755.670104,748.479895,747.934219,748.621354,745.448489,746.969635,746.321458,748.14901,746.830885,748.793749,747.317656,747.889895,746.986771,746.55776,747.521406,745.898906,746.404531,747.117291,746.770156,746.274896,747.884166,746.865677,748.992448,746.666719
