3.945625,2.749479,2.62974,3.206094,2.771875,2.73677,2.757865,3.231666,2.757343,2.87677,3.163229,2.648542,2.782031,3.260781,2.856042,2.792188,3.056875,3.566198,2.736979,2.845312,3.133177,2.698906,2.767188,2.762969,2.716927,2.880053,2.758698,2.728958,2.793073,3.157552
3.060156,2.530053,3.001771,2.66849,2.336875,2.330678,2.296771,2.32151,2.506979,2.618125,2.608438,2.467812,2.22599,2.421042,3.009063,2.525209,2.802291,2.74,2.529896,2.792292,2.445886,2.649688,3.18651,2.611458,2.369635,2.560573,2.920833,3.313229,3.466771,2.862916
3.639531,3.191146,3.099115,3.924531,3.938125,3.329271,3.390312,3.085989,3.264218,3.547448,3.148541,2.930573,3.427292,3.112239,4.177812,3.774791,3.141771,3.325052,3.462396,3.449479,4.039271,3.458385,3.579636,3.542448,4.031875,3.729219,3.540521,3.66125,3.574896,3.944636
3.001927,2.571458,2.497708,2.494167,3.075677,2.662448,2.528958,2.503542,2.456771,2.568282,2.650521,3.210677,3.188333,2.89849,2.541615,2.781719,2.681875,3.257188,3.002709,3.234532,2.82,2.518542,3.48526,3.292084,2.507552,2.627343,2.617812,2.866354,2.875989,3.263438
3.084219,2.62375,2.59,2.450885,2.461771,2.565469,2.611615,2.70849,2.568906,2.546041,2.667344,2.492552,2.856302,2.962396,2.482448,2.477969,2.434583,2.822864,4.45875,3.230781,2.923438,2.780052,2.495573,3.051823,2.836771,3.32224,3.099948,2.888073,2.840521,2.826563
2.915313,2.350729,2.319895,2.304115,2.535208,2.526407,2.505834,2.269791,2.387656,2.41276,2.516094,2.649739,2.494167,2.337187,2.273489,2.485573,2.813073,2.845833,3.147656,2.493541,2.824062,2.37026,2.687448,2.635677,3.157656,2.58,2.690209,2.382708,2.158802,2.374948
3.762136,2.877917,2.842552,2.735572,2.689323,3.618542,4.266823,7.98151,2.762917,2.8325,3.34651,3.194583,2.869635,3.355729,3.435104,3.316354,2.996927,2.861823,2.844271,2.708803,3.418542,2.967344,3.022344,3.115573,3.288906,3.238593,3.727969,3.616198,3.418125,3.273855
3.653282,2.788386,2.856355,2.764948,2.861302,2.828021,3.14,3.326615,2.792657,2.840364,2.685937,2.671875,2.64349,2.849323,3.485938,2.820782,2.666197,2.904114,4.366666,2.759532,2.989688,3.020417,2.939166,2.954271,2.900468,3.209427,3.561094,2.834219,2.949322,2.668437
2.940625,2.38026,2.381563,2.365156,2.964427,2.935521,2.588177,2.536458,2.440885,2.404011,2.323698,2.494792,2.336459,2.399271,2.657292,2.406354,2.414427,2.580365,2.616875,2.468386,3.747812,2.993646,2.598906,2.670989,2.889218,3.078333,2.821615,2.78026,3.226927,2.74552
3.524011,2.405782,2.604739,2.610677,2.530208,2.455781,2.395,4.504583,2.895417,2.880417,2.502083,11.607084,4.360625,7.093229,13.477291,7.269167,27.114427,19.878073,12.984792,16.980573,26.180104,13.504166,18.820104,2.25849,2.866406,2.575729,3.032969,2.8075,2.544271,2.327396
3.706042,3.677969,3.002552,2.991614,2.862448,2.822396,2.92349,3.431718,2.977292,2.851511,3.543021,3.141302,3.384063,3.583854,3.492344,3.64401,3.383854,3.249115,3.80526,2.999323,4.029427,5.543854,5.265938,3.888177,3.450313,3.394114,3.829167,3.462969,3.720729,3.440469
3.796041,3.190677,3.409375,3.237396,3.232448,3.194271,3.078593,4.305834,5.199167,19.219584,3.683385,3.187552,3.486146,4.068177,3.325052,3.63875,3.206718,3.584948,4.173386,4.274218,3.704115,3.850156,3.918802,3.822032,3.777552,3.733802,3.736459,4.159375,3.745729,3.80625
4.01375,3.23849,2.966823,2.92151,2.919687,3.190521,3.606302,3.2025,3.017135,2.958698,6.109791,4.28698,4.203855,3.963854,4.367188,3.941562,3.26,3.169219,3.677969,3.282448,4.072031,3.40875,3.768542,3.306511,3.453333,3.966406,3.534843,3.615365,3.499218,3.926146
3.709375,3.200677,3.759948,3.32052,3.145365,10.124427,12.384479,18.771041,20.592552,2.96724,3.221563,3.129011,3.727032,3.531459,2.956563,3.708854,3.431615,3.229532,3.128021,3.084427,3.254427,3.418541,3.050625,3.119166,3.852656,3.507865,3.859011,3.494948,3.437812,3.444323
3.316666,2.700156,2.888178,2.689427,2.676041,3.195209,2.87776,2.773437,2.79224,2.717917,3.632032,3.426667,3.163959,2.995417,3.085,3.341146,3.207292,2.94802,3.111823,2.993177,3.048333,3.073386,2.934844,4.14349,3.184219,3.147291,3.188281,3.125782,3.625834,3.594792
3.948489,4.818177,3.647083,8.756615,3.511094,3.494792,3.981667,3.462761,3.802917,5.319688,4.592656,3.809479,4.05026,4.0525,4.198646,3.875,3.717343,3.6825,3.988698,4.837917,4.007865,4.001355,4.080625,5.101823,4.569323,4.220781,4.488073,4.469115,3.64474,3.627136
5.063229,4.306823,3.969739,13.909167,9.320937,12.117604,11.882343,5.267969,4.509792,4.135938,4.13927,5.225625,4.948437,4.868802,5.896354,4.925833,4.67026,6.114948,5.322344,5.00026,4.43125,4.616198,4.799948,4.814427,4.426146,4.831458,5.033802,4.528593,4.405521,5.25323
4.236355,3.970938,3.353125,3.270782,3.317448,3.577448,3.270417,4.109688,3.454896,3.420261,3.414895,3.557969,4.021718,3.915625,3.521927,3.832813,3.819427,3.894322,3.491094,3.879427,3.295834,4.275156,3.566354,3.739062,3.409948,3.433907,3.349115,3.378542,3.946302,3.389583
3.470052,3.030156,4.920521,3.329114,3.149584,2.810521,10.770521,7.154583,6.631615,14.462812,10.517709,10.420052,13.590834,3.529479,3.60901,3.498906,3.469792,3.283489,3.391979,3.825312,3.114271,2.671718,2.837604,2.635521,3.377343,2.934115,2.715312,2.906302,2.69151,2.712969
3.281563,3.621406,3.253073,2.56427,3.04677,3.343229,3.656197,2.864844,3.041875,2.935208,2.628698,2.873907,4.284792,3.998854,2.959584,3.206718,2.97375,3.096719,3.61302,3.211042,2.941927,2.865052,2.909011,3.49,3.402135,3.238229,3.154271,3.235156,3.45974,3.421094
3.336563,3.238125,3.199739,2.857031,2.844323,3.287084,2.695469,2.751875,3.565677,2.836093,3.840729,8.351146,20.580312,3.102292,3.269896,3.207031,2.820833,4.048854,3.930469,3.867865,3.942084,3.727291,4.001198,3.840833,3.272917,3.251823,3.258021,3.86276,3.697448,3.82526
4.328542,3.663281,3.672083,3.745313,3.637812,3.763073,3.950052,3.828646,3.553646,3.847135,3.70151,3.380781,3.965833,3.761354,3.819739,3.334583,3.775312,3.818906,3.675833,3.914062,3.75849,3.996354,4.127031,3.770052,3.775937,4.500417,3.752291,4.328386,4.301406,4.458386
4.89625,3.728073,3.32974,3.330885,4.072917,4.6225,15.992761,9.196666,16.403541,14.924114,11.613281,14.805729,3.530781,3.945417,3.243333,3.287656,3.50698,3.112083,3.018177,3.130573,3.072657,2.92151,3.270573,3.052344,2.943489,3.39599,5.566145,4.111562,3.411563,3.355834
4.475156,3.12901,3.007136,2.94901,2.962656,3.191927,3.479427,3.013542,3.004844,2.900521,3.029219,2.931094,3.277083,3.710886,2.84099,2.861094,3.324218,3.467812,3.223073,3.385469,3.423177,3.456511,2.988177,3.981041,3.556042,3.26573,3.568437,3.189844,4.134479,3.285625
4.427187,2.72526,2.372031,3.162032,2.933229,3.077031,2.638854,2.893541,3.12724,3.560052,2.761354,3.100833,2.633021,2.892083,2.605729,2.987708,2.757135,2.224531,2.969062,2.204479,2.561615,2.149583,2.677136,2.948072,2.890938,2.881406,2.483334,2.999375,2.739479,3.354114
5.765417,3.202553,3.484323,8.666979,8.239479,13.164792,12.783541,3.258542,3.35802,3.902136,4.404167,4.037969,4.029896,4.01427,3.648854,4.221198,3.804271,4.413854,4.292656,3.892865,4.262865,4.357605,3.755677,3.79375,3.850781,4.75198,3.967083,4.084427,4.269635,4.75026
4.171562,2.971719,3.449062,2.994375,2.885729,3.260625,3.084427,3.204635,3.17776,3.523229,3.175886,3.348698,3.267864,5.703542,3.602135,3.547865,3.149427,3.165312,3.448281,3.721302,3.421094,3.721563,3.663385,4.186928,3.717188,3.238542,3.839896,3.937292,4.431458,4.405521
4.402865,3.371979,3.984323,3.675417,3.54526,3.359375,15.76427,6.506771,8.034479,8.270938,8.253021,18.985521,16.050365,3.714792,3.675729,4.265886,3.677708,3.784219,3.509843,4.38625,3.625052,3.640104,3.759115,3.914479,3.991198,3.773646,4.139948,4.308906,5.714896,3.655938
4.062552,2.417761,2.362083,2.697865,2.693855,2.58375,2.468854,2.439687,2.445,2.309062,2.301615,2.241562,2.558386,2.261407,2.218385,2.340364,2.0625,2.109322,3.120678,2.979323,2.428542,3.0525,2.449479,3.033177,3.244792,3.368907,2.889166,2.78474,2.759896,3.655885
3.846459,3.931875,3.426458,3.275938,2.842917,3.148802,2.961094,3.927708,3.210052,3.791979,3.264219,3.094792,10.153021,12.681042,9.379531,3.295885,3.773281,3.624219,4.201302,3.497344,3.395156,4.110468,3.71823,4.366979,3.564948,4.144688,3.737761,3.760677,4.091041,3.986719
4.215261,2.903281,2.74724,2.643645,2.934636,3.013282,2.689218,2.774896,2.902709,3.115312,2.694532,2.84,2.884219,3.08401,2.856302,2.80125,2.757708,3.043594,2.622761,2.895677,3.259531,3.083281,2.72375,2.919948,3.86625,3.096302,2.815416,2.922865,2.870469,2.840364
3.083698,2.789584,2.518229,3.161094,2.422344,2.626667,2.240521,2.565885,2.946875,2.877552,23.942709,3.189583,19.816094,8.566927,12.40875,2.148229,2.108386,2.572135,2.357813,2.101823,2.047448,2.478802,3.041303,3.16625,3.142917,3.177135,3.531146,2.917135,2.910677,3.10526
5.374636,3.665833,3.172344,3.600937,3.165209,3.336614,3.35724,3.480625,3.232656,3.63177,3.740677,3.520052,3.881355,3.89375,4.49776,3.697344,3.594166,3.954115,4.375156,3.808282,3.882865,3.485886,3.833438,4.048854,3.876562,4.019896,3.992188,4.273021,4.427083,4.286354
8.919114,7.071667,7.608802,7.554479,7.615104,7.977395,8.250729,8.49625,8.454896,8.089688,8.12099,8.092812,7.849636,8.177344,8.241823,8.337187,7.837031,8.64901,8.493854,8.404531,7.886718,8.253282,9.248906,7.838542,8.214687,8.198438,7.742187,8.327865,8.144636,8.24198
8.846823,8.757605,27.608281,23.568906,11.509271,18.32901,9.116875,9.640521,9.303594,9.651042,9.39526,9.929375,9.433854,9.857344,9.209532,9.7175,8.932343,9.162239,9.458906,9.464948,9.706198,8.995208,9.733385,9.633333,9.452605,9.75901,9.250521,9.127396,9.931198,9.539323
7.166094,6.29698,6.49198,7.085469,6.539427,7.339219,7.518438,7.272812,7.282031,7.462657,6.869011,7.161563,6.869115,7.242761,7.202917,7.106614,7.658959,7.48625,6.918542,7.157969,7.319219,7.063646,6.976511,7.429896,7.586927,7.459479,7.276093,7.07573,6.672344,6.095209
8.045521,11.592708,23.253489,15.20375,20.054844,21.723281,7.593438,8.385208,7.838907,8.773594,8.582292,9.153802,8.465573,9.355833,8.140573,8.834532,8.972084,8.685104,9.508178,7.68776,9.438646,8.084479,8.723437,8.872448,8.373385,8.57651,8.419166,8.298541,8.581771,7.839479
5.755834,4.819583,4.457812,4.797187,4.414323,4.711823,4.524948,4.879948,4.824791,4.997969,5.484427,5.327292,5.264063,5.431094,5.62651,5.005469,5.094584,5.030104,5.442604,5.030625,5.360573,5.695677,5.836667,5.407916,5.841094,5.079375,5.573125,5.186406,5.514636,5.663698
10.600521,8.912605,8.899583,9.609167,9.529844,10.283333,13.946823,21.038802,12.926823,9.990833,9.042083,9.652656,9.766354,9.781719,9.924011,9.334844,9.494843,9.543593,9.229792,10.487656,8.76901,9.261615,8.349323,9.015937,8.506771,8.85474,8.735417,8.864166,12.010469,11.37302
9.088802,8.399688,8.508802,7.918958,8.44698,8.376927,8.809375,8.414114,8.973021,10.178489,9.196458,8.373073,8.259011,9.129635,8.281666,8.551927,9.311406,8.495104,8.858281,8.909219,8.250781,8.844792,8.5,8.147448,8.129531,9.560886,10.168854,9.448021,12.797864,10.20625
7.889635,6.097812,6.981094,6.762969,6.155416,6.354636,7.084063,6.554531,6.324792,7.442396,7.146406,6.966979,6.669115,7.890729,7.029167,6.842031,6.743281,7.424323,7.065781,7.045468,7.470677,6.969167,7.153698,7.517344,6.78651,7.19599,6.973698,7.317865,7.090052,7.217656
9.475573,8.564584,7.984063,33.090312,21.999531,35.193438,12.764584,19.162604,8.776355,15.005208,8.136979,8.524219,7.640417,8.039739,9.613073,8.765208,8.295678,8.783021,9.465521,8.551563,9.293125,9.266927,9.432552,8.209948,8.901406,8.762083,8.696823,8.875834,8.292187,8.415886
7.559114,7.901406,7.293073,7.437605,8.170364,7.540833,7.779896,8.091823,8.277084,8.334322,7.859687,8.10875,8.188282,9.836146,8.465521,7.763646,8.328177,7.9175,8.547656,8.164479,7.770937,8.413698,8.242708,8.051927,8.518281,7.713646,7.722083,8.744166,8.235886,7.950312
8.958593,8.368541,8.66349,8.047552,8.843907,8.922813,11.365052,38.371042,9.626302,8.010208,8.464219,9.320261,8.511511,8.815052,9.246146,8.618021,8.548281,9.490469,9.070625,9.458333,8.883594,10.382083,9.095052,8.96724,9.166146,8.439688,8.749323,8.566563,9.140365,8.769115
7.988437,8.361458,6.731458,7.08625,7.024427,7.039532,6.704219,7.403959,6.796823,7.438333,8.139219,7.949167,7.389375,7.132813,7.814218,7.24599,7.643593,7.177916,7.801458,8.081719,7.509739,7.570104,7.988854,7.341563,7.112657,7.714584,7.997552,7.47599,8.022031,7.592813
6.051407,6.607084,8.440938,17.274792,11.840938,11.34974,17.550469,15.022812,17.485678,19.711928,6.000312,5.382448,5.73151,5.70224,6.141823,5.603855,6.157709,5.667135,5.856458,5.454115,5.709635,5.629323,5.918437,5.966875,5.58052,5.7075,6.045573,5.629531,5.637396,5.753177
8.172135,7.070938,6.619115,6.828542,7.422031,7.346563,7.431979,8.375104,7.075417,7.661302,8.754844,7.526875,7.131511,8.077135,7.355781,6.565937,7.359948,8.020156,7.95901,6.940104,7.880156,7.347083,6.92823,7.490781,7.684218,7.428386,7.799635,7.527812,7.29099,7.976614
9.142708,8.246615,8.026927,8.224427,8.438698,8.280989,8.480261,9.42151,8.313802,8.12349,8.082552,8.63625,7.681041,7.862448,7.73151,7.296875,7.800104,7.702605,7.408646,7.714479,7.744063,7.248385,7.721302,8.179635,7.407916,8.697917,7.62651,7.942136,8.663334,8.205989
6.771354,7.356093,23.364219,19.236354,15.29375,8.599428,6.016823,5.467813,5.403854,5.539218,5.221146,5.66724,5.853125,5.820833,5.949635,5.67125,6.054114,6.065469,5.686875,6.046198,5.641042,5.855365,5.613438,6.282291,5.987135,5.605573,6.191094,6.727395,5.642968,6.099167
7.769947,5.817031,5.964219,5.988021,5.918386,5.445,5.920104,5.940052,6.392448,6.284583,6.293803,7.200729,6.472083,6.244219,6.323854,6.319687,6.360625,6.225573,5.401823,6.631354,6.529115,6.528021,5.646146,6.252448,6.091354,5.777656,7.18,6.436927,5.929375,6.642761
13.064375,7.617604,22.670313,11.875833,23.878698,18.584011,12.054635,28.270833,7.514479,7.505781,7.935313,7.885573,8.594479,7.930782,7.888438,7.514531,7.854271,7.869479,8.635729,7.888073,7.565729,7.888281,7.889479,7.918438,8.400885,7.810312,7.572447,7.83375,8.029271,7.493646
14.959687,9.130625,9.235677,9.900782,9.90375,9.725312,9.749688,9.803073,10.421927,10.684532,9.764219,9.617136,9.82,9.873541,9.853386,10.128282,10.24349,10.08599,10.545573,10.260625,10.225156,9.61375,9.516666,9.951459,9.744635,10.103698,10.245052,9.207083,9.540729,9.48625
12.573802,6.747292,6.96302,7.52224,7.35,7.538802,7.383386,7.679948,21.499427,15.895885,14.255677,6.169323,6.611302,6.862552,6.488229,7.125573,7.550313,7.821979,7.730313,7.721823,7.612916,7.40625,7.896771,7.474687,7.517969,7.465156,7.574375,7.78276,7.817031,7.531667
11.716198,5.852708,5.673177,5.696093,5.65974,5.50849,5.505365,5.587084,5.793333,5.628229,5.77875,5.894114,5.643073,6.073646,5.684479,5.74,6.130938,5.608073,5.655938,5.641927,6.311459,6.496927,6.880521,6.090156,6.415469,6.486927,6.611198,6.161771,5.958594,5.983177
14.158802,7.991094,7.614062,27.287031,12.985885,18.242761,12.057396,23.943386,17.463177,7.726302,7.961354,8.191979,10.168125,10.128334,10.347865,9.300417,9.406719,9.340625,9.443438,9.5475,9.597552,10.879062,11.38349,10.364583,10.574531,10.830209,10.051614,10.674687,10.303333,10.456771
14.555885,8.64073,8.217656,9.185104,8.944323,9.212813,8.877344,8.799062,8.574115,8.418125,8.416823,8.573803,9.361458,8.892396,8.662188,8.862969,8.550521,8.908073,8.530417,9.155208,8.627553,8.63901,8.543438,8.596666,8.638437,8.912552,9.144219,9.422656,10.230677,9.09276
11.613802,6.494844,6.341041,5.875417,5.805677,6.570937,5.935,5.83599,6.266406,6.220573,5.799323,5.729427,6.323229,6.926094,6.567448,8.620261,6.351771,6.555,6.338334,6.449583,7.395625,6.25474,6.371719,6.047864,5.866354,6.440885,6.239271,6.696458,6.261458,6.005
11.05198,24.496198,11.826511,18.291718,29.461823,5.143542,5.179531,5.104584,5.249896,5.051146,5.17474,5.752083,5.398334,6.908385,7.206198,6.379166,6.381093,6.705781,5.84875,6.276771,6.181667,5.906771,6.205364,5.92099,5.841823,5.848593,6.164583,6.059531,6.085625,6.405833
14.509687,8.31276,8.084271,8.862969,8.742865,8.749687,8.35651,8.955938,9.006458,8.944791,8.567343,8.683281,11.407709,9.107292,9.240729,8.862813,9.502032,9.027552,8.694375,8.326042,8.700781,8.669739,8.949218,8.70323,8.386667,9.32651,8.901875,8.323073,8.904167,8.659896
14.90849,8.638906,18.617136,18.18823,13.744687,22.419792,13.471927,8.86401,20.465677,14.387239,8.12073,8.156198,9.05974,10.377344,9.989219,10.196666,9.875416,10.286979,10.261406,10.514114,11.891614,11.141041,9.865417,10.322083,9.94302,10.363229,10.310625,9.891562,10.398959,10.010312
14.054218,8.171406,8.110364,8.423802,8.267447,8.612708,8.803178,8.426667,8.665834,8.945677,8.337448,8.267344,7.910417,7.748177,7.733541,8.168386,7.889323,7.826406,8.386719,9.391355,10.400573,8.963906,8.973438,9.515729,8.913698,9.858021,8.930417,8.935781,8.80776,9.461354
11.040104,5.145833,5.735261,5.445156,5.436406,5.652135,8.060313,40.410052,5.841302,5.419219,5.703229,5.662969,5.710834,5.674219,5.330938,5.71177,5.670105,5.683958,5.684739,5.362604,5.693073,5.699011,6.058073,5.672135,5.368437,5.73302,5.689479,5.953854,6.330625,6.105
15.530625,9.218489,9.372812,9.603959,9.629375,9.727396,10.33,10.935261,10.443125,10.243542,9.97401,10.090729,9.79375,10.050521,10.251979,9.695052,9.649167,10.335781,10.026406,10.826823,10.03526,10.188854,10.399322,10.041459,10.039375,10.355729,10.337396,10.077708,10.068645,10.462396
12.982396,7.278281,6.826302,6.985416,22.966718,11.99625,16.442136,19.942917,24.89099,17.316823,6.703282,6.764687,7.714219,9.347136,9.264062,8.984895,9.371145,8.804375,8.807188,9.728802,9.358125,9.394479,8.971146,9.517031,8.887604,9.480989,10.185416,10.590937,9.936146,10.092969
12.996927,6.612968,7.145364,7.346719,7.837968,7.649531,7.326563,8.11651,7.314635,7.507239,7.292604,7.548125,7.470208,7.654114,8.04474,7.446667,7.957916,7.751771,7.951771,7.64625,7.864219,8.048802,8.150989,7.988021,7.608646,8.006407,7.962291,8.00599,7.718438,7.825729
12.429062,7.134688,6.82026,7.293333,7.858073,7.405416,6.993282,7.071875,7.628646,7.263593,7.381146,6.879844,8.309011,11.3325,7.479271,7.674687,7.549584,7.331042,7.315365,7.504219,7.197761,7.379219,7.932969,7.56125,7.529479,7.293958,7.245365,7.190678,7.14526,6.848177
12.990834,16.579063,15.786406,14.640521,26.657292,13.245937,6.781407,7.014844,6.935417,7.776979,8.160938,8.076823,7.745313,7.617448,7.73151,8.038229,8.315,7.507552,7.791771,8.107969,8.135677,7.492708,7.486719,7.270364,7.069323,6.835677,7.689947,7.622084,7.784688,7.835625
14.92875,8.745469,9.76625,9.157448,9.040521,9.255365,9.458073,9.352239,9.277656,9.754427,10.383438,8.736406,9.62901,9.558958,9.333385,8.837239,8.982448,9.302709,9.423854,9.775416,9.371198,9.065885,9.496094,9.443229,9.58,9.520364,9.002813,9.414271,8.852969,8.972448
14.685,7.773698,29.905989,18.095104,34.877239,21.235416,8.553125,7.980833,8.238125,8.946146,9.513802,9.542448,9.568594,10.425052,10.515105,10.415208,9.554375,9.614271,9.757552,9.705677,10.198229,11.162552,10.130782,9.921927,9.809948,9.492396,10.394479,10.1075,9.578541,10.123542
15.03401,9.469427,8.986667,9.59625,9.552709,9.118073,9.502761,9.625468,9.352031,9.240208,9.032396,9.70099,9.48375,9.525834,9.567136,9.445781,9.595729,9.587812,9.238907,9.559271,9.584167,9.550209,9.386511,8.957291,9.263594,9.48224,9.324896,9.532552,9.592968,9.611406
14.500729,9.233281,9.035521,8.457604,9.103125,9.134218,8.922292,28.377656,20.46276,9.247135,9.48724,9.123854,9.243073,8.995572,8.926563,9.076875,8.9475,8.186198,7.85625,7.872657,7.795208,7.70875,7.561458,7.710521,7.714323,7.652032,7.746458,7.709687,7.662187,7.688802
15.897656,9.699531,10.095521,9.997083,10.173333,10.188229,9.712552,10.238021,9.851458,9.682396,10.039792,10.310052,10.333489,10.336875,10.066302,9.875468,9.706355,10.283021,10.237813,9.635677,10.202708,9.891302,9.979635,10.306667,10.040052,10.20052,9.649427,9.938125,9.955156,10.364531
12.423906,6.116875,13.038125,34.332865,17.792656,24.281823,18.408073,22.326145,23.268906,6.555521,6.600365,6.592552,7.035937,7.053802,7.237604,6.605261,7.015938,7.067188,6.691198,7.036979,7.032657,6.558386,6.484271,7.016562,6.95,6.801302,7.052032,7.014167,6.505261,7.086458
14.859792,8.678229,8.918594,9.460208,9.821146,9.2925,9.698072,9.156146,9.494948,9.486927,11.661562,9.715313,10.331875,9.44349,9.34349,9.577343,9.225938,9.998802,9.810937,10.32474,9.499948,9.727656,9.621823,9.655312,9.647812,10.156093,9.272917,9.531875,9.526406,9.940313
14.768802,8.375521,8.335261,8.680053,9.003333,9.634323,9.646823,9.438229,9.249063,8.447239,11.680104,9.402136,9.542187,8.563125,9.094635,8.808386,9.517448,8.956667,8.877865,8.856979,9.255416,9.659635,8.944844,8.905105,8.90776,9.560677,9.695,8.930677,9.342761,9.021667
14.135729,29.632604,41.716771,25.483385,7.787032,8.383958,9.860416,9.944375,9.933489,9.543958,9.408177,9.404427,9.343125,9.068333,8.826354,9.479635,9.938385,8.90698,8.579062,8.313646,8.598594,9.331875,9.280468,8.647135,9.267188,8.365938,8.639479,9.063438,8.514635,8.608021
11.596459,5.660833,5.651979,5.574479,5.545677,5.600364,5.571823,5.620781,6.478072,5.683386,5.975573,6.01375,6.066823,6.668333,5.985885,6.265989,6.0775,6.646615,6.100313,6.241823,5.778438,5.917552,6.009427,6.033906,6.49948,6.637395,6.16276,6.054635,6.287448,5.778594
12.991719,6.791823,6.897396,29.374323,40.672448,24.583125,26.233958,7.244896,7.258333,8.545208,7.900886,8.227553,8.032084,8.141979,7.622031,8.124896,8.331458,8.262656,8.132604,7.938542,7.952188,8.165833,8.241927,8.569323,8.965208,8.412448,7.62625,7.886614,8.407188,8.026198
15.04375,9.587187,8.702239,9.373073,9.465781,9.538489,9.962761,9.884583,9.830104,9.179791,10.302969,10.197657,9.519479,9.424896,10.060209,9.753906,9.775,9.805104,9.659635,9.845156,9.751407,9.751094,9.665521,9.587865,9.621718,9.782083,9.528542,9.376458,9.519375,9.89099
15.037552,8.50026,8.317291,9.695834,9.076354,9.521459,9.063281,8.838177,31.059219,20.613802,8.452812,8.780417,8.753594,8.655416,8.839531,9.194167,9.780156,9.925677,9.247969,9.342448,8.756354,8.690261,9.241823,9.102083,9.138073,9.24349,9.151458,10.974167,9.93849,9.269063
15.194219,9.375,8.751823,8.692396,8.550781,8.72474,9.100209,9.216302,9.451146,9.710208,9.411094,9.458594,10.242344,9.303281,8.773437,9.221979,9.122032,9.571511,8.88224,8.553438,9.136459,8.556718,8.658177,8.542604,9.938437,9.185156,9.15599,10.93901,8.56974,8.57474
12.301771,6.00698,5.791875,5.898958,32.635416,8.908177,36.313073,20.82474,14.46375,20.811927,7.028594,6.661146,6.297917,6.895729,6.461718,6.188281,6.207552,6.620938,6.206303,6.533906,6.278437,6.776198,6.265156,6.74349,6.270468,6.691718,6.838646,6.249063,6.328073,7.176145
15.694583,9.442135,9.329636,9.536875,9.420052,9.827448,10.266302,10.425416,10.178177,10.403907,10.263907,11.217292,9.931198,10.393437,10.127864,9.917813,10.52276,10.697969,10.516198,10.485781,9.825729,10.066458,10.075833,10.000677,10.281197,10.493437,10.501146,10.502656,10.368593,10.406093
11.886823,6.127708,6.033386,5.674583,6.08474,6.374167,6.149167,6.121614,6.278854,6.358334,6.490521,6.6725,6.463073,6.41849,6.753073,6.200312,8.849583,7.012917,6.729687,6.295416,6.352864,6.611615,6.518802,6.417969,6.311198,6.272969,6.717187,6.296355,6.284792,6.290937
14.929271,27.500729,30.46026,21.141562,9.52724,8.718386,9.750573,11.072708,10.509635,10.488802,10.495781,10.483542,11.307917,11.109427,10.360104,11.055469,10.866562,10.585312,10.706459,10.55151,10.745938,10.885156,10.549531,10.502188,10.465625,10.564948,11.281094,10.566458,10.568645,11.034531
11.410364,5.50526,5.986927,5.555885,5.465573,5.878959,5.599479,5.960521,5.300364,6.440573,6.582083,6.471875,6.169271,6.550781,6.306042,5.750364,6.001198,6.524167,5.797396,5.744115,6.556823,6.527865,6.543489,6.811667,6.556718,6.131979,6.289844,6.57573,6.599166,6.556302
15.245417,8.135,24.83776,40.224583,15.499948,18.710885,18.279166,7.721094,7.648645,7.902032,8.177604,9.643489,9.802083,9.755052,10.526718,9.628542,9.345625,9.432136,10.375573,10.345573,10.694635,10.680052,11.01625,10.95974,9.944948,10.111041,9.491719,9.857291,9.738542,9.875
11.635364,5.78651,6.160989,5.657343,5.656771,5.483281,6.142396,6.120886,5.754271,6.449218,6.565938,6.56302,6.190365,6.14427,6.734062,6.438907,5.751198,7.900104,6.78849,6.24026,5.766042,6.147761,6.534844,6.113438,5.701667,5.853646,6.230052,5.727656,6.44125,5.744375
13.183073,6.750104,6.927031,6.595834,6.782292,6.99276,7.08927,7.269948,7.654166,30.366979,15.625521,7.230677,7.356407,7.214792,7.266406,6.913646,7.516666,7.338906,7.048958,7.626927,7.198437,7.303386,7.082656,7.356718,7.534323,7.062708,6.944531,6.827187,7.239844,7.545469
15.782708,6.781719,6.167917,6.435938,6.434948,6.131771,6.323229,6.209896,6.094531,6.297396,6.362292,6.763698,6.372083,6.856615,6.528646,6.754635,7.558698,6.808803,6.80849,6.793073,6.458281,6.737084,6.436667,6.42224,6.747552,6.822344,6.394479,7.017917,6.699323,6.686615
12.36302,6.321615,6.101979,42.928125,19.001666,30.881145,20.875833,19.755937,6.297448,6.205885,6.375,7.122395,8.505833,7.861667,8.461563,8.517708,8.106042,7.808385,8.348646,7.966145,8.621875,8.472188,8.694011,9.128958,9.728125,9.538386,8.690937,8.349635,8.516354,8.638906
11.18349,5.262968,5.294375,5.003282,5.05375,5.236198,5.29151,5.916562,5.341093,5.393229,5.650781,5.748802,5.673542,5.657448,5.944375,5.872813,5.94849,5.645417,5.735938,5.826875,5.90875,6.014479,5.468438,5.839688,6.170937,5.991459,5.653437,5.613802,6.039896,5.563489
14.306302,8.209896,8.450834,9.064583,8.564167,8.364219,8.719375,8.135365,8.14,8.622448,8.634896,8.569635,12.080417,8.692448,8.82849,8.5225,8.752761,8.846458,9.156094,8.596198,9.113073,9.156198,9.177916,9.210937,9.090937,8.557812,8.714167,8.746875,8.193959,8.916563
12.476979,30.165417,12.87599,26.373177,21.307552,6.996302,7.019843,7.22026,7.132604,7.450104,7.713333,7.461718,7.450677,7.908021,7.731406,7.70625,7.791771,8.188021,7.73099,7.779532,8.168125,8.067969,7.812917,7.813802,8.10026,7.709428,7.47901,7.440521,7.79375,7.681354
10.550208,4.55651,4.791146,4.296042,4.487656,4.612031,4.455208,4.795573,4.216146,4.692031,4.722291,5.733177,5.03875,5.087864,5.174479,5.168593,5.099635,5.145209,4.875,5.242604,5.214792,6.351302,5.334948,5.327656,5.317083,5.317292,4.894063,5.17,5.303229,5.158646
15.186511,8.139114,33.266094,15.535312,27.626927,11.610104,20.318907,16.006354,19.720781,8.099531,8.381719,8.369063,9.02724,9.634114,9.654844,9.433907,9.404062,9.42599,9.672395,9.359896,9.655677,10.33651,9.130104,9.539167,9.42474,9.66823,9.706146,9.405938,9.699167,9.679219
11.248698,5.384687,5.52323,5.455,5.693489,5.300729,5.265052,5.366614,5.355886,6.030937,6.100833,6.108073,5.41026,5.249635,5.228281,5.46375,5.877083,6.11474,5.475625,5.997187,6.34724,5.970104,5.465105,5.52849,5.596875,5.663281,5.47224,5.37974,6.071459,5.521303
12.539531,6.828906,6.705364,6.353072,6.344792,6.705625,6.518437,7.333125,25.969323,20.191771,14.403646,6.789323,6.862604,6.819166,6.770782,7.130729,6.732656,7.193593,6.904167,6.780833,7.112135,6.746354,7.224844,6.95151,7.120052,7.087708,6.89651,6.758803,7.209479,7.194115
13.347812,7.241979,7.637343,8.02651,8.878281,7.85875,7.977448,7.827135,8.726875,7.801614,8.082448,7.996875,7.959427,8.081823,7.529218,8.475938,8.13724,8.330938,7.855729,8.904583,7.827864,8.516875,8.340052,8.135416,7.782031,8.120052,9.129531,7.987188,8.160833,8.326718
12.364896,6.355312,6.569219,6.523489,33.63401,24.110104,18.587865,23.225521,12.889531,16.69375,12.180312,6.085573,6.212292,7.061927,8.503959,7.879219,8.473542,8.290052,8.367813,8.194479,8.412708,8.061458,7.874792,8.501198,8.194635,7.86948,7.954427,8.580313,7.991458,8.091771
8.323958,2.297656,2.452865,2.13125,2.318386,2.658958,2.331823,2.306303,2.071406,2.482656,2.44948,2.517657,2.072136,2.512188,2.0475,2.449479,2.11099,2.432708,2.112917,2.452761,2.459062,2.46625,2.204688,2.274792,2.809428,2.703229,2.40224,2.861146,2.54526,2.817188
8.736406,3.270105,3.285,3.409479,3.212448,3.265365,2.829895,3.299167,3.4425,3.453489,3.465989,2.992291,3.040312,3.557188,3.858177,3.79099,3.801719,3.402761,3.778802,3.455521,3.887709,4.00776,3.44427,3.861666,3.864167,3.464792,3.846094,3.447448,3.857813,7.064687
11.748958,13.593594,9.551771,8.214218,11.088438,4.941511,5.349791,5.368646,6.117656,6.297344,5.966197,5.846354,5.827657,6.004479,6.26776,5.741406,6.412917,5.637813,6.022292,6.109062,6.159166,6.514271,7.231042,7.175625,7.423229,6.836302,5.885885,5.838125,6.046979,5.735573
12.623282,6.139479,6.700365,7.31724,7.266822,7.165312,7.264844,7.250416,7.340573,6.858385,7.265104,7.301822,7.136406,6.810885,7.170208,7.162448,7.597761,7.043542,7.335104,6.990417,7.571198,6.994375,7.65026,7.216458,7.148542,6.991354,8.067917,7.141927,7.528021,7.086042
12.674688,11.216406,20.475573,24.370781,21.384583,24.725886,13.151407,11.560365,7.227813,7.51724,7.48698,7.866302,8.158177,7.785208,8.767396,7.745261,7.647187,8.509167,8.002343,7.769583,7.820573,7.490677,7.784479,7.870834,7.771302,7.777968,7.875782,8.164219,7.963229,7.807708
15.236354,9.088958,9.159323,9.030625,8.922292,9.354948,9.419323,9.098594,9.116823,9.061927,9.362917,8.785208,8.893177,8.496927,8.259532,8.167916,8.470052,8.576615,9.100833,11.471979,11.034427,10.386823,11.618593,10.511719,10.957396,12.90526,10.410469,10.367761,11.094687,10.595885
15.862813,9.795521,9.820209,10.731302,10.60276,10.552604,11.410573,30.996823,23.299375,9.741927,9.675416,10.525937,10.642448,10.849063,10.885782,10.492865,10.765261,10.551927,10.652396,10.734427,10.538907,10.840417,11.535,10.314583,10.633437,10.607292,10.665625,11.252552,10.888854,10.603645
14.608229,9.252813,8.602032,8.92125,8.80573,8.617604,9.384583,9.54125,9.589479,9.565521,9.864219,8.996823,9.525052,9.721563,9.630573,9.61474,9.439531,9.095885,9.354844,9.680521,9.520469,9.297968,9.312657,10.539115,9.282344,9.600104,9.617396,9.704739,9.333594,9.7775
17.95802,13.743594,25.250781,24.147344,33.410313,17.240677,21.301198,11.94,12.551407,13.315521,12.866093,12.955,13.400573,13.288542,12.9725,13.340677,13.2,13.723333,13.819166,12.694219,13.364844,13.078073,13.225625,13.176614,12.879791,12.888385,13.406563,13.255313,13.213386,13.184114
10.615938,4.415365,4.417136,4.765,4.265157,4.505573,4.496875,4.992239,4.466354,4.481094,4.914375,4.906667,4.934114,4.803542,5.034531,4.88099,5.798281,4.865885,4.943802,4.967552,4.920937,5.284896,5.391771,5.23125,5.775261,5.273646,5.012083,4.943542,5.334218,5.535521
11.86276,6.484271,18.265677,8.866666,21.611354,6.767031,7.107187,6.745834,6.860104,6.640937,6.633021,7.243229,7.138854,6.87,7.246302,7.301614,6.742604,7.077084,7.401927,7.286615,6.995313,6.751146,7.124375,7.049687,7.027656,7.236302,7.386979,6.750156,6.731667,7.171197
13.522657,7.970104,7.959479,8.525052,8.937708,8.65401,8.127188,8.396302,8.563646,8.330469,8.439584,10.526093,9.617812,8.140834,8.495782,8.404167,8.290104,8.42875,8.62,8.554062,8.54026,8.483385,8.469844,9.433386,8.184218,8.680052,8.429792,8.168593,8.504791,8.360208
17.129167,10.784167,28.785677,33.048958,14.764844,16.437292,23.063333,10.578438,11.424895,11.522291,11.589375,11.366927,11.394948,11.621198,11.38125,12.080989,11.515208,12.052396,12.494218,11.234688,11.705156,11.525938,11.607812,11.507396,11.424323,11.699791,11.721614,11.536875,11.532292,11.486354
16.306407,10.875521,10.533386,11.156771,10.77974,11.393958,11.659688,11.392396,11.403281,11.442969,12.105156,10.739427,11.451198,11.301666,11.768854,11.35823,11.293333,11.251198,11.556822,11.596146,11.296718,11.272708,10.76599,11.336979,11.321094,11.629688,11.273385,11.049895,11.360104,11.38875
12.754323,6.549792,6.550781,6.319375,6.503229,7.168645,7.151927,7.500365,7.609948,7.215781,7.364739,7.176979,7.361666,7.263333,7.123594,7.151614,7.074844,7.752343,7.345625,6.905468,7.61125,7.449375,7.395521,7.067761,7.295156,7.16474,7.301718,6.607604,7.139792,7.513907
11.840677,7.606615,17.510365,33.948281,13.908854,6.562135,6.520573,6.851354,6.845625,6.745053,6.349167,6.719375,6.72625,6.610156,7.060521,7.051302,6.834167,7.082604,7.317812,6.289687,6.569011,6.813073,6.645781,6.290312,7.016823,7.054322,6.438438,6.746927,6.775209,6.846302
10.181823,4.643854,4.359427,4.791927,4.334896,4.726719,4.646302,4.549375,4.511771,4.288177,4.53125,4.802864,4.895208,4.621146,4.680052,4.388437,4.794739,4.676719,4.436354,4.827031,4.873229,4.530104,4.905052,4.78349,5.195572,5.186302,5.280416,5.245782,5.677343,5.187239
9.484636,3.167135,2.84875,2.926875,2.907917,2.766093,23.12,7.342135,23.23099,20.254688,14.000052,16.548906,12.202083,2.626354,2.842552,2.539375,2.62474,2.958385,2.684792,2.696511,2.641562,2.827083,2.548645,2.88099,2.854427,2.571719,2.621406,2.86224,2.558177,2.803125
19.866094,14.038229,14.416146,14.418073,13.756666,14.062865,14.381458,13.672968,14.084948,14.140885,13.981979,14.524844,14.06901,14.325886,13.636563,14.225156,13.90323,14.286563,13.955261,13.555625,14.140833,13.562552,14.011615,13.802552,14.079271,14.644792,13.976562,14.052552,13.61875,14.034584
24.118855,50.217188,35.316458,19.734688,20.37276,20.129323,19.90651,19.989375,20.355417,20.117708,20.182917,20.043958,20.070312,20.314948,20.381198,20.120313,19.844427,19.914688,19.888697,19.733542,19.92,20.035885,19.993125,19.518021,19.968073,19.940886,19.647917,19.863594,19.420365,19.70099
31.721823,26.226823,26.369635,26.34625,26.368594,26.482344,26.243542,26.367708,25.987604,27.339271,26.509011,26.355729,26.088021,25.840834,26.595781,26.306146,26.223437,26.534167,26.13,26.642083,25.80125,26.082552,26.425833,26.31302,26.346771,26.187396,26.448333,26.350365,26.262135,26.193542
44.722604,54.537917,54.699531,40.03974,36.483958,38.726563,38.499792,38.475625,38.29625,38.053855,37.403854,37.274063,37.9175,37.804896,37.394063,38.104584,37.823646,37.799531,37.791041,37.700157,37.886615,38.014323,37.806198,37.889531,38.277708,37.810885,38.016563,37.743959,37.795052,37.865052
